# This file was produced by samtools stats (1.21+htslib-1.21) and can be plotted using plot-bamstats
# This file contains statistics for all reads.
# The command line was:  stats NC.Staphy2.10E_fixed_sorted.bam
# CHK, Checksum	[2]Read Names	[3]Sequences	[4]Qualities
# CHK, CRC32 of reads which passed filtering followed by addition (32bit overflow)
CHK	c5425dad	2aa30f19	248c0b2d
# Summary Numbers. Use `grep ^SN | cut -f 2-` to extract this part.
SN	raw total sequences:	83	# excluding supplementary and secondary reads
SN	filtered sequences:	0
SN	sequences:	83
SN	is sorted:	1
SN	1st fragments:	43
SN	last fragments:	40
SN	reads mapped:	83
SN	reads mapped and paired:	80	# paired-end technology bit set + both mates mapped
SN	reads unmapped:	0
SN	reads properly paired:	80	# proper-pair bit set
SN	reads paired:	83	# paired-end technology bit set
SN	reads duplicated:	0	# PCR or optical duplicate bit set
SN	reads MQ0:	0	# mapped and MQ=0
SN	reads QC failed:	0
SN	non-primary alignments:	0
SN	supplementary alignments:	0
SN	total length:	12517	# ignores clipping
SN	total first fragment length:	6491	# ignores clipping
SN	total last fragment length:	6026	# ignores clipping
SN	bases mapped:	12517	# ignores clipping
SN	bases mapped (cigar):	12517	# more accurate
SN	bases trimmed:	0
SN	bases duplicated:	0
SN	mismatches:	190	# from NM fields
SN	error rate:	1.517936e-02	# mismatches / bases mapped (cigar)
SN	average length:	151
SN	average first fragment length:	151
SN	average last fragment length:	151
SN	maximum length:	151
SN	maximum first fragment length:	151
SN	maximum last fragment length:	151
SN	average quality:	38.8
SN	insert size average:	391.3
SN	insert size standard deviation:	79.1
SN	inward oriented pairs:	40
SN	outward oriented pairs:	0
SN	pairs with other orientation:	0
SN	pairs on different chromosomes:	0
SN	percentage of properly paired reads (%):	96.4
# First Fragment Qualities. Use `grep ^FFQ | cut -f 2-` to extract this part.
# Columns correspond to qualities and rows to cycles. First column is the cycle number.
FFQ	1	0	0	0	0	0	0	0	0	0	0	0	0	1	0	0	0	0	0	0	0	0	0	0	0	0	0	0	0	0	0	0	0	42	0	0	0	0	0	0	0	0	0	0
FFQ	2	0	0	0	0	0	0	0	0	0	0	0	0	0	0	0	0	0	0	0	0	0	0	0	0	0	0	0	0	0	0	0	0	43	0	0	0	0	0	0	0	0	0	0
FFQ	3	0	0	0	0	0	0	0	0	0	0	0	0	1	0	0	0	0	0	0	0	0	0	0	0	0	0	0	1	0	0	0	0	2	0	0	0	0	39	0	0	0	0	0
FFQ	4	0	0	0	0	0	0	0	0	0	0	0	0	1	0	0	0	0	0	0	0	0	0	0	0	0	0	0	1	0	0	0	0	2	0	0	0	0	39	0	0	0	0	0
FFQ	5	0	0	0	0	0	0	0	0	0	0	0	0	1	0	0	0	0	0	0	0	0	0	0	0	0	0	0	0	0	0	0	0	2	0	0	0	0	40	0	0	0	0	0
FFQ	6	0	0	0	0	0	0	0	0	0	0	0	0	0	0	0	0	0	0	0	0	0	0	0	0	0	0	0	1	0	0	0	0	1	0	0	0	0	2	0	0	0	39	0
FFQ	7	0	0	0	0	0	0	0	0	0	0	0	0	0	0	0	0	0	0	0	0	0	0	0	0	0	0	0	1	0	0	0	0	1	0	0	0	0	3	0	0	0	38	0
FFQ	8	0	0	0	0	0	0	0	0	0	0	0	0	0	0	0	0	0	0	0	0	0	0	0	0	0	0	0	0	0	0	0	0	1	0	0	0	0	4	0	0	0	38	0
FFQ	9	0	0	0	0	0	0	0	0	0	0	0	0	0	0	0	0	0	0	0	0	0	0	0	0	0	0	0	0	0	0	0	0	0	0	0	0	0	1	0	0	0	42	0
FFQ	10	0	0	0	0	0	0	0	0	0	0	0	0	1	0	0	0	0	0	0	0	0	0	0	0	0	0	0	0	0	0	0	0	0	0	0	0	0	1	0	0	0	41	0
FFQ	11	0	0	0	0	0	0	0	0	0	0	0	0	0	0	0	0	0	0	0	0	0	0	0	0	0	0	0	0	0	0	0	0	0	0	0	0	0	0	0	0	0	43	0
FFQ	12	0	0	0	0	0	0	0	0	0	0	0	0	0	0	0	0	0	0	0	0	0	0	0	0	0	0	0	0	0	0	0	0	1	0	0	0	0	1	0	0	0	41	0
FFQ	13	0	0	0	0	0	0	0	0	0	0	0	0	0	0	0	0	0	0	0	0	0	0	0	0	0	0	0	0	0	0	0	0	0	0	0	0	0	2	0	0	0	41	0
FFQ	14	0	0	0	0	0	0	0	0	0	0	0	0	0	0	0	0	0	0	0	0	0	0	0	0	0	0	0	0	0	0	0	0	1	0	0	0	0	1	0	0	0	41	0
FFQ	15	0	0	0	0	0	0	0	0	0	0	0	0	1	0	0	0	0	0	0	0	0	0	0	0	0	0	0	0	0	0	0	0	0	0	0	0	0	0	0	0	0	42	0
FFQ	16	0	0	0	0	0	0	0	0	0	0	0	0	0	0	0	0	0	0	0	0	0	0	0	0	0	0	0	0	0	0	0	0	2	0	0	0	0	3	0	0	0	38	0
FFQ	17	0	0	0	0	0	0	0	0	0	0	0	0	0	0	0	0	0	0	0	0	0	0	0	0	0	0	0	1	0	0	0	0	0	0	0	0	0	1	0	0	0	41	0
FFQ	18	0	0	0	0	0	0	0	0	0	0	0	0	0	0	0	0	0	0	0	0	0	0	0	0	0	0	0	0	0	0	0	0	0	0	0	0	0	2	0	0	0	41	0
FFQ	19	0	0	0	0	0	0	0	0	0	0	0	0	0	0	0	0	0	0	0	0	0	0	1	0	0	0	0	0	0	0	0	0	0	0	0	0	0	1	0	0	0	41	0
FFQ	20	0	0	0	0	0	0	0	0	0	0	0	0	1	0	0	0	0	0	0	0	0	0	1	0	0	0	0	0	0	0	0	0	0	0	0	0	0	3	0	0	0	38	0
FFQ	21	0	0	0	0	0	0	0	0	0	0	0	0	0	0	0	0	0	0	0	0	0	0	1	0	0	0	0	0	0	0	0	0	0	0	0	0	0	3	0	0	0	39	0
FFQ	22	0	0	0	0	0	0	0	0	0	0	0	0	0	0	0	0	0	0	0	0	0	0	0	0	0	0	0	0	0	0	0	0	0	0	0	0	0	0	0	0	0	43	0
FFQ	23	0	0	0	0	0	0	0	0	0	0	0	0	0	0	0	0	0	0	0	0	0	0	0	0	0	0	0	0	0	0	0	0	1	0	0	0	0	0	0	0	0	42	0
FFQ	24	0	0	0	0	0	0	0	0	0	0	0	0	0	0	0	0	0	0	0	0	0	0	0	0	0	0	0	2	0	0	0	0	1	0	0	0	0	1	0	0	0	39	0
FFQ	25	0	0	0	0	0	0	0	0	0	0	0	0	0	0	0	0	0	0	0	0	0	0	0	0	0	0	0	0	0	0	0	0	0	0	0	0	0	4	0	0	0	39	0
FFQ	26	0	0	0	0	0	0	0	0	0	0	0	0	0	0	0	0	0	0	0	0	0	0	0	0	0	0	0	0	0	0	0	0	1	0	0	0	0	3	0	0	0	39	0
FFQ	27	0	0	0	0	0	0	0	0	0	0	0	0	0	0	0	0	0	0	0	0	0	0	0	0	0	0	0	0	0	0	0	0	0	0	0	0	0	3	0	0	0	40	0
FFQ	28	0	0	0	0	0	0	0	0	0	0	0	0	1	0	0	0	0	0	0	0	0	0	0	0	0	0	0	0	0	0	0	0	1	0	0	0	0	2	0	0	0	39	0
FFQ	29	0	0	0	0	0	0	0	0	0	0	0	0	1	0	0	0	0	0	0	0	0	0	0	0	0	0	0	1	0	0	0	0	0	0	0	0	0	2	0	0	0	39	0
FFQ	30	0	0	0	0	0	0	0	0	0	0	0	0	0	0	0	0	0	0	0	0	0	0	0	0	0	0	0	0	0	0	0	0	2	0	0	0	0	0	0	0	0	41	0
FFQ	31	0	0	0	0	0	0	0	0	0	0	0	0	1	0	0	0	0	0	0	0	0	0	0	0	0	0	0	0	0	0	0	0	0	0	0	0	0	3	0	0	0	39	0
FFQ	32	0	0	0	0	0	0	0	0	0	0	0	0	1	0	0	0	0	0	0	0	0	0	0	0	0	0	0	0	0	0	0	0	1	0	0	0	0	1	0	0	0	40	0
FFQ	33	0	0	0	0	0	0	0	0	0	0	0	0	1	0	0	0	0	0	0	0	0	0	0	0	0	0	0	0	0	0	0	0	0	0	0	0	0	2	0	0	0	40	0
FFQ	34	0	0	0	0	0	0	0	0	0	0	0	0	0	0	0	0	0	0	0	0	0	0	1	0	0	0	0	0	0	0	0	0	0	0	0	0	0	3	0	0	0	39	0
FFQ	35	0	0	0	0	0	0	0	0	0	0	0	0	0	0	0	0	0	0	0	0	0	0	0	0	0	0	0	1	0	0	0	0	0	0	0	0	0	6	0	0	0	36	0
FFQ	36	0	0	0	0	0	0	0	0	0	0	0	0	0	0	0	0	0	0	0	0	0	0	0	0	0	0	0	0	0	0	0	0	1	0	0	0	0	1	0	0	0	41	0
FFQ	37	0	0	0	0	0	0	0	0	0	0	0	0	1	0	0	0	0	0	0	0	0	0	0	0	0	0	0	0	0	0	0	0	0	0	0	0	0	2	0	0	0	40	0
FFQ	38	0	0	0	0	0	0	0	0	0	0	0	0	1	0	0	0	0	0	0	0	0	0	0	0	0	0	0	0	0	0	0	0	0	0	0	0	0	1	0	0	0	41	0
FFQ	39	0	0	0	0	0	0	0	0	0	0	0	0	2	0	0	0	0	0	0	0	0	0	0	0	0	0	0	1	0	0	0	0	1	0	0	0	0	1	0	0	0	38	0
FFQ	40	0	0	0	0	0	0	0	0	0	0	0	0	0	0	0	0	0	0	0	0	0	0	1	0	0	0	0	0	0	0	0	0	0	0	0	0	0	3	0	0	0	39	0
FFQ	41	0	0	0	0	0	0	0	0	0	0	0	0	0	0	0	0	0	0	0	0	0	0	0	0	0	0	0	1	0	0	0	0	0	0	0	0	0	3	0	0	0	39	0
FFQ	42	0	0	0	0	0	0	0	0	0	0	0	0	1	0	0	0	0	0	0	0	0	0	0	0	0	0	0	0	0	0	0	0	0	0	0	0	0	3	0	0	0	39	0
FFQ	43	0	0	0	0	0	0	0	0	0	0	0	0	0	0	0	0	0	0	0	0	0	0	0	0	0	0	0	1	0	0	0	0	0	0	0	0	0	1	0	0	0	41	0
FFQ	44	0	0	0	0	0	0	0	0	0	0	0	0	0	0	0	0	0	0	0	0	0	0	1	0	0	0	0	0	0	0	0	0	1	0	0	0	0	1	0	0	0	40	0
FFQ	45	0	0	0	0	0	0	0	0	0	0	0	0	0	0	0	0	0	0	0	0	0	0	0	0	0	0	0	1	0	0	0	0	0	0	0	0	0	3	0	0	0	39	0
FFQ	46	0	0	0	0	0	0	0	0	0	0	0	0	0	0	0	0	0	0	0	0	0	0	0	0	0	0	0	0	0	0	0	0	1	0	0	0	0	3	0	0	0	39	0
FFQ	47	0	0	0	0	0	0	0	0	0	0	0	0	0	0	0	0	0	0	0	0	0	0	0	0	0	0	0	0	0	0	0	0	1	0	0	0	0	1	0	0	0	41	0
FFQ	48	0	0	0	0	0	0	0	0	0	0	0	0	0	0	0	0	0	0	0	0	0	0	1	0	0	0	0	0	0	0	0	0	0	0	0	0	0	3	0	0	0	39	0
FFQ	49	0	0	0	0	0	0	0	0	0	0	0	0	1	0	0	0	0	0	0	0	0	0	0	0	0	0	0	0	0	0	0	0	1	0	0	0	0	6	0	0	0	35	0
FFQ	50	0	0	0	0	0	0	0	0	0	0	0	0	0	0	0	0	0	0	0	0	0	0	0	0	0	0	0	1	0	0	0	0	0	0	0	0	0	3	0	0	0	39	0
FFQ	51	0	0	0	0	0	0	0	0	0	0	0	0	0	0	0	0	0	0	0	0	0	0	0	0	0	0	0	0	0	0	0	0	2	0	0	0	0	3	0	0	0	38	0
FFQ	52	0	0	0	0	0	0	0	0	0	0	0	0	1	0	0	0	0	0	0	0	0	0	0	0	0	0	0	0	0	0	0	0	2	0	0	0	0	0	0	0	0	40	0
FFQ	53	0	0	0	0	0	0	0	0	0	0	0	0	0	0	0	0	0	0	0	0	0	0	0	0	0	0	0	0	0	0	0	0	0	0	0	0	0	7	0	0	0	36	0
FFQ	54	0	0	0	0	0	0	0	0	0	0	0	0	0	0	0	0	0	0	0	0	0	0	1	0	0	0	0	2	0	0	0	0	0	0	0	0	0	0	0	0	0	40	0
FFQ	55	0	0	0	0	0	0	0	0	0	0	0	0	1	0	0	0	0	0	0	0	0	0	0	0	0	0	0	0	0	0	0	0	1	0	0	0	0	2	0	0	0	39	0
FFQ	56	0	0	0	0	0	0	0	0	0	0	0	0	1	0	0	0	0	0	0	0	0	0	0	0	0	0	0	0	0	0	0	0	0	0	0	0	0	5	0	0	0	37	0
FFQ	57	0	0	0	0	0	0	0	0	0	0	0	0	1	0	0	0	0	0	0	0	0	0	1	0	0	0	0	0	0	0	0	0	1	0	0	0	0	3	0	0	0	37	0
FFQ	58	0	0	0	0	0	0	0	0	0	0	0	0	0	0	0	0	0	0	0	0	0	0	0	0	0	0	0	1	0	0	0	0	0	0	0	0	0	6	0	0	0	36	0
FFQ	59	0	0	0	0	0	0	0	0	0	0	0	0	0	0	0	0	0	0	0	0	0	0	1	0	0	0	0	1	0	0	0	0	0	0	0	0	0	2	0	0	0	39	0
FFQ	60	0	0	0	0	0	0	0	0	0	0	0	0	0	0	0	0	0	0	0	0	0	0	0	0	0	0	0	0	0	0	0	0	1	0	0	0	0	3	0	0	0	39	0
FFQ	61	0	0	0	0	0	0	0	0	0	0	0	0	0	0	0	0	0	0	0	0	0	0	0	0	0	0	0	2	0	0	0	0	0	0	0	0	0	1	0	0	0	40	0
FFQ	62	0	0	0	0	0	0	0	0	0	0	0	0	0	0	0	0	0	0	0	0	0	0	0	0	0	0	0	0	0	0	0	0	0	0	0	0	0	1	0	0	0	42	0
FFQ	63	0	0	0	0	0	0	0	0	0	0	0	0	0	0	0	0	0	0	0	0	0	0	0	0	0	0	0	0	0	0	0	0	0	0	0	0	0	3	0	0	0	40	0
FFQ	64	0	0	0	0	0	0	0	0	0	0	0	0	1	0	0	0	0	0	0	0	0	0	0	0	0	0	0	0	0	0	0	0	0	0	0	0	0	2	0	0	0	40	0
FFQ	65	0	0	0	0	0	0	0	0	0	0	0	0	0	0	0	0	0	0	0	0	0	0	0	0	0	0	0	0	0	0	0	0	1	0	0	0	0	2	0	0	0	40	0
FFQ	66	0	0	0	0	0	0	0	0	0	0	0	0	1	0	0	0	0	0	0	0	0	0	0	0	0	0	0	1	0	0	0	0	1	0	0	0	0	3	0	0	0	37	0
FFQ	67	0	0	0	0	0	0	0	0	0	0	0	0	0	0	0	0	0	0	0	0	0	0	0	0	0	0	0	0	0	0	0	0	1	0	0	0	0	1	0	0	0	41	0
FFQ	68	0	0	0	0	0	0	0	0	0	0	0	0	0	0	0	0	0	0	0	0	0	0	2	0	0	0	0	0	0	0	0	0	0	0	0	0	0	2	0	0	0	39	0
FFQ	69	0	0	0	0	0	0	0	0	0	0	0	0	0	0	0	0	0	0	0	0	0	0	0	0	0	0	0	1	0	0	0	0	3	0	0	0	0	2	0	0	0	37	0
FFQ	70	0	0	0	0	0	0	0	0	0	0	0	0	1	0	0	0	0	0	0	0	0	0	0	0	0	0	0	0	0	0	0	0	0	0	0	0	0	4	0	0	0	38	0
FFQ	71	0	0	0	0	0	0	0	0	0	0	0	0	1	0	0	0	0	0	0	0	0	0	1	0	0	0	0	0	0	0	0	0	1	0	0	0	0	2	0	0	0	38	0
FFQ	72	0	0	0	0	0	0	0	0	0	0	0	0	0	0	0	0	0	0	0	0	0	0	0	0	0	0	0	1	0	0	0	0	1	0	0	0	0	2	0	0	0	39	0
FFQ	73	0	0	0	0	0	0	0	0	0	0	0	0	1	0	0	0	0	0	0	0	0	0	0	0	0	0	0	0	0	0	0	0	0	0	0	0	0	1	0	0	0	41	0
FFQ	74	0	0	0	0	0	0	0	0	0	0	0	0	1	0	0	0	0	0	0	0	0	0	0	0	0	0	0	1	0	0	0	0	0	0	0	0	0	7	0	0	0	34	0
FFQ	75	0	0	0	0	0	0	0	0	0	0	0	0	0	0	0	0	0	0	0	0	0	0	0	0	0	0	0	1	0	0	0	0	1	0	0	0	0	2	0	0	0	39	0
FFQ	76	0	0	0	0	0	0	0	0	0	0	0	0	0	0	0	0	0	0	0	0	0	0	1	0	0	0	0	1	0	0	0	0	2	0	0	0	0	3	0	0	0	36	0
FFQ	77	0	0	0	0	0	0	0	0	0	0	0	0	0	0	0	0	0	0	0	0	0	0	0	0	0	0	0	0	0	0	0	0	2	0	0	0	0	11	0	0	0	30	0
FFQ	78	0	0	0	0	0	0	0	0	0	0	0	0	1	0	0	0	0	0	0	0	0	0	0	0	0	0	0	0	0	0	0	0	2	0	0	0	0	5	0	0	0	35	0
FFQ	79	0	0	0	0	0	0	0	0	0	0	0	0	0	0	0	0	0	0	0	0	0	0	0	0	0	0	0	1	0	0	0	0	0	0	0	0	0	5	0	0	0	37	0
FFQ	80	0	0	0	0	0	0	0	0	0	0	0	0	0	0	0	0	0	0	0	0	0	0	1	0	0	0	0	1	0	0	0	0	2	0	0	0	0	2	0	0	0	37	0
FFQ	81	0	0	0	0	0	0	0	0	0	0	0	0	1	0	0	0	0	0	0	0	0	0	0	0	0	0	0	1	0	0	0	0	0	0	0	0	0	1	0	0	0	40	0
FFQ	82	0	0	0	0	0	0	0	0	0	0	0	0	1	0	0	0	0	0	0	0	0	0	1	0	0	0	0	0	0	0	0	0	1	0	0	0	0	2	0	0	0	38	0
FFQ	83	0	0	0	0	0	0	0	0	0	0	0	0	0	0	0	0	0	0	0	0	0	0	0	0	0	0	0	2	0	0	0	0	1	0	0	0	0	4	0	0	0	36	0
FFQ	84	0	0	0	0	0	0	0	0	0	0	0	0	1	0	0	0	0	0	0	0	0	0	0	0	0	0	0	0	0	0	0	0	1	0	0	0	0	2	0	0	0	39	0
FFQ	85	0	0	0	0	0	0	0	0	0	0	0	0	0	0	0	0	0	0	0	0	0	0	1	0	0	0	0	1	0	0	0	0	0	0	0	0	0	1	0	0	0	40	0
FFQ	86	0	0	0	0	0	0	0	0	0	0	0	0	0	0	0	0	0	0	0	0	0	0	0	0	0	0	0	1	0	0	0	0	1	0	0	0	0	2	0	0	0	39	0
FFQ	87	0	0	0	0	0	0	0	0	0	0	0	0	1	0	0	0	0	0	0	0	0	0	0	0	0	0	0	0	0	0	0	0	2	0	0	0	0	4	0	0	0	36	0
FFQ	88	0	0	0	0	0	0	0	0	0	0	0	0	3	0	0	0	0	0	0	0	0	0	1	0	0	0	0	0	0	0	0	0	0	0	0	0	0	5	0	0	0	34	0
FFQ	89	0	0	0	0	0	0	0	0	0	0	0	0	0	0	0	0	0	0	0	0	0	0	1	0	0	0	0	2	0	0	0	0	4	0	0	0	0	2	0	0	0	34	0
FFQ	90	0	0	0	0	0	0	0	0	0	0	0	0	2	0	0	0	0	0	0	0	0	0	1	0	0	0	0	1	0	0	0	0	1	0	0	0	0	2	0	0	0	36	0
FFQ	91	0	0	0	0	0	0	0	0	0	0	0	0	2	0	0	0	0	0	0	0	0	0	1	0	0	0	0	1	0	0	0	0	2	0	0	0	0	6	0	0	0	31	0
FFQ	92	0	0	0	0	0	0	0	0	0	0	0	0	0	0	0	0	0	0	0	0	0	0	0	0	0	0	0	1	0	0	0	0	2	0	0	0	0	4	0	0	0	36	0
FFQ	93	0	0	0	0	0	0	0	0	0	0	0	0	1	0	0	0	0	0	0	0	0	0	0	0	0	0	0	0	0	0	0	0	0	0	0	0	0	6	0	0	0	36	0
FFQ	94	0	0	0	0	0	0	0	0	0	0	0	0	1	0	0	0	0	0	0	0	0	0	3	0	0	0	0	0	0	0	0	0	0	0	0	0	0	6	0	0	0	33	0
FFQ	95	0	0	0	0	0	0	0	0	0	0	0	0	0	0	0	0	0	0	0	0	0	0	0	0	0	0	0	1	0	0	0	0	2	0	0	0	0	4	0	0	0	36	0
FFQ	96	0	0	0	0	0	0	0	0	0	0	0	0	1	0	0	0	0	0	0	0	0	0	0	0	0	0	0	1	0	0	0	0	0	0	0	0	0	3	0	0	0	38	0
FFQ	97	0	0	0	0	0	0	0	0	0	0	0	0	0	0	0	0	0	0	0	0	0	0	0	0	0	0	0	1	0	0	0	0	2	0	0	0	0	2	0	0	0	38	0
FFQ	98	0	0	0	0	0	0	0	0	0	0	0	0	1	0	0	0	0	0	0	0	0	0	0	0	0	0	0	2	0	0	0	0	0	0	0	0	0	2	0	0	0	38	0
FFQ	99	0	0	0	0	0	0	0	0	0	0	0	0	2	0	0	0	0	0	0	0	0	0	0	0	0	0	0	0	0	0	0	0	1	0	0	0	0	3	0	0	0	37	0
FFQ	100	0	0	0	0	0	0	0	0	0	0	0	0	0	0	0	0	0	0	0	0	0	0	0	0	0	0	0	0	0	0	0	0	0	0	0	0	0	4	0	0	0	39	0
FFQ	101	0	0	0	0	0	0	0	0	0	0	0	0	0	0	0	0	0	0	0	0	0	0	1	0	0	0	0	0	0	0	0	0	0	0	0	0	0	2	0	0	0	40	0
FFQ	102	0	0	0	0	0	0	0	0	0	0	0	0	0	0	0	0	0	0	0	0	0	0	1	0	0	0	0	1	0	0	0	0	1	0	0	0	0	1	0	0	0	39	0
FFQ	103	0	0	0	0	0	0	0	0	0	0	0	0	1	0	0	0	0	0	0	0	0	0	0	0	0	0	0	0	0	0	0	0	1	0	0	0	0	3	0	0	0	38	0
FFQ	104	0	0	0	0	0	0	0	0	0	0	0	0	0	0	0	0	0	0	0	0	0	0	1	0	0	0	0	0	0	0	0	0	1	0	0	0	0	5	0	0	0	36	0
FFQ	105	0	0	0	0	0	0	0	0	0	0	0	0	0	0	0	0	0	0	0	0	0	0	2	0	0	0	0	0	0	0	0	0	1	0	0	0	0	1	0	0	0	39	0
FFQ	106	0	0	0	0	0	0	0	0	0	0	0	0	2	0	0	0	0	0	0	0	0	0	1	0	0	0	0	1	0	0	0	0	0	0	0	0	0	4	0	0	0	35	0
FFQ	107	0	0	0	0	0	0	0	0	0	0	0	0	2	0	0	0	0	0	0	0	0	0	0	0	0	0	0	0	0	0	0	0	1	0	0	0	0	4	0	0	0	36	0
FFQ	108	0	0	0	0	0	0	0	0	0	0	0	0	2	0	0	0	0	0	0	0	0	0	0	0	0	0	0	1	0	0	0	0	1	0	0	0	0	2	0	0	0	37	0
FFQ	109	0	0	0	0	0	0	0	0	0	0	0	0	2	0	0	0	0	0	0	0	0	0	2	0	0	0	0	1	0	0	0	0	1	0	0	0	0	2	0	0	0	35	0
FFQ	110	0	0	0	0	0	0	0	0	0	0	0	0	2	0	0	0	0	0	0	0	0	0	1	0	0	0	0	1	0	0	0	0	0	0	0	0	0	5	0	0	0	34	0
FFQ	111	0	0	0	0	0	0	0	0	0	0	0	0	1	0	0	0	0	0	0	0	0	0	0	0	0	0	0	1	0	0	0	0	1	0	0	0	0	4	0	0	0	36	0
FFQ	112	0	0	0	0	0	0	0	0	0	0	0	0	0	0	0	0	0	0	0	0	0	0	0	0	0	0	0	0	0	0	0	0	2	0	0	0	0	4	0	0	0	37	0
FFQ	113	0	0	0	0	0	0	0	0	0	0	0	0	1	0	0	0	0	0	0	0	0	0	0	0	0	0	0	0	0	0	0	0	2	0	0	0	0	3	0	0	0	37	0
FFQ	114	0	0	0	0	0	0	0	0	0	0	0	0	0	0	0	0	0	0	0	0	0	0	0	0	0	0	0	0	0	0	0	0	3	0	0	0	0	1	0	0	0	39	0
FFQ	115	0	0	0	0	0	0	0	0	0	0	0	0	1	0	0	0	0	0	0	0	0	0	0	0	0	0	0	1	0	0	0	0	1	0	0	0	0	5	0	0	0	35	0
FFQ	116	0	0	0	0	0	0	0	0	0	0	0	0	1	0	0	0	0	0	0	0	0	0	0	0	0	0	0	1	0	0	0	0	1	0	0	0	0	5	0	0	0	35	0
FFQ	117	0	0	0	0	0	0	0	0	0	0	0	0	1	0	0	0	0	0	0	0	0	0	0	0	0	0	0	0	0	0	0	0	0	0	0	0	0	1	0	0	0	41	0
FFQ	118	0	0	0	0	0	0	0	0	0	0	0	0	1	0	0	0	0	0	0	0	0	0	0	0	0	0	0	0	0	0	0	0	1	0	0	0	0	4	0	0	0	37	0
FFQ	119	0	0	0	0	0	0	0	0	0	0	0	0	1	0	0	0	0	0	0	0	0	0	1	0	0	0	0	1	0	0	0	0	0	0	0	0	0	4	0	0	0	36	0
FFQ	120	0	0	0	0	0	0	0	0	0	0	0	0	1	0	0	0	0	0	0	0	0	0	0	0	0	0	0	1	0	0	0	0	3	0	0	0	0	5	0	0	0	33	0
FFQ	121	0	0	0	0	0	0	0	0	0	0	0	0	0	0	0	0	0	0	0	0	0	0	0	0	0	0	0	1	0	0	0	0	0	0	0	0	0	4	0	0	0	38	0
FFQ	122	0	0	0	0	0	0	0	0	0	0	0	0	0	0	0	0	0	0	0	0	0	0	0	0	0	0	0	1	0	0	0	0	2	0	0	0	0	3	0	0	0	37	0
FFQ	123	0	0	0	0	0	0	0	0	0	0	0	0	1	0	0	0	0	0	0	0	0	0	0	0	0	0	0	0	0	0	0	0	2	0	0	0	0	2	0	0	0	38	0
FFQ	124	0	0	0	0	0	0	0	0	0	0	0	0	0	0	0	0	0	0	0	0	0	0	1	0	0	0	0	1	0	0	0	0	1	0	0	0	0	2	0	0	0	38	0
FFQ	125	0	0	0	0	0	0	0	0	0	0	0	0	0	0	0	0	0	0	0	0	0	0	0	0	0	0	0	0	0	0	0	0	2	0	0	0	0	3	0	0	0	38	0
FFQ	126	0	0	0	0	0	0	0	0	0	0	0	0	1	0	0	0	0	0	0	0	0	0	0	0	0	0	0	0	0	0	0	0	2	0	0	0	0	7	0	0	0	33	0
FFQ	127	0	0	0	0	0	0	0	0	0	0	0	0	1	0	0	0	0	0	0	0	0	0	0	0	0	0	0	1	0	0	0	0	1	0	0	0	0	4	0	0	0	36	0
FFQ	128	0	0	0	0	0	0	0	0	0	0	0	0	0	0	0	0	0	0	0	0	0	0	1	0	0	0	0	1	0	0	0	0	0	0	0	0	0	3	0	0	0	38	0
FFQ	129	0	0	0	0	0	0	0	0	0	0	0	0	0	0	0	0	0	0	0	0	0	0	2	0	0	0	0	0	0	0	0	0	1	0	0	0	0	4	0	0	0	36	0
FFQ	130	0	0	0	0	0	0	0	0	0	0	0	0	1	0	0	0	0	0	0	0	0	0	0	0	0	0	0	0	0	0	0	0	3	0	0	0	0	3	0	0	0	36	0
FFQ	131	0	0	0	0	0	0	0	0	0	0	0	0	0	0	0	0	0	0	0	0	0	0	1	0	0	0	0	0	0	0	0	0	2	0	0	0	0	3	0	0	0	37	0
FFQ	132	0	0	0	0	0	0	0	0	0	0	0	0	0	0	0	0	0	0	0	0	0	0	1	0	0	0	0	2	0	0	0	0	2	0	0	0	0	2	0	0	0	36	0
FFQ	133	0	0	0	0	0	0	0	0	0	0	0	0	0	0	0	0	0	0	0	0	0	0	1	0	0	0	0	0	0	0	0	0	1	0	0	0	0	7	0	0	0	34	0
FFQ	134	0	0	0	0	0	0	0	0	0	0	0	0	3	0	0	0	0	0	0	0	0	0	0	0	0	0	0	0	0	0	0	0	1	0	0	0	0	4	0	0	0	35	0
FFQ	135	0	0	0	0	0	0	0	0	0	0	0	0	0	0	0	0	0	0	0	0	0	0	1	0	0	0	0	0	0	0	0	0	1	0	0	0	0	9	0	0	0	32	0
FFQ	136	0	0	0	0	0	0	0	0	0	0	0	0	1	0	0	0	0	0	0	0	0	0	1	0	0	0	0	1	0	0	0	0	0	0	0	0	0	7	0	0	0	33	0
FFQ	137	0	0	0	0	0	0	0	0	0	0	0	0	1	0	0	0	0	0	0	0	0	0	0	0	0	0	0	1	0	0	0	0	1	0	0	0	0	4	0	0	0	36	0
FFQ	138	0	0	0	0	0	0	0	0	0	0	0	0	1	0	0	0	0	0	0	0	0	0	0	0	0	0	0	0	0	0	0	0	2	0	0	0	0	7	0	0	0	33	0
FFQ	139	0	0	0	0	0	0	0	0	0	0	0	0	0	0	0	0	0	0	0	0	0	0	1	0	0	0	0	3	0	0	0	0	0	0	0	0	0	5	0	0	0	34	0
FFQ	140	0	0	0	0	0	0	0	0	0	0	0	0	1	0	0	0	0	0	0	0	0	0	0	0	0	0	0	1	0	0	0	0	2	0	0	0	0	4	0	0	0	35	0
FFQ	141	0	0	0	0	0	0	0	0	0	0	0	0	0	0	0	0	0	0	0	0	0	0	1	0	0	0	0	1	0	0	0	0	2	0	0	0	0	3	0	0	0	36	0
FFQ	142	0	0	0	0	0	0	0	0	0	0	0	0	1	0	0	0	0	0	0	0	0	0	1	0	0	0	0	0	0	0	0	0	0	0	0	0	0	3	0	0	0	38	0
FFQ	143	0	0	0	0	0	0	0	0	0	0	0	0	2	0	0	0	0	0	0	0	0	0	0	0	0	0	0	1	0	0	0	0	1	0	0	0	0	6	0	0	0	33	0
FFQ	144	0	0	0	0	0	0	0	0	0	0	0	0	1	0	0	0	0	0	0	0	0	0	0	0	0	0	0	1	0	0	0	0	1	0	0	0	0	2	0	0	0	38	0
FFQ	145	0	0	0	0	0	0	0	0	0	0	0	0	0	0	0	0	0	0	0	0	0	0	2	0	0	0	0	0	0	0	0	0	2	0	0	0	0	9	0	0	0	30	0
FFQ	146	0	0	0	0	0	0	0	0	0	0	0	0	1	0	0	0	0	0	0	0	0	0	0	0	0	0	0	0	0	0	0	0	0	0	0	0	0	6	0	0	0	36	0
FFQ	147	0	0	0	0	0	0	0	0	0	0	0	0	1	0	0	0	0	0	0	0	0	0	0	0	0	0	0	1	0	0	0	0	0	0	0	0	0	7	0	0	0	34	0
FFQ	148	0	0	0	0	0	0	0	0	0	0	0	0	1	0	0	0	0	0	0	0	0	0	0	0	0	0	0	0	0	0	0	0	1	0	0	0	0	7	0	0	0	34	0
FFQ	149	0	0	0	0	0	0	0	0	0	0	0	0	0	0	0	0	0	0	0	0	0	0	0	0	0	0	0	1	0	0	0	0	1	0	0	0	0	2	0	0	0	39	0
FFQ	150	0	0	0	0	0	0	0	0	0	0	0	0	0	0	0	0	0	0	0	0	0	0	0	0	0	0	0	3	0	0	0	0	2	0	0	0	0	4	0	0	0	34	0
FFQ	151	0	0	0	0	0	0	0	0	0	0	0	0	0	0	0	0	0	0	0	0	0	0	3	0	0	0	0	2	0	0	0	0	3	0	0	0	0	4	0	0	0	29	0
# Last Fragment Qualities. Use `grep ^LFQ | cut -f 2-` to extract this part.
# Columns correspond to qualities and rows to cycles. First column is the cycle number.
LFQ	1	0	0	0	0	0	0	0	0	0	0	0	0	0	0	0	0	0	0	0	0	0	0	0	0	0	0	0	2	0	0	0	0	38	0	0	0	0	0	0	0	0	0	0
LFQ	2	0	0	0	0	0	0	0	0	0	0	0	0	2	0	0	0	0	0	0	0	0	0	0	0	0	0	0	2	0	0	0	0	36	0	0	0	0	0	0	0	0	0	0
LFQ	3	0	0	0	0	0	0	0	0	0	0	0	0	2	0	0	0	0	0	0	0	0	0	0	0	0	0	0	1	0	0	0	0	10	0	0	0	0	27	0	0	0	0	0
LFQ	4	0	0	0	0	0	0	0	0	0	0	0	0	3	0	0	0	0	0	0	0	0	0	1	0	0	0	0	0	0	0	0	0	4	0	0	0	0	32	0	0	0	0	0
LFQ	5	0	0	0	0	0	0	0	0	0	0	0	0	0	0	0	0	0	0	0	0	0	0	0	0	0	0	0	1	0	0	0	0	5	0	0	0	0	34	0	0	0	0	0
LFQ	6	0	0	0	0	0	0	0	0	0	0	0	0	1	0	0	0	0	0	0	0	0	0	0	0	0	0	0	0	0	0	0	0	1	0	0	0	0	5	0	0	0	33	0
LFQ	7	0	0	0	0	0	0	0	0	0	0	0	0	1	0	0	0	0	0	0	0	0	0	0	0	0	0	0	0	0	0	0	0	2	0	0	0	0	5	0	0	0	32	0
LFQ	8	0	0	0	0	0	0	0	0	0	0	0	0	2	0	0	0	0	0	0	0	0	0	0	0	0	0	0	1	0	0	0	0	1	0	0	0	0	3	0	0	0	33	0
LFQ	9	0	0	0	0	0	0	0	0	0	0	0	0	1	0	0	0	0	0	0	0	0	0	0	0	0	0	0	1	0	0	0	0	0	0	0	0	0	5	0	0	0	33	0
LFQ	10	0	0	0	0	0	0	0	0	0	0	0	0	1	0	0	0	0	0	0	0	0	0	0	0	0	0	0	0	0	0	0	0	3	0	0	0	0	6	0	0	0	30	0
LFQ	11	0	0	0	0	0	0	0	0	0	0	0	0	1	0	0	0	0	0	0	0	0	0	2	0	0	0	0	0	0	0	0	0	0	0	0	0	0	5	0	0	0	32	0
LFQ	12	0	0	0	0	0	0	0	0	0	0	0	0	1	0	0	0	0	0	0	0	0	0	0	0	0	0	0	0	0	0	0	0	2	0	0	0	0	5	0	0	0	32	0
LFQ	13	0	0	0	0	0	0	0	0	0	0	0	0	3	0	0	0	0	0	0	0	0	0	1	0	0	0	0	1	0	0	0	0	1	0	0	0	0	6	0	0	0	28	0
LFQ	14	0	0	0	0	0	0	0	0	0	0	0	0	3	0	0	0	0	0	0	0	0	0	0	0	0	0	0	1	0	0	0	0	1	0	0	0	0	4	0	0	0	31	0
LFQ	15	0	0	0	0	0	0	0	0	0	0	0	0	2	0	0	0	0	0	0	0	0	0	0	0	0	0	0	0	0	0	0	0	2	0	0	0	0	4	0	0	0	32	0
LFQ	16	0	0	0	0	0	0	0	0	0	0	0	0	0	0	0	0	0	0	0	0	0	0	2	0	0	0	0	1	0	0	0	0	0	0	0	0	0	3	0	0	0	34	0
LFQ	17	0	0	0	0	0	0	0	0	0	0	0	0	2	0	0	0	0	0	0	0	0	0	0	0	0	0	0	0	0	0	0	0	1	0	0	0	0	8	0	0	0	29	0
LFQ	18	0	0	0	0	0	0	0	0	0	0	0	0	3	0	0	0	0	0	0	0	0	0	1	0	0	0	0	0	0	0	0	0	0	0	0	0	0	2	0	0	0	34	0
LFQ	19	0	0	0	0	0	0	0	0	0	0	0	0	1	0	0	0	0	0	0	0	0	0	2	0	0	0	0	2	0	0	0	0	0	0	0	0	0	2	0	0	0	33	0
LFQ	20	0	0	0	0	0	0	0	0	0	0	0	0	0	0	0	0	0	0	0	0	0	0	0	0	0	0	0	4	0	0	0	0	1	0	0	0	0	6	0	0	0	29	0
LFQ	21	0	0	0	0	0	0	0	0	0	0	0	0	0	0	0	0	0	0	0	0	0	0	1	0	0	0	0	1	0	0	0	0	3	0	0	0	0	3	0	0	0	32	0
LFQ	22	0	0	0	0	0	0	0	0	0	0	0	0	0	0	0	0	0	0	0	0	0	0	1	0	0	0	0	2	0	0	0	0	2	0	0	0	0	2	0	0	0	33	0
LFQ	23	0	0	0	0	0	0	0	0	0	0	0	0	1	0	0	0	0	0	0	0	0	0	1	0	0	0	0	4	0	0	0	0	2	0	0	0	0	2	0	0	0	30	0
LFQ	24	0	0	0	0	0	0	0	0	0	0	0	0	1	0	0	0	0	0	0	0	0	0	1	0	0	0	0	1	0	0	0	0	3	0	0	0	0	3	0	0	0	31	0
LFQ	25	0	0	0	0	0	0	0	0	0	0	0	0	2	0	0	0	0	0	0	0	0	0	0	0	0	0	0	4	0	0	0	0	1	0	0	0	0	2	0	0	0	31	0
LFQ	26	0	0	0	0	0	0	0	0	0	0	0	0	2	0	0	0	0	0	0	0	0	0	1	0	0	0	0	2	0	0	0	0	1	0	0	0	0	5	0	0	0	29	0
LFQ	27	0	0	0	0	0	0	0	0	0	0	0	0	1	0	0	0	0	0	0	0	0	0	1	0	0	0	0	3	0	0	0	0	1	0	0	0	0	4	0	0	0	30	0
LFQ	28	0	0	0	0	0	0	0	0	0	0	0	0	2	0	0	0	0	0	0	0	0	0	0	0	0	0	0	2	0	0	0	0	0	0	0	0	0	6	0	0	0	30	0
LFQ	29	0	0	0	0	0	0	0	0	0	0	0	0	2	0	0	0	0	0	0	0	0	0	1	0	0	0	0	0	0	0	0	0	1	0	0	0	0	8	0	0	0	28	0
LFQ	30	0	0	0	0	0	0	0	0	0	0	0	0	1	0	0	0	0	0	0	0	0	0	0	0	0	0	0	2	0	0	0	0	2	0	0	0	0	5	0	0	0	30	0
LFQ	31	0	0	0	0	0	0	0	0	0	0	0	0	0	0	0	0	0	0	0	0	0	0	2	0	0	0	0	1	0	0	0	0	0	0	0	0	0	4	0	0	0	33	0
LFQ	32	0	0	0	0	0	0	0	0	0	0	0	0	0	0	0	0	0	0	0	0	0	0	0	0	0	0	0	2	0	0	0	0	3	0	0	0	0	7	0	0	0	28	0
LFQ	33	0	0	0	0	0	0	0	0	0	0	0	0	1	0	0	0	0	0	0	0	0	0	1	0	0	0	0	3	0	0	0	0	0	0	0	0	0	7	0	0	0	28	0
LFQ	34	0	0	0	0	0	0	0	0	0	0	0	0	1	0	0	0	0	0	0	0	0	0	0	0	0	0	0	0	0	0	0	0	1	0	0	0	0	6	0	0	0	32	0
LFQ	35	0	0	0	0	0	0	0	0	0	0	0	0	0	0	0	0	0	0	0	0	0	0	2	0	0	0	0	0	0	0	0	0	2	0	0	0	0	3	0	0	0	33	0
LFQ	36	0	0	0	0	0	0	0	0	0	0	0	0	0	0	0	0	0	0	0	0	0	0	0	0	0	0	0	3	0	0	0	0	1	0	0	0	0	4	0	0	0	32	0
LFQ	37	0	0	0	0	0	0	0	0	0	0	0	0	0	0	0	0	0	0	0	0	0	0	0	0	0	0	0	1	0	0	0	0	2	0	0	0	0	9	0	0	0	28	0
LFQ	38	0	0	0	0	0	0	0	0	0	0	0	0	2	0	0	0	0	0	0	0	0	0	0	0	0	0	0	2	0	0	0	0	0	0	0	0	0	3	0	0	0	33	0
LFQ	39	0	0	0	0	0	0	0	0	0	0	0	0	0	0	0	0	0	0	0	0	0	0	1	0	0	0	0	1	0	0	0	0	2	0	0	0	0	5	0	0	0	31	0
LFQ	40	0	0	0	0	0	0	0	0	0	0	0	0	1	0	0	0	0	0	0	0	0	0	0	0	0	0	0	2	0	0	0	0	2	0	0	0	0	6	0	0	0	29	0
LFQ	41	0	0	0	0	0	0	0	0	0	0	0	0	1	0	0	0	0	0	0	0	0	0	1	0	0	0	0	2	0	0	0	0	1	0	0	0	0	2	0	0	0	33	0
LFQ	42	0	0	0	0	0	0	0	0	0	0	0	0	1	0	0	0	0	0	0	0	0	0	2	0	0	0	0	3	0	0	0	0	1	0	0	0	0	6	0	0	0	27	0
LFQ	43	0	0	0	0	0	0	0	0	0	0	0	0	1	0	0	0	0	0	0	0	0	0	0	0	0	0	0	0	0	0	0	0	3	0	0	0	0	4	0	0	0	32	0
LFQ	44	0	0	0	0	0	0	0	0	0	0	0	0	1	0	0	0	0	0	0	0	0	0	0	0	0	0	0	2	0	0	0	0	2	0	0	0	0	4	0	0	0	31	0
LFQ	45	0	0	0	0	0	0	0	0	0	0	0	0	0	0	0	0	0	0	0	0	0	0	0	0	0	0	0	3	0	0	0	0	1	0	0	0	0	2	0	0	0	34	0
LFQ	46	0	0	0	0	0	0	0	0	0	0	0	0	2	0	0	0	0	0	0	0	0	0	0	0	0	0	0	0	0	0	0	0	5	0	0	0	0	4	0	0	0	29	0
LFQ	47	0	0	0	0	0	0	0	0	0	0	0	0	0	0	0	0	0	0	0	0	0	0	0	0	0	0	0	2	0	0	0	0	4	0	0	0	0	4	0	0	0	30	0
LFQ	48	0	0	0	0	0	0	0	0	0	0	0	0	2	0	0	0	0	0	0	0	0	0	1	0	0	0	0	1	0	0	0	0	1	0	0	0	0	8	0	0	0	27	0
LFQ	49	0	0	0	0	0	0	0	0	0	0	0	0	2	0	0	0	0	0	0	0	0	0	0	0	0	0	0	2	0	0	0	0	0	0	0	0	0	5	0	0	0	31	0
LFQ	50	0	0	0	0	0	0	0	0	0	0	0	0	1	0	0	0	0	0	0	0	0	0	1	0	0	0	0	1	0	0	0	0	2	0	0	0	0	6	0	0	0	29	0
LFQ	51	0	0	0	0	0	0	0	0	0	0	0	0	4	0	0	0	0	0	0	0	0	0	1	0	0	0	0	1	0	0	0	0	0	0	0	0	0	9	0	0	0	25	0
LFQ	52	0	0	0	0	0	0	0	0	0	0	0	0	1	0	0	0	0	0	0	0	0	0	1	0	0	0	0	1	0	0	0	0	1	0	0	0	0	8	0	0	0	28	0
LFQ	53	0	0	0	0	0	0	0	0	0	0	0	0	2	0	0	0	0	0	0	0	0	0	1	0	0	0	0	1	0	0	0	0	1	0	0	0	0	8	0	0	0	27	0
LFQ	54	0	0	0	0	0	0	0	0	0	0	0	0	2	0	0	0	0	0	0	0	0	0	2	0	0	0	0	1	0	0	0	0	3	0	0	0	0	3	0	0	0	29	0
LFQ	55	0	0	0	0	0	0	0	0	0	0	0	0	2	0	0	0	0	0	0	0	0	0	0	0	0	0	0	1	0	0	0	0	4	0	0	0	0	3	0	0	0	30	0
LFQ	56	0	0	0	0	0	0	0	0	0	0	0	0	1	0	0	0	0	0	0	0	0	0	1	0	0	0	0	1	0	0	0	0	3	0	0	0	0	6	0	0	0	28	0
LFQ	57	0	0	0	0	0	0	0	0	0	0	0	0	1	0	0	0	0	0	0	0	0	0	1	0	0	0	0	1	0	0	0	0	3	0	0	0	0	4	0	0	0	30	0
LFQ	58	0	0	0	0	0	0	0	0	0	0	0	0	2	0	0	0	0	0	0	0	0	0	0	0	0	0	0	2	0	0	0	0	2	0	0	0	0	5	0	0	0	29	0
LFQ	59	0	0	0	0	0	0	0	0	0	0	0	0	2	0	0	0	0	0	0	0	0	0	3	0	0	0	0	2	0	0	0	0	0	0	0	0	0	5	0	0	0	28	0
LFQ	60	0	0	0	0	0	0	0	0	0	0	0	0	2	0	0	0	0	0	0	0	0	0	0	0	0	0	0	3	0	0	0	0	5	0	0	0	0	2	0	0	0	28	0
LFQ	61	0	0	0	0	0	0	0	0	0	0	0	0	1	0	0	0	0	0	0	0	0	0	1	0	0	0	0	2	0	0	0	0	2	0	0	0	0	6	0	0	0	28	0
LFQ	62	0	0	0	0	0	0	0	0	0	0	0	0	0	0	0	0	0	0	0	0	0	0	0	0	0	0	0	4	0	0	0	0	0	0	0	0	0	4	0	0	0	32	0
LFQ	63	0	0	0	0	0	0	0	0	0	0	0	0	2	0	0	0	0	0	0	0	0	0	2	0	0	0	0	1	0	0	0	0	2	0	0	0	0	4	0	0	0	29	0
LFQ	64	0	0	0	0	0	0	0	0	0	0	0	0	1	0	0	0	0	0	0	0	0	0	0	0	0	0	0	1	0	0	0	0	2	0	0	0	0	7	0	0	0	29	0
LFQ	65	0	0	0	0	0	0	0	0	0	0	0	0	2	0	0	0	0	0	0	0	0	0	0	0	0	0	0	1	0	0	0	0	1	0	0	0	0	9	0	0	0	27	0
LFQ	66	0	0	0	0	0	0	0	0	0	0	0	0	1	0	0	0	0	0	0	0	0	0	1	0	0	0	0	2	0	0	0	0	1	0	0	0	0	4	0	0	0	31	0
LFQ	67	0	0	0	0	0	0	0	0	0	0	0	0	0	0	0	0	0	0	0	0	0	0	2	0	0	0	0	0	0	0	0	0	2	0	0	0	0	6	0	0	0	30	0
LFQ	68	0	0	0	0	0	0	0	0	0	0	0	0	1	0	0	0	0	0	0	0	0	0	1	0	0	0	0	0	0	0	0	0	2	0	0	0	0	9	0	0	0	27	0
LFQ	69	0	0	0	0	0	0	0	0	0	0	0	0	1	0	0	0	0	0	0	0	0	0	0	0	0	0	0	2	0	0	0	0	3	0	0	0	0	3	0	0	0	31	0
LFQ	70	0	0	0	0	0	0	0	0	0	0	0	0	1	0	0	0	0	0	0	0	0	0	1	0	0	0	0	1	0	0	0	0	4	0	0	0	0	4	0	0	0	29	0
LFQ	71	0	0	0	0	0	0	0	0	0	0	0	0	0	0	0	0	0	0	0	0	0	0	1	0	0	0	0	2	0	0	0	0	2	0	0	0	0	3	0	0	0	32	0
LFQ	72	0	0	0	0	0	0	0	0	0	0	0	0	1	0	0	0	0	0	0	0	0	0	2	0	0	0	0	0	0	0	0	0	1	0	0	0	0	4	0	0	0	32	0
LFQ	73	0	0	0	0	0	0	0	0	0	0	0	0	1	0	0	0	0	0	0	0	0	0	1	0	0	0	0	2	0	0	0	0	0	0	0	0	0	7	0	0	0	29	0
LFQ	74	0	0	0	0	0	0	0	0	0	0	0	0	1	0	0	0	0	0	0	0	0	0	1	0	0	0	0	0	0	0	0	0	1	0	0	0	0	4	0	0	0	33	0
LFQ	75	0	0	0	0	0	0	0	0	0	0	0	0	0	0	0	0	0	0	0	0	0	0	1	0	0	0	0	2	0	0	0	0	1	0	0	0	0	6	0	0	0	30	0
LFQ	76	0	0	0	0	0	0	0	0	0	0	0	0	0	0	0	0	0	0	0	0	0	0	0	0	0	0	0	1	0	0	0	0	4	0	0	0	0	7	0	0	0	28	0
LFQ	77	0	0	0	0	0	0	0	0	0	0	0	0	1	0	0	0	0	0	0	0	0	0	2	0	0	0	0	2	0	0	0	0	4	0	0	0	0	11	0	0	0	20	0
LFQ	78	0	0	0	0	0	0	0	0	0	0	0	0	3	0	0	0	0	0	0	0	0	0	1	0	0	0	0	2	0	0	0	0	1	0	0	0	0	7	0	0	0	26	0
LFQ	79	0	0	0	0	0	0	0	0	0	0	0	0	1	0	0	0	0	0	0	0	0	0	1	0	0	0	0	0	0	0	0	0	5	0	0	0	0	4	0	0	0	29	0
LFQ	80	0	0	0	0	0	0	0	0	0	0	0	0	1	0	0	0	0	0	0	0	0	0	1	0	0	0	0	0	0	0	0	0	1	0	0	0	0	7	0	0	0	30	0
LFQ	81	0	0	0	0	0	0	0	0	0	0	0	0	0	0	0	0	0	0	0	0	0	0	0	0	0	0	0	2	0	0	0	0	2	0	0	0	0	7	0	0	0	29	0
LFQ	82	0	0	0	0	0	0	0	0	0	0	0	0	1	0	0	0	0	0	0	0	0	0	0	0	0	0	0	0	0	0	0	0	2	0	0	0	0	5	0	0	0	32	0
LFQ	83	0	0	0	0	0	0	0	0	0	0	0	0	1	0	0	0	0	0	0	0	0	0	2	0	0	0	0	1	0	0	0	0	2	0	0	0	0	5	0	0	0	29	0
LFQ	84	0	0	0	0	0	0	0	0	0	0	0	0	3	0	0	0	0	0	0	0	0	0	0	0	0	0	0	1	0	0	0	0	2	0	0	0	0	4	0	0	0	30	0
LFQ	85	0	0	0	0	0	0	0	0	0	0	0	0	1	0	0	0	0	0	0	0	0	0	0	0	0	0	0	0	0	0	0	0	1	0	0	0	0	6	0	0	0	32	0
LFQ	86	0	0	0	0	0	0	0	0	0	0	0	0	1	0	0	0	0	0	0	0	0	0	1	0	0	0	0	0	0	0	0	0	1	0	0	0	0	9	0	0	0	28	0
LFQ	87	0	0	0	0	0	0	0	0	0	0	0	0	0	0	0	0	0	0	0	0	0	0	1	0	0	0	0	0	0	0	0	0	3	0	0	0	0	6	0	0	0	30	0
LFQ	88	0	0	0	0	0	0	0	0	0	0	0	0	0	0	0	0	0	0	0	0	0	0	2	0	0	0	0	2	0	0	0	0	2	0	0	0	0	4	0	0	0	30	0
LFQ	89	0	0	0	0	0	0	0	0	0	0	0	0	1	0	0	0	0	0	0	0	0	0	1	0	0	0	0	0	0	0	0	0	1	0	0	0	0	5	0	0	0	32	0
LFQ	90	0	0	0	0	0	0	0	0	0	0	0	0	0	0	0	0	0	0	0	0	0	0	2	0	0	0	0	0	0	0	0	0	5	0	0	0	0	3	0	0	0	30	0
LFQ	91	0	0	0	0	0	0	0	0	0	0	0	0	2	0	0	0	0	0	0	0	0	0	1	0	0	0	0	1	0	0	0	0	2	0	0	0	0	6	0	0	0	28	0
LFQ	92	0	0	0	0	0	0	0	0	0	0	0	0	4	0	0	0	0	0	0	0	0	0	1	0	0	0	0	1	0	0	0	0	0	0	0	0	0	6	0	0	0	28	0
LFQ	93	0	0	0	0	0	0	0	0	0	0	0	0	1	0	0	0	0	0	0	0	0	0	2	0	0	0	0	0	0	0	0	0	3	0	0	0	0	7	0	0	0	27	0
LFQ	94	0	0	0	0	0	0	0	0	0	0	0	0	2	0	0	0	0	0	0	0	0	0	0	0	0	0	0	2	0	0	0	0	4	0	0	0	0	7	0	0	0	25	0
LFQ	95	0	0	0	0	0	0	0	0	0	0	0	0	1	0	0	0	0	0	0	0	0	0	0	0	0	0	0	0	0	0	0	0	1	0	0	0	0	10	0	0	0	28	0
LFQ	96	0	0	0	0	0	0	0	0	0	0	0	0	0	0	0	0	0	0	0	0	0	0	2	0	0	0	0	2	0	0	0	0	1	0	0	0	0	3	0	0	0	32	0
LFQ	97	0	0	0	0	0	0	0	0	0	0	0	0	0	0	0	0	0	0	0	0	0	0	0	0	0	0	0	0	0	0	0	0	3	0	0	0	0	6	0	0	0	31	0
LFQ	98	0	0	0	0	0	0	0	0	0	0	0	0	1	0	0	0	0	0	0	0	0	0	1	0	0	0	0	0	0	0	0	0	1	0	0	0	0	3	0	0	0	34	0
LFQ	99	0	0	0	0	0	0	0	0	0	0	0	0	2	0	0	0	0	0	0	0	0	0	1	0	0	0	0	0	0	0	0	0	1	0	0	0	0	6	0	0	0	30	0
LFQ	100	0	0	0	0	0	0	0	0	0	0	0	0	1	0	0	0	0	0	0	0	0	0	1	0	0	0	0	0	0	0	0	0	4	0	0	0	0	6	0	0	0	28	0
LFQ	101	0	0	0	0	0	0	0	0	0	0	0	0	1	0	0	0	0	0	0	0	0	0	0	0	0	0	0	0	0	0	0	0	2	0	0	0	0	7	0	0	0	30	0
LFQ	102	0	0	0	0	0	0	0	0	0	0	0	0	1	0	0	0	0	0	0	0	0	0	1	0	0	0	0	2	0	0	0	0	2	0	0	0	0	4	0	0	0	30	0
LFQ	103	0	0	0	0	0	0	0	0	0	0	0	0	1	0	0	0	0	0	0	0	0	0	1	0	0	0	0	0	0	0	0	0	1	0	0	0	0	8	0	0	0	29	0
LFQ	104	0	0	0	0	0	0	0	0	0	0	0	0	2	0	0	0	0	0	0	0	0	0	1	0	0	0	0	0	0	0	0	0	5	0	0	0	0	7	0	0	0	25	0
LFQ	105	0	0	0	0	0	0	0	0	0	0	0	0	2	0	0	0	0	0	0	0	0	0	0	0	0	0	0	2	0	0	0	0	3	0	0	0	0	11	0	0	0	22	0
LFQ	106	0	0	0	0	0	0	0	0	0	0	0	0	3	0	0	0	0	0	0	0	0	0	0	0	0	0	0	1	0	0	0	0	3	0	0	0	0	7	0	0	0	26	0
LFQ	107	0	0	0	0	0	0	0	0	0	0	0	0	1	0	0	0	0	0	0	0	0	0	1	0	0	0	0	1	0	0	0	0	2	0	0	0	0	7	0	0	0	28	0
LFQ	108	0	0	0	0	0	0	0	0	0	0	0	0	4	0	0	0	0	0	0	0	0	0	2	0	0	0	0	0	0	0	0	0	2	0	0	0	0	4	0	0	0	28	0
LFQ	109	0	0	0	0	0	0	0	0	0	0	0	0	1	0	0	0	0	0	0	0	0	0	2	0	0	0	0	0	0	0	0	0	5	0	0	0	0	7	0	0	0	25	0
LFQ	110	0	0	0	0	0	0	0	0	0	0	0	0	2	0	0	0	0	0	0	0	0	0	1	0	0	0	0	2	0	0	0	0	3	0	0	0	0	3	0	0	0	29	0
LFQ	111	0	0	0	0	0	0	0	0	0	0	0	0	1	0	0	0	0	0	0	0	0	0	2	0	0	0	0	2	0	0	0	0	4	0	0	0	0	5	0	0	0	26	0
LFQ	112	0	0	0	0	0	0	0	0	0	0	0	0	1	0	0	0	0	0	0	0	0	0	1	0	0	0	0	1	0	0	0	0	3	0	0	0	0	9	0	0	0	25	0
LFQ	113	0	0	0	0	0	0	0	0	0	0	0	0	3	0	0	0	0	0	0	0	0	0	1	0	0	0	0	0	0	0	0	0	1	0	0	0	0	10	0	0	0	25	0
LFQ	114	0	0	0	0	0	0	0	0	0	0	0	0	1	0	0	0	0	0	0	0	0	0	0	0	0	0	0	1	0	0	0	0	5	0	0	0	0	13	0	0	0	20	0
LFQ	115	0	0	0	0	0	0	0	0	0	0	0	0	3	0	0	0	0	0	0	0	0	0	3	0	0	0	0	2	0	0	0	0	4	0	0	0	0	4	0	0	0	24	0
LFQ	116	0	0	0	0	0	0	0	0	0	0	0	0	0	0	0	0	0	0	0	0	0	0	1	0	0	0	0	2	0	0	0	0	5	0	0	0	0	10	0	0	0	22	0
LFQ	117	0	0	0	0	0	0	0	0	0	0	0	0	3	0	0	0	0	0	0	0	0	0	2	0	0	0	0	1	0	0	0	0	3	0	0	0	0	11	0	0	0	20	0
LFQ	118	0	0	0	0	0	0	0	0	0	0	0	0	1	0	0	0	0	0	0	0	0	0	2	0	0	0	0	3	0	0	0	0	2	0	0	0	0	9	0	0	0	23	0
LFQ	119	0	0	0	0	0	0	0	0	0	0	0	0	4	0	0	0	0	0	0	0	0	0	0	0	0	0	0	0	0	0	0	0	1	0	0	0	0	10	0	0	0	25	0
LFQ	120	0	0	0	0	0	0	0	0	0	0	0	0	2	0	0	0	0	0	0	0	0	0	1	0	0	0	0	1	0	0	0	0	3	0	0	0	0	7	0	0	0	26	0
LFQ	121	0	0	0	0	0	0	0	0	0	0	0	0	1	0	0	0	0	0	0	0	0	0	2	0	0	0	0	2	0	0	0	0	4	0	0	0	0	6	0	0	0	25	0
LFQ	122	0	0	0	0	0	0	0	0	0	0	0	0	2	0	0	0	0	0	0	0	0	0	3	0	0	0	0	5	0	0	0	0	2	0	0	0	0	4	0	0	0	24	0
LFQ	123	0	0	0	0	0	0	0	0	0	0	0	0	4	0	0	0	0	0	0	0	0	0	1	0	0	0	0	2	0	0	0	0	3	0	0	0	0	10	0	0	0	20	0
LFQ	124	0	0	0	0	0	0	0	0	0	0	0	0	1	0	0	0	0	0	0	0	0	0	1	0	0	0	0	2	0	0	0	0	3	0	0	0	0	10	0	0	0	23	0
LFQ	125	0	0	0	0	0	0	0	0	0	0	0	0	3	0	0	0	0	0	0	0	0	0	1	0	0	0	0	1	0	0	0	0	0	0	0	0	0	11	0	0	0	24	0
LFQ	126	0	0	0	0	0	0	0	0	0	0	0	0	1	0	0	0	0	0	0	0	0	0	4	0	0	0	0	1	0	0	0	0	2	0	0	0	0	3	0	0	0	29	0
LFQ	127	0	0	0	0	0	0	0	0	0	0	0	0	1	0	0	0	0	0	0	0	0	0	1	0	0	0	0	3	0	0	0	0	3	0	0	0	0	6	0	0	0	26	0
LFQ	128	0	0	0	0	0	0	0	0	0	0	0	0	1	0	0	0	0	0	0	0	0	0	1	0	0	0	0	1	0	0	0	0	6	0	0	0	0	6	0	0	0	25	0
LFQ	129	0	0	0	0	0	0	0	0	0	0	0	0	1	0	0	0	0	0	0	0	0	0	3	0	0	0	0	0	0	0	0	0	3	0	0	0	0	7	0	0	0	26	0
LFQ	130	0	0	0	0	0	0	0	0	1	0	0	0	2	0	0	0	0	0	0	0	0	0	4	0	0	0	0	0	0	0	0	0	4	0	0	0	0	5	0	0	0	24	0
LFQ	131	0	0	0	0	0	0	0	0	0	0	0	0	2	0	0	0	0	0	0	0	0	0	1	0	0	0	0	2	0	0	0	0	7	0	0	0	0	8	0	0	0	20	0
LFQ	132	0	0	0	0	0	0	0	0	0	0	0	0	3	0	0	0	0	0	0	0	0	0	0	0	0	0	0	2	0	0	0	0	4	0	0	0	0	4	0	0	0	27	0
LFQ	133	0	0	0	0	0	0	0	0	0	0	0	0	3	0	0	0	0	0	0	0	0	0	1	0	0	0	0	3	0	0	0	0	5	0	0	0	0	5	0	0	0	23	0
LFQ	134	0	0	0	0	0	0	0	0	0	0	0	0	2	0	0	0	0	0	0	0	0	0	0	0	0	0	0	2	0	0	0	0	4	0	0	0	0	10	0	0	0	22	0
LFQ	135	0	0	0	0	0	0	0	0	0	0	0	0	1	0	0	0	0	0	0	0	0	0	2	0	0	0	0	2	0	0	0	0	8	0	0	0	0	1	0	0	0	26	0
LFQ	136	0	0	0	0	0	0	0	0	0	0	0	0	2	0	0	0	0	0	0	0	0	0	1	0	0	0	0	1	0	0	0	0	5	0	0	0	0	4	0	0	0	27	0
LFQ	137	0	0	0	0	0	0	0	0	0	0	0	0	1	0	0	0	0	0	0	0	0	0	1	0	0	0	0	2	0	0	0	0	2	0	0	0	0	6	0	0	0	28	0
LFQ	138	0	0	0	0	0	0	0	0	0	0	0	0	3	0	0	0	0	0	0	0	0	0	0	0	0	0	0	0	0	0	0	0	3	0	0	0	0	6	0	0	0	28	0
LFQ	139	0	0	0	0	0	0	0	0	0	0	0	0	2	0	0	0	0	0	0	0	0	0	0	0	0	0	0	2	0	0	0	0	6	0	0	0	0	10	0	0	0	20	0
LFQ	140	0	0	0	0	0	0	0	0	0	0	0	0	2	0	0	0	0	0	0	0	0	0	0	0	0	0	0	0	0	0	0	0	5	0	0	0	0	7	0	0	0	26	0
LFQ	141	0	0	0	0	0	0	0	0	0	0	0	0	2	0	0	0	0	0	0	0	0	0	2	0	0	0	0	1	0	0	0	0	5	0	0	0	0	4	0	0	0	26	0
LFQ	142	0	0	0	0	0	0	0	0	0	0	0	0	2	0	0	0	0	0	0	0	0	0	1	0	0	0	0	2	0	0	0	0	6	0	0	0	0	7	0	0	0	22	0
LFQ	143	0	0	0	0	0	0	0	0	1	0	0	0	3	0	0	0	0	0	0	0	0	0	1	0	0	0	0	1	0	0	0	0	4	0	0	0	0	6	0	0	0	24	0
LFQ	144	0	0	0	0	0	0	0	0	0	0	0	0	1	0	0	0	0	0	0	0	0	0	1	0	0	0	0	2	0	0	0	0	2	0	0	0	0	8	0	0	0	26	0
LFQ	145	0	0	0	0	0	0	0	0	1	0	0	0	2	0	0	0	0	0	0	0	0	0	2	0	0	0	0	4	0	0	0	0	4	0	0	0	0	3	0	0	0	24	0
LFQ	146	0	0	0	0	0	0	0	0	1	0	0	0	1	0	0	0	0	0	0	0	0	0	2	0	0	0	0	2	0	0	0	0	6	0	0	0	0	11	0	0	0	17	0
LFQ	147	0	0	0	0	0	0	0	0	0	0	0	0	0	0	0	0	0	0	0	0	0	0	1	0	0	0	0	3	0	0	0	0	4	0	0	0	0	10	0	0	0	22	0
LFQ	148	0	0	0	0	0	0	0	0	1	0	0	0	1	0	0	0	0	0	0	0	0	0	1	0	0	0	0	1	0	0	0	0	2	0	0	0	0	6	0	0	0	27	0
LFQ	149	0	0	0	0	0	0	0	0	0	0	0	0	2	0	0	0	0	0	0	0	0	0	3	0	0	0	0	4	0	0	0	0	3	0	0	0	0	6	0	0	0	20	0
LFQ	150	0	0	0	0	0	0	0	0	0	0	0	0	2	0	0	0	0	0	0	0	0	0	2	0	0	0	0	4	0	0	0	0	4	0	0	0	0	4	0	0	0	20	0
LFQ	151	0	0	0	0	0	0	0	0	0	0	0	0	0	0	0	0	0	0	0	0	0	0	2	0	0	0	0	4	0	0	0	0	6	0	0	0	0	9	0	0	0	12	0
# GC Content of first fragments. Use `grep ^GCF | cut -f 2-` to extract this part.
GCF	10.05	0
GCF	20.60	1
GCF	22.61	0
GCF	24.62	1
GCF	25.38	0
GCF	25.88	1
GCF	26.63	2
GCF	27.39	1
GCF	27.89	2
GCF	28.39	0
GCF	29.15	2
GCF	29.90	4
GCF	30.40	3
GCF	31.16	0
GCF	31.91	2
GCF	32.41	6
GCF	33.17	1
GCF	34.17	3
GCF	34.92	1
GCF	35.43	0
GCF	36.18	1
GCF	37.19	3
GCF	37.94	0
GCF	38.44	2
GCF	39.20	3
GCF	40.70	0
GCF	42.21	1
# GC Content of last fragments. Use `grep ^GCL | cut -f 2-` to extract this part.
GCL	11.06	0
GCL	22.86	1
GCL	24.37	0
GCL	25.63	1
GCL	26.63	0
GCL	27.39	1
GCL	27.89	0
GCL	28.39	2
GCL	28.89	3
GCL	29.40	4
GCL	29.90	1
GCL	30.40	0
GCL	31.16	2
GCL	31.91	0
GCL	32.41	2
GCL	32.91	4
GCL	33.67	3
GCL	34.42	2
GCL	35.18	4
GCL	35.93	1
GCL	36.43	2
GCL	37.19	0
GCL	37.94	1
GCL	38.44	2
GCL	38.94	0
GCL	39.45	1
GCL	39.95	0
GCL	40.45	3
GCL	40.95	0
GCL	41.71	1
GCL	43.22	0
GCL	44.47	1
# ACGT content per cycle. Use `grep ^GCC | cut -f 2-` to extract this part. The columns are: cycle; A,C,G,T base counts as a percentage of all A/C/G/T bases [%]; and N and O counts as a percentage of all A/C/G/T bases [%]
GCC	1	33.73	10.84	13.25	42.17	0.00	0.00
GCC	2	32.53	13.25	16.87	37.35	0.00	0.00
GCC	3	30.12	16.87	21.69	31.33	0.00	0.00
GCC	4	26.51	24.10	15.66	33.73	0.00	0.00
GCC	5	24.10	20.48	21.69	33.73	0.00	0.00
GCC	6	38.55	10.84	16.87	33.73	0.00	0.00
GCC	7	39.76	19.28	9.64	31.33	0.00	0.00
GCC	8	42.17	15.66	14.46	27.71	0.00	0.00
GCC	9	28.92	19.28	18.07	33.73	0.00	0.00
GCC	10	37.35	14.46	16.87	31.33	0.00	0.00
GCC	11	36.14	10.84	15.66	37.35	0.00	0.00
GCC	12	32.53	14.46	10.84	42.17	0.00	0.00
GCC	13	28.92	24.10	14.46	32.53	0.00	0.00
GCC	14	37.35	14.46	13.25	34.94	0.00	0.00
GCC	15	27.71	14.46	15.66	42.17	0.00	0.00
GCC	16	34.94	20.48	18.07	26.51	0.00	0.00
GCC	17	38.55	13.25	21.69	26.51	0.00	0.00
GCC	18	32.53	12.05	13.25	42.17	0.00	0.00
GCC	19	30.12	13.25	18.07	38.55	0.00	0.00
GCC	20	30.12	15.66	20.48	33.73	0.00	0.00
GCC	21	28.92	13.25	19.28	38.55	0.00	0.00
GCC	22	25.30	18.07	16.87	39.76	0.00	0.00
GCC	23	25.30	16.87	19.28	38.55	0.00	0.00
GCC	24	31.33	12.05	20.48	36.14	0.00	0.00
GCC	25	32.53	13.25	16.87	37.35	0.00	0.00
GCC	26	32.53	9.64	18.07	39.76	0.00	0.00
GCC	27	30.12	15.66	10.84	43.37	0.00	0.00
GCC	28	31.33	22.89	16.87	28.92	0.00	0.00
GCC	29	31.33	16.87	20.48	31.33	0.00	0.00
GCC	30	32.53	14.46	20.48	32.53	0.00	0.00
GCC	31	30.12	13.25	8.43	48.19	0.00	0.00
GCC	32	34.94	18.07	10.84	36.14	0.00	0.00
GCC	33	38.55	14.46	14.46	32.53	0.00	0.00
GCC	34	27.71	16.87	16.87	38.55	0.00	0.00
GCC	35	24.10	21.69	22.89	31.33	0.00	0.00
GCC	36	42.17	14.46	18.07	25.30	0.00	0.00
GCC	37	30.12	22.89	18.07	28.92	0.00	0.00
GCC	38	34.94	24.10	13.25	27.71	0.00	0.00
GCC	39	37.35	16.87	8.43	37.35	0.00	0.00
GCC	40	30.12	16.87	15.66	37.35	0.00	0.00
GCC	41	26.51	12.05	25.30	36.14	0.00	0.00
GCC	42	27.71	20.48	18.07	33.73	0.00	0.00
GCC	43	20.48	22.89	26.51	30.12	0.00	0.00
GCC	44	25.30	20.48	25.30	28.92	0.00	0.00
GCC	45	38.55	14.46	15.66	31.33	0.00	0.00
GCC	46	38.55	8.43	13.25	39.76	0.00	0.00
GCC	47	37.35	12.05	10.84	39.76	0.00	0.00
GCC	48	28.92	20.48	16.87	33.73	0.00	0.00
GCC	49	44.58	9.64	14.46	31.33	0.00	0.00
GCC	50	32.53	20.48	8.43	38.55	0.00	0.00
GCC	51	37.35	13.25	18.07	31.33	0.00	0.00
GCC	52	38.55	13.25	15.66	32.53	0.00	0.00
GCC	53	27.71	15.66	16.87	39.76	0.00	0.00
GCC	54	33.73	12.05	18.07	36.14	0.00	0.00
GCC	55	25.30	13.25	19.28	42.17	0.00	0.00
GCC	56	25.30	22.89	12.05	39.76	0.00	0.00
GCC	57	32.53	13.25	18.07	36.14	0.00	0.00
GCC	58	26.51	22.89	13.25	37.35	0.00	0.00
GCC	59	24.10	20.48	19.28	36.14	0.00	0.00
GCC	60	24.10	13.25	18.07	44.58	0.00	0.00
GCC	61	18.07	18.07	18.07	45.78	0.00	0.00
GCC	62	32.53	14.46	18.07	34.94	0.00	0.00
GCC	63	31.33	18.07	14.46	36.14	0.00	0.00
GCC	64	36.14	15.66	10.84	37.35	0.00	0.00
GCC	65	34.94	22.89	15.66	26.51	0.00	0.00
GCC	66	30.12	20.48	13.25	36.14	0.00	0.00
GCC	67	25.30	19.28	15.66	39.76	0.00	0.00
GCC	68	46.99	9.64	12.05	31.33	0.00	0.00
GCC	69	45.78	8.43	13.25	32.53	0.00	0.00
GCC	70	42.17	13.25	14.46	30.12	0.00	0.00
GCC	71	25.30	16.87	18.07	39.76	0.00	0.00
GCC	72	32.53	8.43	19.28	39.76	0.00	0.00
GCC	73	25.30	24.10	13.25	37.35	0.00	0.00
GCC	74	28.92	15.66	16.87	38.55	0.00	0.00
GCC	75	25.30	25.30	20.48	28.92	0.00	0.00
GCC	76	33.73	18.07	9.64	38.55	0.00	0.00
GCC	77	32.53	19.28	13.25	34.94	0.00	0.00
GCC	78	36.14	12.05	16.87	34.94	0.00	0.00
GCC	79	26.51	22.89	15.66	34.94	0.00	0.00
GCC	80	27.71	26.51	16.87	28.92	0.00	0.00
GCC	81	40.96	13.25	18.07	27.71	0.00	0.00
GCC	82	34.94	20.48	12.05	32.53	0.00	0.00
GCC	83	25.30	9.64	28.92	36.14	0.00	0.00
GCC	84	27.71	15.66	20.48	36.14	0.00	0.00
GCC	85	33.73	20.48	16.87	28.92	0.00	0.00
GCC	86	30.12	13.25	19.28	37.35	0.00	0.00
GCC	87	27.71	13.25	13.25	45.78	0.00	0.00
GCC	88	30.12	13.25	15.66	40.96	0.00	0.00
GCC	89	26.51	20.48	26.51	26.51	0.00	0.00
GCC	90	30.12	15.66	16.87	37.35	0.00	0.00
GCC	91	27.71	19.28	10.84	42.17	0.00	0.00
GCC	92	27.71	19.28	18.07	34.94	0.00	0.00
GCC	93	39.76	14.46	13.25	32.53	0.00	0.00
GCC	94	37.35	12.05	20.48	30.12	0.00	0.00
GCC	95	24.10	21.69	20.48	33.73	0.00	0.00
GCC	96	36.14	16.87	12.05	34.94	0.00	0.00
GCC	97	34.94	15.66	20.48	28.92	0.00	0.00
GCC	98	32.53	9.64	14.46	43.37	0.00	0.00
GCC	99	37.35	12.05	14.46	36.14	0.00	0.00
GCC	100	38.55	16.87	9.64	34.94	0.00	0.00
GCC	101	25.30	20.48	15.66	38.55	0.00	0.00
GCC	102	30.12	13.25	20.48	36.14	0.00	0.00
GCC	103	33.73	19.28	14.46	32.53	0.00	0.00
GCC	104	25.30	18.07	25.30	31.33	0.00	0.00
GCC	105	36.14	14.46	13.25	36.14	0.00	0.00
GCC	106	31.33	15.66	15.66	37.35	0.00	0.00
GCC	107	37.35	14.46	20.48	27.71	0.00	0.00
GCC	108	32.53	16.87	18.07	32.53	0.00	0.00
GCC	109	32.53	20.48	21.69	25.30	0.00	0.00
GCC	110	32.53	16.87	15.66	34.94	0.00	0.00
GCC	111	30.12	16.87	12.05	40.96	0.00	0.00
GCC	112	33.73	21.69	10.84	33.73	0.00	0.00
GCC	113	25.30	20.48	24.10	30.12	0.00	0.00
GCC	114	28.92	19.28	16.87	34.94	0.00	0.00
GCC	115	39.76	13.25	12.05	34.94	0.00	0.00
GCC	116	25.30	18.07	19.28	37.35	0.00	0.00
GCC	117	30.12	19.28	14.46	36.14	0.00	0.00
GCC	118	49.40	10.84	18.07	21.69	0.00	0.00
GCC	119	30.12	18.07	21.69	30.12	0.00	0.00
GCC	120	27.71	3.61	16.87	51.81	0.00	0.00
GCC	121	44.58	8.43	15.66	31.33	0.00	0.00
GCC	122	37.35	13.25	19.28	30.12	0.00	0.00
GCC	123	39.76	13.25	10.84	36.14	0.00	0.00
GCC	124	43.37	15.66	16.87	24.10	0.00	0.00
GCC	125	31.33	24.10	13.25	31.33	0.00	0.00
GCC	126	42.17	18.07	15.66	24.10	0.00	0.00
GCC	127	26.51	21.69	13.25	38.55	0.00	0.00
GCC	128	31.33	19.28	21.69	27.71	0.00	0.00
GCC	129	24.10	16.87	12.05	46.99	0.00	0.00
GCC	130	28.92	21.69	20.48	28.92	0.00	0.00
GCC	131	31.33	19.28	18.07	31.33	0.00	0.00
GCC	132	38.55	21.69	12.05	27.71	0.00	0.00
GCC	133	44.58	13.25	9.64	32.53	0.00	0.00
GCC	134	34.94	14.46	19.28	31.33	0.00	0.00
GCC	135	33.73	14.46	12.05	39.76	0.00	0.00
GCC	136	28.92	15.66	19.28	36.14	0.00	0.00
GCC	137	24.10	14.46	21.69	39.76	0.00	0.00
GCC	138	32.53	18.07	20.48	28.92	0.00	0.00
GCC	139	28.92	24.10	16.87	30.12	0.00	0.00
GCC	140	26.51	24.10	22.89	26.51	0.00	0.00
GCC	141	36.14	14.46	16.87	32.53	0.00	0.00
GCC	142	28.92	16.87	20.48	33.73	0.00	0.00
GCC	143	33.73	13.25	22.89	30.12	0.00	0.00
GCC	144	40.96	8.43	19.28	31.33	0.00	0.00
GCC	145	27.71	18.07	19.28	34.94	0.00	0.00
GCC	146	40.96	12.05	16.87	30.12	0.00	0.00
GCC	147	34.94	9.64	18.07	37.35	0.00	0.00
GCC	148	31.71	10.98	13.41	43.90	0.00	0.00
GCC	149	37.04	19.75	19.75	23.46	0.00	0.00
GCC	150	36.71	13.92	13.92	35.44	0.00	0.00
GCC	151	28.38	17.57	16.22	37.84	0.00	0.00
# ACGT content per cycle, read oriented. Use `grep ^GCT | cut -f 2-` to extract this part. The columns are: cycle; A,C,G,T base counts as a percentage of all A/C/G/T bases [%]
GCT	1	37.35	14.46	9.64	38.55
GCT	2	45.78	14.46	15.66	24.10
GCT	3	26.51	25.30	13.25	34.94
GCT	4	33.73	26.51	13.25	26.51
GCT	5	32.53	26.51	15.66	25.30
GCT	6	40.96	10.84	16.87	31.33
GCT	7	30.12	16.87	12.05	40.96
GCT	8	26.51	21.69	8.43	43.37
GCT	9	31.33	14.46	22.89	31.33
GCT	10	40.96	13.25	18.07	27.71
GCT	11	42.17	14.46	12.05	31.33
GCT	12	33.73	10.84	14.46	40.96
GCT	13	27.71	22.89	15.66	33.73
GCT	14	33.73	15.66	12.05	38.55
GCT	15	34.94	16.87	13.25	34.94
GCT	16	18.07	22.89	15.66	43.37
GCT	17	37.35	19.28	15.66	27.71
GCT	18	38.55	15.66	9.64	36.14
GCT	19	39.76	13.25	18.07	28.92
GCT	20	24.10	19.28	16.87	39.76
GCT	21	28.92	15.66	16.87	38.55
GCT	22	37.35	13.25	21.69	27.71
GCT	23	28.92	22.89	13.25	34.94
GCT	24	40.96	14.46	18.07	26.51
GCT	25	34.94	20.48	9.64	34.94
GCT	26	46.99	19.28	8.43	25.30
GCT	27	37.35	13.25	13.25	36.14
GCT	28	33.73	22.89	16.87	26.51
GCT	29	27.71	20.48	16.87	34.94
GCT	30	30.12	16.87	18.07	34.94
GCT	31	33.73	7.23	14.46	44.58
GCT	32	34.94	15.66	13.25	36.14
GCT	33	28.92	12.05	16.87	42.17
GCT	34	37.35	12.05	21.69	28.92
GCT	35	30.12	22.89	21.69	25.30
GCT	36	27.71	12.05	20.48	39.76
GCT	37	19.28	16.87	24.10	39.76
GCT	38	32.53	24.10	13.25	30.12
GCT	39	33.73	10.84	14.46	40.96
GCT	40	36.14	8.43	24.10	31.33
GCT	41	26.51	24.10	13.25	36.14
GCT	42	30.12	20.48	18.07	31.33
GCT	43	27.71	27.71	21.69	22.89
GCT	44	20.48	30.12	15.66	33.73
GCT	45	38.55	16.87	13.25	31.33
GCT	46	46.99	9.64	12.05	31.33
GCT	47	27.71	12.05	10.84	49.40
GCT	48	33.73	15.66	21.69	28.92
GCT	49	42.17	7.23	16.87	33.73
GCT	50	33.73	16.87	12.05	37.35
GCT	51	31.33	12.05	19.28	37.35
GCT	52	44.58	12.05	16.87	26.51
GCT	53	39.76	22.89	9.64	27.71
GCT	54	42.17	8.43	21.69	27.71
GCT	55	30.12	8.43	24.10	37.35
GCT	56	32.53	15.66	19.28	32.53
GCT	57	36.14	14.46	16.87	32.53
GCT	58	37.35	12.05	24.10	26.51
GCT	59	37.35	16.87	22.89	22.89
GCT	60	36.14	18.07	13.25	32.53
GCT	61	39.76	15.66	20.48	24.10
GCT	62	42.17	14.46	18.07	25.30
GCT	63	34.94	12.05	20.48	32.53
GCT	64	28.92	15.66	10.84	44.58
GCT	65	32.53	15.66	22.89	28.92
GCT	66	44.58	13.25	20.48	21.69
GCT	67	32.53	21.69	13.25	32.53
GCT	68	31.33	6.02	15.66	46.99
GCT	69	44.58	7.23	14.46	33.73
GCT	70	30.12	13.25	14.46	42.17
GCT	71	39.76	21.69	13.25	25.30
GCT	72	39.76	13.25	14.46	32.53
GCT	73	31.33	20.48	16.87	31.33
GCT	74	40.96	15.66	16.87	26.51
GCT	75	26.51	24.10	21.69	27.71
GCT	76	30.12	12.05	15.66	42.17
GCT	77	26.51	13.25	19.28	40.96
GCT	78	30.12	13.25	15.66	40.96
GCT	79	28.92	20.48	18.07	32.53
GCT	80	25.30	21.69	21.69	31.33
GCT	81	37.35	14.46	16.87	31.33
GCT	82	40.96	12.05	20.48	26.51
GCT	83	31.33	18.07	20.48	30.12
GCT	84	38.55	24.10	12.05	25.30
GCT	85	34.94	12.05	25.30	27.71
GCT	86	37.35	22.89	9.64	30.12
GCT	87	44.58	15.66	10.84	28.92
GCT	88	27.71	20.48	8.43	43.37
GCT	89	30.12	21.69	25.30	22.89
GCT	90	33.73	16.87	15.66	33.73
GCT	91	39.76	14.46	15.66	30.12
GCT	92	31.33	18.07	19.28	31.33
GCT	93	36.14	15.66	12.05	36.14
GCT	94	39.76	16.87	15.66	27.71
GCT	95	31.33	26.51	15.66	26.51
GCT	96	39.76	15.66	13.25	31.33
GCT	97	38.55	19.28	16.87	25.30
GCT	98	40.96	13.25	10.84	34.94
GCT	99	33.73	13.25	13.25	39.76
GCT	100	36.14	7.23	19.28	37.35
GCT	101	32.53	20.48	15.66	31.33
GCT	102	28.92	19.28	14.46	37.35
GCT	103	32.53	10.84	22.89	33.73
GCT	104	27.71	30.12	13.25	28.92
GCT	105	42.17	15.66	12.05	30.12
GCT	106	32.53	7.23	24.10	36.14
GCT	107	39.76	16.87	18.07	25.30
GCT	108	38.55	15.66	19.28	26.51
GCT	109	33.73	16.87	25.30	24.10
GCT	110	31.33	15.66	16.87	36.14
GCT	111	30.12	12.05	16.87	40.96
GCT	112	32.53	13.25	19.28	34.94
GCT	113	34.94	22.89	21.69	20.48
GCT	114	26.51	21.69	14.46	37.35
GCT	115	34.94	13.25	12.05	39.76
GCT	116	31.33	12.05	25.30	31.33
GCT	117	32.53	19.28	14.46	33.73
GCT	118	40.96	9.64	19.28	30.12
GCT	119	27.71	18.07	21.69	32.53
GCT	120	45.78	7.23	13.25	33.73
GCT	121	44.58	13.25	10.84	31.33
GCT	122	39.76	20.48	12.05	27.71
GCT	123	50.60	9.64	14.46	25.30
GCT	124	36.14	20.48	12.05	31.33
GCT	125	25.30	15.66	21.69	37.35
GCT	126	30.12	15.66	18.07	36.14
GCT	127	36.14	14.46	20.48	28.92
GCT	128	28.92	28.92	12.05	30.12
GCT	129	32.53	13.25	15.66	38.55
GCT	130	21.69	21.69	20.48	36.14
GCT	131	32.53	22.89	14.46	30.12
GCT	132	22.89	20.48	13.25	43.37
GCT	133	38.55	9.64	13.25	38.55
GCT	134	32.53	21.69	12.05	33.73
GCT	135	40.96	16.87	9.64	32.53
GCT	136	42.17	19.28	15.66	22.89
GCT	137	25.30	22.89	13.25	38.55
GCT	138	25.30	15.66	22.89	36.14
GCT	139	31.33	19.28	21.69	27.71
GCT	140	31.33	28.92	18.07	21.69
GCT	141	33.73	14.46	16.87	34.94
GCT	142	38.55	19.28	18.07	24.10
GCT	143	27.71	16.87	19.28	36.14
GCT	144	39.76	9.64	18.07	32.53
GCT	145	36.14	21.69	15.66	26.51
GCT	146	39.76	15.66	13.25	31.33
GCT	147	44.58	14.46	13.25	27.71
GCT	148	40.24	14.63	9.76	35.37
GCT	149	33.33	22.22	17.28	27.16
GCT	150	27.85	12.66	15.19	44.30
GCT	151	28.38	12.16	21.62	37.84
# ACGT content per cycle for first fragments. Use `grep ^FBC | cut -f 2-` to extract this part. The columns are: cycle; A,C,G,T base counts as a percentage of all A/C/G/T bases [%]; and N and O counts as a percentage of all A/C/G/T bases [%]
FBC	1	39.53	2.33	20.93	37.21	0.00	0.00
FBC	2	39.53	9.30	20.93	30.23	0.00	0.00
FBC	3	27.91	11.63	16.28	44.19	0.00	0.00
FBC	4	27.91	18.60	13.95	39.53	0.00	0.00
FBC	5	20.93	18.60	23.26	37.21	0.00	0.00
FBC	6	41.86	9.30	16.28	32.56	0.00	0.00
FBC	7	39.53	23.26	9.30	27.91	0.00	0.00
FBC	8	34.88	16.28	20.93	27.91	0.00	0.00
FBC	9	30.23	18.60	13.95	37.21	0.00	0.00
FBC	10	41.86	13.95	11.63	32.56	0.00	0.00
FBC	11	44.19	6.98	11.63	37.21	0.00	0.00
FBC	12	34.88	20.93	9.30	34.88	0.00	0.00
FBC	13	25.58	20.93	13.95	39.53	0.00	0.00
FBC	14	32.56	13.95	16.28	37.21	0.00	0.00
FBC	15	34.88	9.30	20.93	34.88	0.00	0.00
FBC	16	34.88	16.28	13.95	34.88	0.00	0.00
FBC	17	41.86	13.95	18.60	25.58	0.00	0.00
FBC	18	41.86	4.65	11.63	41.86	0.00	0.00
FBC	19	23.26	13.95	16.28	46.51	0.00	0.00
FBC	20	27.91	9.30	30.23	32.56	0.00	0.00
FBC	21	32.56	11.63	9.30	46.51	0.00	0.00
FBC	22	13.95	11.63	16.28	58.14	0.00	0.00
FBC	23	25.58	18.60	16.28	39.53	0.00	0.00
FBC	24	30.23	4.65	20.93	44.19	0.00	0.00
FBC	25	30.23	6.98	20.93	41.86	0.00	0.00
FBC	26	27.91	0.00	20.93	51.16	0.00	0.00
FBC	27	37.21	18.60	13.95	30.23	0.00	0.00
FBC	28	34.88	18.60	16.28	30.23	0.00	0.00
FBC	29	48.84	9.30	20.93	20.93	0.00	0.00
FBC	30	34.88	13.95	23.26	27.91	0.00	0.00
FBC	31	32.56	23.26	9.30	34.88	0.00	0.00
FBC	32	30.23	25.58	13.95	30.23	0.00	0.00
FBC	33	46.51	11.63	6.98	34.88	0.00	0.00
FBC	34	34.88	13.95	11.63	39.53	0.00	0.00
FBC	35	20.93	23.26	20.93	34.88	0.00	0.00
FBC	36	53.49	16.28	11.63	18.60	0.00	0.00
FBC	37	41.86	11.63	20.93	25.58	0.00	0.00
FBC	38	39.53	23.26	6.98	30.23	0.00	0.00
FBC	39	44.19	16.28	9.30	30.23	0.00	0.00
FBC	40	32.56	18.60	11.63	37.21	0.00	0.00
FBC	41	30.23	6.98	25.58	37.21	0.00	0.00
FBC	42	32.56	11.63	16.28	39.53	0.00	0.00
FBC	43	13.95	18.60	30.23	37.21	0.00	0.00
FBC	44	20.93	23.26	27.91	27.91	0.00	0.00
FBC	45	27.91	18.60	16.28	37.21	0.00	0.00
FBC	46	39.53	6.98	20.93	32.56	0.00	0.00
FBC	47	34.88	6.98	11.63	46.51	0.00	0.00
FBC	48	32.56	23.26	16.28	27.91	0.00	0.00
FBC	49	37.21	6.98	18.60	37.21	0.00	0.00
FBC	50	37.21	20.93	11.63	30.23	0.00	0.00
FBC	51	34.88	11.63	18.60	34.88	0.00	0.00
FBC	52	37.21	18.60	13.95	30.23	0.00	0.00
FBC	53	18.60	18.60	20.93	41.86	0.00	0.00
FBC	54	32.56	11.63	16.28	39.53	0.00	0.00
FBC	55	25.58	11.63	25.58	37.21	0.00	0.00
FBC	56	23.26	25.58	13.95	37.21	0.00	0.00
FBC	57	34.88	13.95	18.60	32.56	0.00	0.00
FBC	58	18.60	27.91	13.95	39.53	0.00	0.00
FBC	59	23.26	20.93	18.60	37.21	0.00	0.00
FBC	60	18.60	13.95	16.28	51.16	0.00	0.00
FBC	61	13.95	23.26	18.60	44.19	0.00	0.00
FBC	62	32.56	13.95	18.60	34.88	0.00	0.00
FBC	63	32.56	16.28	13.95	37.21	0.00	0.00
FBC	64	34.88	16.28	9.30	39.53	0.00	0.00
FBC	65	30.23	30.23	6.98	32.56	0.00	0.00
FBC	66	39.53	9.30	9.30	41.86	0.00	0.00
FBC	67	27.91	20.93	13.95	37.21	0.00	0.00
FBC	68	44.19	16.28	9.30	30.23	0.00	0.00
FBC	69	48.84	6.98	9.30	34.88	0.00	0.00
FBC	70	37.21	16.28	11.63	34.88	0.00	0.00
FBC	71	20.93	18.60	18.60	41.86	0.00	0.00
FBC	72	41.86	11.63	11.63	34.88	0.00	0.00
FBC	73	20.93	23.26	9.30	46.51	0.00	0.00
FBC	74	32.56	11.63	16.28	39.53	0.00	0.00
FBC	75	30.23	30.23	11.63	27.91	0.00	0.00
FBC	76	27.91	13.95	13.95	44.19	0.00	0.00
FBC	77	25.58	23.26	20.93	30.23	0.00	0.00
FBC	78	44.19	11.63	16.28	27.91	0.00	0.00
FBC	79	18.60	27.91	16.28	37.21	0.00	0.00
FBC	80	32.56	34.88	11.63	20.93	0.00	0.00
FBC	81	39.53	9.30	18.60	32.56	0.00	0.00
FBC	82	37.21	27.91	6.98	27.91	0.00	0.00
FBC	83	20.93	11.63	30.23	37.21	0.00	0.00
FBC	84	16.28	20.93	23.26	39.53	0.00	0.00
FBC	85	32.56	13.95	20.93	32.56	0.00	0.00
FBC	86	34.88	13.95	16.28	34.88	0.00	0.00
FBC	87	30.23	4.65	16.28	48.84	0.00	0.00
FBC	88	34.88	9.30	16.28	39.53	0.00	0.00
FBC	89	27.91	23.26	27.91	20.93	0.00	0.00
FBC	90	25.58	16.28	20.93	37.21	0.00	0.00
FBC	91	30.23	13.95	6.98	48.84	0.00	0.00
FBC	92	32.56	23.26	16.28	27.91	0.00	0.00
FBC	93	39.53	20.93	11.63	27.91	0.00	0.00
FBC	94	23.26	13.95	27.91	34.88	0.00	0.00
FBC	95	23.26	18.60	13.95	44.19	0.00	0.00
FBC	96	44.19	23.26	4.65	27.91	0.00	0.00
FBC	97	32.56	16.28	23.26	27.91	0.00	0.00
FBC	98	30.23	11.63	9.30	48.84	0.00	0.00
FBC	99	30.23	16.28	9.30	44.19	0.00	0.00
FBC	100	41.86	25.58	9.30	23.26	0.00	0.00
FBC	101	30.23	18.60	2.33	48.84	0.00	0.00
FBC	102	34.88	9.30	23.26	32.56	0.00	0.00
FBC	103	32.56	25.58	11.63	30.23	0.00	0.00
FBC	104	27.91	23.26	30.23	18.60	0.00	0.00
FBC	105	41.86	16.28	13.95	27.91	0.00	0.00
FBC	106	27.91	23.26	13.95	34.88	0.00	0.00
FBC	107	37.21	20.93	16.28	25.58	0.00	0.00
FBC	108	37.21	18.60	18.60	25.58	0.00	0.00
FBC	109	30.23	13.95	27.91	27.91	0.00	0.00
FBC	110	32.56	16.28	16.28	34.88	0.00	0.00
FBC	111	27.91	13.95	13.95	44.19	0.00	0.00
FBC	112	34.88	23.26	6.98	34.88	0.00	0.00
FBC	113	25.58	16.28	30.23	27.91	0.00	0.00
FBC	114	39.53	13.95	20.93	25.58	0.00	0.00
FBC	115	46.51	11.63	9.30	32.56	0.00	0.00
FBC	116	20.93	13.95	16.28	48.84	0.00	0.00
FBC	117	34.88	20.93	6.98	37.21	0.00	0.00
FBC	118	46.51	9.30	23.26	20.93	0.00	0.00
FBC	119	32.56	16.28	25.58	25.58	0.00	0.00
FBC	120	27.91	4.65	13.95	53.49	0.00	0.00
FBC	121	46.51	9.30	16.28	27.91	0.00	0.00
FBC	122	27.91	18.60	23.26	30.23	0.00	0.00
FBC	123	44.19	13.95	9.30	32.56	0.00	0.00
FBC	124	44.19	13.95	16.28	25.58	0.00	0.00
FBC	125	30.23	18.60	9.30	41.86	0.00	0.00
FBC	126	37.21	16.28	16.28	30.23	0.00	0.00
FBC	127	30.23	23.26	13.95	32.56	0.00	0.00
FBC	128	37.21	16.28	27.91	18.60	0.00	0.00
FBC	129	30.23	23.26	4.65	41.86	0.00	0.00
FBC	130	37.21	23.26	16.28	23.26	0.00	0.00
FBC	131	34.88	13.95	25.58	25.58	0.00	0.00
FBC	132	34.88	25.58	16.28	23.26	0.00	0.00
FBC	133	39.53	16.28	11.63	32.56	0.00	0.00
FBC	134	32.56	11.63	18.60	37.21	0.00	0.00
FBC	135	23.26	16.28	11.63	48.84	0.00	0.00
FBC	136	25.58	18.60	20.93	34.88	0.00	0.00
FBC	137	23.26	20.93	25.58	30.23	0.00	0.00
FBC	138	34.88	13.95	23.26	27.91	0.00	0.00
FBC	139	20.93	18.60	20.93	39.53	0.00	0.00
FBC	140	25.58	27.91	23.26	23.26	0.00	0.00
FBC	141	39.53	16.28	11.63	32.56	0.00	0.00
FBC	142	27.91	18.60	16.28	37.21	0.00	0.00
FBC	143	32.56	9.30	30.23	27.91	0.00	0.00
FBC	144	37.21	13.95	20.93	27.91	0.00	0.00
FBC	145	32.56	13.95	30.23	23.26	0.00	0.00
FBC	146	37.21	9.30	13.95	39.53	0.00	0.00
FBC	147	39.53	9.30	9.30	41.86	0.00	0.00
FBC	148	32.56	11.63	16.28	39.53	0.00	0.00
FBC	149	37.21	23.26	18.60	20.93	0.00	0.00
FBC	150	46.51	11.63	9.30	32.56	0.00	0.00
FBC	151	24.39	17.07	9.76	48.78	0.00	0.00
# ACGT raw counters for first fragments. Use `grep ^FTC | cut -f 2-` to extract this part. The columns are: A,C,G,T,N base counters
FTC	2122	1051	1067	2251	0
# ACGT content per cycle for last fragments. Use `grep ^LBC | cut -f 2-` to extract this part. The columns are: cycle; A,C,G,T base counts as a percentage of all A/C/G/T bases [%]; and N and O counts as a percentage of all A/C/G/T bases [%]
LBC	1	27.50	20.00	5.00	47.50	0.00	0.00
LBC	2	25.00	17.50	12.50	45.00	0.00	0.00
LBC	3	32.50	22.50	27.50	17.50	0.00	0.00
LBC	4	25.00	30.00	17.50	27.50	0.00	0.00
LBC	5	27.50	22.50	20.00	30.00	0.00	0.00
LBC	6	35.00	12.50	17.50	35.00	0.00	0.00
LBC	7	40.00	15.00	10.00	35.00	0.00	0.00
LBC	8	50.00	15.00	7.50	27.50	0.00	0.00
LBC	9	27.50	20.00	22.50	30.00	0.00	0.00
LBC	10	32.50	15.00	22.50	30.00	0.00	0.00
LBC	11	27.50	15.00	20.00	37.50	0.00	0.00
LBC	12	30.00	7.50	12.50	50.00	0.00	0.00
LBC	13	32.50	27.50	15.00	25.00	0.00	0.00
LBC	14	42.50	15.00	10.00	32.50	0.00	0.00
LBC	15	20.00	20.00	10.00	50.00	0.00	0.00
LBC	16	35.00	25.00	22.50	17.50	0.00	0.00
LBC	17	35.00	12.50	25.00	27.50	0.00	0.00
LBC	18	22.50	20.00	15.00	42.50	0.00	0.00
LBC	19	37.50	12.50	20.00	30.00	0.00	0.00
LBC	20	32.50	22.50	10.00	35.00	0.00	0.00
LBC	21	25.00	15.00	30.00	30.00	0.00	0.00
LBC	22	37.50	25.00	17.50	20.00	0.00	0.00
LBC	23	25.00	15.00	22.50	37.50	0.00	0.00
LBC	24	32.50	20.00	20.00	27.50	0.00	0.00
LBC	25	35.00	20.00	12.50	32.50	0.00	0.00
LBC	26	37.50	20.00	15.00	27.50	0.00	0.00
LBC	27	22.50	12.50	7.50	57.50	0.00	0.00
LBC	28	27.50	27.50	17.50	27.50	0.00	0.00
LBC	29	12.50	25.00	20.00	42.50	0.00	0.00
LBC	30	30.00	15.00	17.50	37.50	0.00	0.00
LBC	31	27.50	2.50	7.50	62.50	0.00	0.00
LBC	32	40.00	10.00	7.50	42.50	0.00	0.00
LBC	33	30.00	17.50	22.50	30.00	0.00	0.00
LBC	34	20.00	20.00	22.50	37.50	0.00	0.00
LBC	35	27.50	20.00	25.00	27.50	0.00	0.00
LBC	36	30.00	12.50	25.00	32.50	0.00	0.00
LBC	37	17.50	35.00	15.00	32.50	0.00	0.00
LBC	38	30.00	25.00	20.00	25.00	0.00	0.00
LBC	39	30.00	17.50	7.50	45.00	0.00	0.00
LBC	40	27.50	15.00	20.00	37.50	0.00	0.00
LBC	41	22.50	17.50	25.00	35.00	0.00	0.00
LBC	42	22.50	30.00	20.00	27.50	0.00	0.00
LBC	43	27.50	27.50	22.50	22.50	0.00	0.00
LBC	44	30.00	17.50	22.50	30.00	0.00	0.00
LBC	45	50.00	10.00	15.00	25.00	0.00	0.00
LBC	46	37.50	10.00	5.00	47.50	0.00	0.00
LBC	47	40.00	17.50	10.00	32.50	0.00	0.00
LBC	48	25.00	17.50	17.50	40.00	0.00	0.00
LBC	49	52.50	12.50	10.00	25.00	0.00	0.00
LBC	50	27.50	20.00	5.00	47.50	0.00	0.00
LBC	51	40.00	15.00	17.50	27.50	0.00	0.00
LBC	52	40.00	7.50	17.50	35.00	0.00	0.00
LBC	53	37.50	12.50	12.50	37.50	0.00	0.00
LBC	54	35.00	12.50	20.00	32.50	0.00	0.00
LBC	55	25.00	15.00	12.50	47.50	0.00	0.00
LBC	56	27.50	20.00	10.00	42.50	0.00	0.00
LBC	57	30.00	12.50	17.50	40.00	0.00	0.00
LBC	58	35.00	17.50	12.50	35.00	0.00	0.00
LBC	59	25.00	20.00	20.00	35.00	0.00	0.00
LBC	60	30.00	12.50	20.00	37.50	0.00	0.00
LBC	61	22.50	12.50	17.50	47.50	0.00	0.00
LBC	62	32.50	15.00	17.50	35.00	0.00	0.00
LBC	63	30.00	20.00	15.00	35.00	0.00	0.00
LBC	64	37.50	15.00	12.50	35.00	0.00	0.00
LBC	65	40.00	15.00	25.00	20.00	0.00	0.00
LBC	66	20.00	32.50	17.50	30.00	0.00	0.00
LBC	67	22.50	17.50	17.50	42.50	0.00	0.00
LBC	68	50.00	2.50	15.00	32.50	0.00	0.00
LBC	69	42.50	10.00	17.50	30.00	0.00	0.00
LBC	70	47.50	10.00	17.50	25.00	0.00	0.00
LBC	71	30.00	15.00	17.50	37.50	0.00	0.00
LBC	72	22.50	5.00	27.50	45.00	0.00	0.00
LBC	73	30.00	25.00	17.50	27.50	0.00	0.00
LBC	74	25.00	20.00	17.50	37.50	0.00	0.00
LBC	75	20.00	20.00	30.00	30.00	0.00	0.00
LBC	76	40.00	22.50	5.00	32.50	0.00	0.00
LBC	77	40.00	15.00	5.00	40.00	0.00	0.00
LBC	78	27.50	12.50	17.50	42.50	0.00	0.00
LBC	79	35.00	17.50	15.00	32.50	0.00	0.00
LBC	80	22.50	17.50	22.50	37.50	0.00	0.00
LBC	81	42.50	17.50	17.50	22.50	0.00	0.00
LBC	82	32.50	12.50	17.50	37.50	0.00	0.00
LBC	83	30.00	7.50	27.50	35.00	0.00	0.00
LBC	84	40.00	10.00	17.50	32.50	0.00	0.00
LBC	85	35.00	27.50	12.50	25.00	0.00	0.00
LBC	86	25.00	12.50	22.50	40.00	0.00	0.00
LBC	87	25.00	22.50	10.00	42.50	0.00	0.00
LBC	88	25.00	17.50	15.00	42.50	0.00	0.00
LBC	89	25.00	17.50	25.00	32.50	0.00	0.00
LBC	90	35.00	15.00	12.50	37.50	0.00	0.00
LBC	91	25.00	25.00	15.00	35.00	0.00	0.00
LBC	92	22.50	15.00	20.00	42.50	0.00	0.00
LBC	93	40.00	7.50	15.00	37.50	0.00	0.00
LBC	94	52.50	10.00	12.50	25.00	0.00	0.00
LBC	95	25.00	25.00	27.50	22.50	0.00	0.00
LBC	96	27.50	10.00	20.00	42.50	0.00	0.00
LBC	97	37.50	15.00	17.50	30.00	0.00	0.00
LBC	98	35.00	7.50	20.00	37.50	0.00	0.00
LBC	99	45.00	7.50	20.00	27.50	0.00	0.00
LBC	100	35.00	7.50	10.00	47.50	0.00	0.00
LBC	101	20.00	22.50	30.00	27.50	0.00	0.00
LBC	102	25.00	17.50	17.50	40.00	0.00	0.00
LBC	103	35.00	12.50	17.50	35.00	0.00	0.00
LBC	104	22.50	12.50	20.00	45.00	0.00	0.00
LBC	105	30.00	12.50	12.50	45.00	0.00	0.00
LBC	106	35.00	7.50	17.50	40.00	0.00	0.00
LBC	107	37.50	7.50	25.00	30.00	0.00	0.00
LBC	108	27.50	15.00	17.50	40.00	0.00	0.00
LBC	109	35.00	27.50	15.00	22.50	0.00	0.00
LBC	110	32.50	17.50	15.00	35.00	0.00	0.00
LBC	111	32.50	20.00	10.00	37.50	0.00	0.00
LBC	112	32.50	20.00	15.00	32.50	0.00	0.00
LBC	113	25.00	25.00	17.50	32.50	0.00	0.00
LBC	114	17.50	25.00	12.50	45.00	0.00	0.00
LBC	115	32.50	15.00	15.00	37.50	0.00	0.00
LBC	116	30.00	22.50	22.50	25.00	0.00	0.00
LBC	117	25.00	17.50	22.50	35.00	0.00	0.00
LBC	118	52.50	12.50	12.50	22.50	0.00	0.00
LBC	119	27.50	20.00	17.50	35.00	0.00	0.00
LBC	120	27.50	2.50	20.00	50.00	0.00	0.00
LBC	121	42.50	7.50	15.00	35.00	0.00	0.00
LBC	122	47.50	7.50	15.00	30.00	0.00	0.00
LBC	123	35.00	12.50	12.50	40.00	0.00	0.00
LBC	124	42.50	17.50	17.50	22.50	0.00	0.00
LBC	125	32.50	30.00	17.50	20.00	0.00	0.00
LBC	126	47.50	20.00	15.00	17.50	0.00	0.00
LBC	127	22.50	20.00	12.50	45.00	0.00	0.00
LBC	128	25.00	22.50	15.00	37.50	0.00	0.00
LBC	129	17.50	10.00	20.00	52.50	0.00	0.00
LBC	130	20.00	20.00	25.00	35.00	0.00	0.00
LBC	131	27.50	25.00	10.00	37.50	0.00	0.00
LBC	132	42.50	17.50	7.50	32.50	0.00	0.00
LBC	133	50.00	10.00	7.50	32.50	0.00	0.00
LBC	134	37.50	17.50	20.00	25.00	0.00	0.00
LBC	135	45.00	12.50	12.50	30.00	0.00	0.00
LBC	136	32.50	12.50	17.50	37.50	0.00	0.00
LBC	137	25.00	7.50	17.50	50.00	0.00	0.00
LBC	138	30.00	22.50	17.50	30.00	0.00	0.00
LBC	139	37.50	30.00	12.50	20.00	0.00	0.00
LBC	140	27.50	20.00	22.50	30.00	0.00	0.00
LBC	141	32.50	12.50	22.50	32.50	0.00	0.00
LBC	142	30.00	15.00	25.00	30.00	0.00	0.00
LBC	143	35.00	17.50	15.00	32.50	0.00	0.00
LBC	144	45.00	2.50	17.50	35.00	0.00	0.00
LBC	145	22.50	22.50	7.50	47.50	0.00	0.00
LBC	146	45.00	15.00	20.00	20.00	0.00	0.00
LBC	147	30.00	10.00	27.50	32.50	0.00	0.00
LBC	148	30.77	10.26	10.26	48.72	0.00	0.00
LBC	149	36.84	15.79	21.05	26.32	0.00	0.00
LBC	150	25.00	16.67	19.44	38.89	0.00	0.00
LBC	151	33.33	18.18	24.24	24.24	0.00	0.00
# ACGT raw counters for last fragments. Use `grep ^LTC | cut -f 2-` to extract this part. The columns are: A,C,G,T,N base counters
LTC	1922	999	1022	2083	0
# Insert sizes. Use `grep ^IS | cut -f 2-` to extract this part. The columns are: insert size, pairs total, inward oriented pairs, outward oriented pairs, other pairs
IS	0	0	0	0	0
IS	1	0	0	0	0
IS	2	0	0	0	0
IS	3	0	0	0	0
IS	4	0	0	0	0
IS	5	0	0	0	0
IS	6	0	0	0	0
IS	7	0	0	0	0
IS	8	0	0	0	0
IS	9	0	0	0	0
IS	10	0	0	0	0
IS	11	0	0	0	0
IS	12	0	0	0	0
IS	13	0	0	0	0
IS	14	0	0	0	0
IS	15	0	0	0	0
IS	16	0	0	0	0
IS	17	0	0	0	0
IS	18	0	0	0	0
IS	19	0	0	0	0
IS	20	0	0	0	0
IS	21	0	0	0	0
IS	22	0	0	0	0
IS	23	0	0	0	0
IS	24	0	0	0	0
IS	25	0	0	0	0
IS	26	0	0	0	0
IS	27	0	0	0	0
IS	28	0	0	0	0
IS	29	0	0	0	0
IS	30	0	0	0	0
IS	31	0	0	0	0
IS	32	0	0	0	0
IS	33	0	0	0	0
IS	34	0	0	0	0
IS	35	0	0	0	0
IS	36	0	0	0	0
IS	37	0	0	0	0
IS	38	0	0	0	0
IS	39	0	0	0	0
IS	40	0	0	0	0
IS	41	0	0	0	0
IS	42	0	0	0	0
IS	43	0	0	0	0
IS	44	0	0	0	0
IS	45	0	0	0	0
IS	46	0	0	0	0
IS	47	0	0	0	0
IS	48	0	0	0	0
IS	49	0	0	0	0
IS	50	0	0	0	0
IS	51	0	0	0	0
IS	52	0	0	0	0
IS	53	0	0	0	0
IS	54	0	0	0	0
IS	55	0	0	0	0
IS	56	0	0	0	0
IS	57	0	0	0	0
IS	58	0	0	0	0
IS	59	0	0	0	0
IS	60	0	0	0	0
IS	61	0	0	0	0
IS	62	0	0	0	0
IS	63	0	0	0	0
IS	64	0	0	0	0
IS	65	0	0	0	0
IS	66	0	0	0	0
IS	67	0	0	0	0
IS	68	0	0	0	0
IS	69	0	0	0	0
IS	70	0	0	0	0
IS	71	0	0	0	0
IS	72	0	0	0	0
IS	73	0	0	0	0
IS	74	0	0	0	0
IS	75	0	0	0	0
IS	76	0	0	0	0
IS	77	0	0	0	0
IS	78	0	0	0	0
IS	79	0	0	0	0
IS	80	0	0	0	0
IS	81	0	0	0	0
IS	82	0	0	0	0
IS	83	0	0	0	0
IS	84	0	0	0	0
IS	85	0	0	0	0
IS	86	0	0	0	0
IS	87	0	0	0	0
IS	88	0	0	0	0
IS	89	0	0	0	0
IS	90	0	0	0	0
IS	91	0	0	0	0
IS	92	0	0	0	0
IS	93	0	0	0	0
IS	94	0	0	0	0
IS	95	0	0	0	0
IS	96	0	0	0	0
IS	97	0	0	0	0
IS	98	0	0	0	0
IS	99	0	0	0	0
IS	100	0	0	0	0
IS	101	0	0	0	0
IS	102	0	0	0	0
IS	103	0	0	0	0
IS	104	0	0	0	0
IS	105	0	0	0	0
IS	106	0	0	0	0
IS	107	0	0	0	0
IS	108	0	0	0	0
IS	109	0	0	0	0
IS	110	0	0	0	0
IS	111	0	0	0	0
IS	112	0	0	0	0
IS	113	0	0	0	0
IS	114	0	0	0	0
IS	115	0	0	0	0
IS	116	0	0	0	0
IS	117	0	0	0	0
IS	118	0	0	0	0
IS	119	0	0	0	0
IS	120	0	0	0	0
IS	121	0	0	0	0
IS	122	0	0	0	0
IS	123	0	0	0	0
IS	124	0	0	0	0
IS	125	0	0	0	0
IS	126	0	0	0	0
IS	127	0	0	0	0
IS	128	0	0	0	0
IS	129	0	0	0	0
IS	130	0	0	0	0
IS	131	0	0	0	0
IS	132	0	0	0	0
IS	133	0	0	0	0
IS	134	0	0	0	0
IS	135	0	0	0	0
IS	136	0	0	0	0
IS	137	0	0	0	0
IS	138	0	0	0	0
IS	139	0	0	0	0
IS	140	0	0	0	0
IS	141	0	0	0	0
IS	142	0	0	0	0
IS	143	0	0	0	0
IS	144	0	0	0	0
IS	145	0	0	0	0
IS	146	0	0	0	0
IS	147	0	0	0	0
IS	148	0	0	0	0
IS	149	0	0	0	0
IS	150	0	0	0	0
IS	151	0	0	0	0
IS	152	0	0	0	0
IS	153	0	0	0	0
IS	154	0	0	0	0
IS	155	0	0	0	0
IS	156	0	0	0	0
IS	157	0	0	0	0
IS	158	0	0	0	0
IS	159	0	0	0	0
IS	160	0	0	0	0
IS	161	0	0	0	0
IS	162	0	0	0	0
IS	163	0	0	0	0
IS	164	0	0	0	0
IS	165	0	0	0	0
IS	166	0	0	0	0
IS	167	0	0	0	0
IS	168	0	0	0	0
IS	169	0	0	0	0
IS	170	0	0	0	0
IS	171	0	0	0	0
IS	172	0	0	0	0
IS	173	0	0	0	0
IS	174	0	0	0	0
IS	175	0	0	0	0
IS	176	0	0	0	0
IS	177	0	0	0	0
IS	178	0	0	0	0
IS	179	0	0	0	0
IS	180	0	0	0	0
IS	181	0	0	0	0
IS	182	0	0	0	0
IS	183	0	0	0	0
IS	184	0	0	0	0
IS	185	0	0	0	0
IS	186	1	1	0	0
IS	187	0	0	0	0
IS	188	0	0	0	0
IS	189	0	0	0	0
IS	190	0	0	0	0
IS	191	0	0	0	0
IS	192	0	0	0	0
IS	193	0	0	0	0
IS	194	0	0	0	0
IS	195	0	0	0	0
IS	196	0	0	0	0
IS	197	0	0	0	0
IS	198	0	0	0	0
IS	199	0	0	0	0
IS	200	0	0	0	0
IS	201	0	0	0	0
IS	202	0	0	0	0
IS	203	0	0	0	0
IS	204	0	0	0	0
IS	205	0	0	0	0
IS	206	0	0	0	0
IS	207	0	0	0	0
IS	208	0	0	0	0
IS	209	0	0	0	0
IS	210	0	0	0	0
IS	211	0	0	0	0
IS	212	0	0	0	0
IS	213	0	0	0	0
IS	214	0	0	0	0
IS	215	0	0	0	0
IS	216	0	0	0	0
IS	217	0	0	0	0
IS	218	0	0	0	0
IS	219	0	0	0	0
IS	220	0	0	0	0
IS	221	0	0	0	0
IS	222	0	0	0	0
IS	223	0	0	0	0
IS	224	0	0	0	0
IS	225	0	0	0	0
IS	226	0	0	0	0
IS	227	0	0	0	0
IS	228	0	0	0	0
IS	229	0	0	0	0
IS	230	0	0	0	0
IS	231	0	0	0	0
IS	232	0	0	0	0
IS	233	0	0	0	0
IS	234	0	0	0	0
IS	235	0	0	0	0
IS	236	0	0	0	0
IS	237	0	0	0	0
IS	238	0	0	0	0
IS	239	0	0	0	0
IS	240	0	0	0	0
IS	241	0	0	0	0
IS	242	0	0	0	0
IS	243	0	0	0	0
IS	244	0	0	0	0
IS	245	0	0	0	0
IS	246	0	0	0	0
IS	247	2	2	0	0
IS	248	0	0	0	0
IS	249	0	0	0	0
IS	250	0	0	0	0
IS	251	1	1	0	0
IS	252	0	0	0	0
IS	253	0	0	0	0
IS	254	0	0	0	0
IS	255	0	0	0	0
IS	256	0	0	0	0
IS	257	0	0	0	0
IS	258	0	0	0	0
IS	259	0	0	0	0
IS	260	0	0	0	0
IS	261	0	0	0	0
IS	262	0	0	0	0
IS	263	0	0	0	0
IS	264	0	0	0	0
IS	265	0	0	0	0
IS	266	0	0	0	0
IS	267	0	0	0	0
IS	268	0	0	0	0
IS	269	0	0	0	0
IS	270	1	1	0	0
IS	271	0	0	0	0
IS	272	0	0	0	0
IS	273	0	0	0	0
IS	274	1	1	0	0
IS	275	1	1	0	0
IS	276	0	0	0	0
IS	277	0	0	0	0
IS	278	0	0	0	0
IS	279	0	0	0	0
IS	280	0	0	0	0
IS	281	0	0	0	0
IS	282	0	0	0	0
IS	283	0	0	0	0
IS	284	0	0	0	0
IS	285	0	0	0	0
IS	286	0	0	0	0
IS	287	0	0	0	0
IS	288	0	0	0	0
IS	289	0	0	0	0
IS	290	0	0	0	0
IS	291	0	0	0	0
IS	292	0	0	0	0
IS	293	0	0	0	0
IS	294	0	0	0	0
IS	295	0	0	0	0
IS	296	0	0	0	0
IS	297	0	0	0	0
IS	298	0	0	0	0
IS	299	0	0	0	0
IS	300	0	0	0	0
IS	301	0	0	0	0
IS	302	0	0	0	0
IS	303	0	0	0	0
IS	304	0	0	0	0
IS	305	0	0	0	0
IS	306	0	0	0	0
IS	307	0	0	0	0
IS	308	1	1	0	0
IS	309	0	0	0	0
IS	310	0	0	0	0
IS	311	0	0	0	0
IS	312	0	0	0	0
IS	313	0	0	0	0
IS	314	0	0	0	0
IS	315	0	0	0	0
IS	316	0	0	0	0
IS	317	1	1	0	0
IS	318	0	0	0	0
IS	319	0	0	0	0
IS	320	0	0	0	0
IS	321	0	0	0	0
IS	322	0	0	0	0
IS	323	0	0	0	0
IS	324	0	0	0	0
IS	325	0	0	0	0
IS	326	0	0	0	0
IS	327	0	0	0	0
IS	328	0	0	0	0
IS	329	0	0	0	0
IS	330	0	0	0	0
IS	331	0	0	0	0
IS	332	0	0	0	0
IS	333	0	0	0	0
IS	334	0	0	0	0
IS	335	0	0	0	0
IS	336	0	0	0	0
IS	337	0	0	0	0
IS	338	0	0	0	0
IS	339	0	0	0	0
IS	340	0	0	0	0
IS	341	1	1	0	0
IS	342	0	0	0	0
IS	343	0	0	0	0
IS	344	0	0	0	0
IS	345	0	0	0	0
IS	346	0	0	0	0
IS	347	1	1	0	0
IS	348	0	0	0	0
IS	349	0	0	0	0
IS	350	1	1	0	0
IS	351	0	0	0	0
IS	352	0	0	0	0
IS	353	0	0	0	0
IS	354	0	0	0	0
IS	355	0	0	0	0
IS	356	0	0	0	0
IS	357	0	0	0	0
IS	358	0	0	0	0
IS	359	0	0	0	0
IS	360	0	0	0	0
IS	361	0	0	0	0
IS	362	0	0	0	0
IS	363	0	0	0	0
IS	364	0	0	0	0
IS	365	0	0	0	0
IS	366	0	0	0	0
IS	367	0	0	0	0
IS	368	0	0	0	0
IS	369	0	0	0	0
IS	370	1	1	0	0
IS	371	0	0	0	0
IS	372	0	0	0	0
IS	373	0	0	0	0
IS	374	1	1	0	0
IS	375	0	0	0	0
IS	376	0	0	0	0
IS	377	0	0	0	0
IS	378	0	0	0	0
IS	379	0	0	0	0
IS	380	0	0	0	0
IS	381	0	0	0	0
IS	382	0	0	0	0
IS	383	0	0	0	0
IS	384	0	0	0	0
IS	385	0	0	0	0
IS	386	0	0	0	0
IS	387	0	0	0	0
IS	388	0	0	0	0
IS	389	0	0	0	0
IS	390	2	2	0	0
IS	391	0	0	0	0
IS	392	0	0	0	0
IS	393	0	0	0	0
IS	394	0	0	0	0
IS	395	0	0	0	0
IS	396	0	0	0	0
IS	397	1	1	0	0
IS	398	0	0	0	0
IS	399	0	0	0	0
IS	400	0	0	0	0
IS	401	0	0	0	0
IS	402	0	0	0	0
IS	403	1	1	0	0
IS	404	0	0	0	0
IS	405	0	0	0	0
IS	406	0	0	0	0
IS	407	0	0	0	0
IS	408	0	0	0	0
IS	409	0	0	0	0
IS	410	1	1	0	0
IS	411	0	0	0	0
IS	412	0	0	0	0
IS	413	0	0	0	0
IS	414	0	0	0	0
IS	415	0	0	0	0
IS	416	0	0	0	0
IS	417	1	1	0	0
IS	418	0	0	0	0
IS	419	0	0	0	0
IS	420	0	0	0	0
IS	421	0	0	0	0
IS	422	0	0	0	0
IS	423	1	1	0	0
IS	424	0	0	0	0
IS	425	0	0	0	0
IS	426	0	0	0	0
IS	427	0	0	0	0
IS	428	0	0	0	0
IS	429	0	0	0	0
IS	430	0	0	0	0
IS	431	0	0	0	0
IS	432	0	0	0	0
IS	433	0	0	0	0
IS	434	1	1	0	0
IS	435	0	0	0	0
IS	436	0	0	0	0
IS	437	0	0	0	0
IS	438	2	2	0	0
IS	439	0	0	0	0
IS	440	0	0	0	0
IS	441	0	0	0	0
IS	442	0	0	0	0
IS	443	0	0	0	0
IS	444	0	0	0	0
IS	445	0	0	0	0
IS	446	2	2	0	0
IS	447	1	1	0	0
IS	448	0	0	0	0
IS	449	0	0	0	0
IS	450	0	0	0	0
IS	451	1	1	0	0
IS	452	0	0	0	0
IS	453	0	0	0	0
IS	454	0	0	0	0
IS	455	4	4	0	0
IS	456	0	0	0	0
IS	457	1	1	0	0
IS	458	0	0	0	0
IS	459	2	2	0	0
IS	460	0	0	0	0
IS	461	0	0	0	0
IS	462	0	0	0	0
IS	463	0	0	0	0
IS	464	0	0	0	0
IS	465	0	0	0	0
IS	466	0	0	0	0
IS	467	0	0	0	0
IS	468	2	2	0	0
IS	469	1	1	0	0
IS	470	0	0	0	0
IS	471	0	0	0	0
IS	472	0	0	0	0
IS	473	0	0	0	0
IS	474	0	0	0	0
IS	475	0	0	0	0
IS	476	0	0	0	0
IS	477	0	0	0	0
IS	478	1	1	0	0
IS	479	0	0	0	0
IS	480	0	0	0	0
IS	481	0	0	0	0
IS	482	0	0	0	0
IS	483	0	0	0	0
IS	484	0	0	0	0
IS	485	0	0	0	0
IS	486	0	0	0	0
IS	487	1	1	0	0
# Read lengths. Use `grep ^RL | cut -f 2-` to extract this part. The columns are: read length, count
RL	147	1
RL	148	1
RL	149	2
RL	150	5
RL	151	74
# Read lengths - first fragments. Use `grep ^FRL | cut -f 2-` to extract this part. The columns are: read length, count
FRL	150	2
FRL	151	41
# Read lengths - last fragments. Use `grep ^LRL | cut -f 2-` to extract this part. The columns are: read length, count
LRL	147	1
LRL	148	1
LRL	149	2
LRL	150	3
LRL	151	33
# Mapping qualities for reads !(UNMAP|SECOND|SUPPL|QCFAIL|DUP). Use `grep ^MAPQ | cut -f 2-` to extract this part. The columns are: mapq, count
MAPQ	255	83
# Indel distribution. Use `grep ^ID | cut -f 2-` to extract this part. The columns are: length, number of insertions, number of deletions
ID	1	1	0
# Indels per cycle. Use `grep ^IC | cut -f 2-` to extract this part. The columns are: cycle, number of insertions (fwd), .. (rev) , number of deletions (fwd), .. (rev)
IC	37	0	1	0	0
# Coverage distribution. Use `grep ^COV | cut -f 2-` to extract this part.
COV	[1-1]	1	8998
COV	[2-2]	2	1649
COV	[4-4]	4	55
# GC-depth. Use `grep ^GCD | cut -f 2-` to extract this part. The columns are: GC%, unique sequence percentiles, 10th, 25th, 50th, 75th and 90th depth percentile
GCD	0.0	5.714	0.000	0.000	0.000	0.000	0.000
GCD	0.5	8.571	0.015	0.015	0.015	0.015	0.015
GCD	24.0	11.429	0.015	0.015	0.015	0.015	0.015
GCD	25.0	14.286	0.015	0.015	0.015	0.015	0.015
GCD	28.0	17.143	0.015	0.015	0.015	0.015	0.015
GCD	30.0	25.714	0.015	0.015	0.015	0.030	0.030
GCD	31.0	37.143	0.015	0.015	0.015	0.026	0.030
GCD	32.0	45.714	0.015	0.015	0.015	0.030	0.030
GCD	33.0	57.143	0.015	0.015	0.015	0.038	0.045
GCD	34.0	65.714	0.015	0.015	0.030	0.030	0.030
GCD	35.0	74.286	0.008	0.008	0.015	0.030	0.030
GCD	36.0	85.714	0.008	0.009	0.015	0.026	0.030
GCD	37.0	91.429	0.015	0.015	0.015	0.015	0.015
GCD	38.0	94.286	0.015	0.015	0.015	0.015	0.015
GCD	39.0	97.143	0.015	0.015	0.015	0.015	0.015
GCD	41.0	100.000	0.015	0.015	0.015	0.015	0.015
