# This file was produced by samtools stats (1.21+htslib-1.21) and can be plotted using plot-bamstats
# This file contains statistics for all reads.
# The command line was:  stats NC.Staphy1.7G_fixed_sorted.bam
# CHK, Checksum	[2]Read Names	[3]Sequences	[4]Qualities
# CHK, CRC32 of reads which passed filtering followed by addition (32bit overflow)
CHK	918d8486	80132665	20629c84
# Summary Numbers. Use `grep ^SN | cut -f 2-` to extract this part.
SN	raw total sequences:	116	# excluding supplementary and secondary reads
SN	filtered sequences:	0
SN	sequences:	116
SN	is sorted:	1
SN	1st fragments:	60
SN	last fragments:	56
SN	reads mapped:	116
SN	reads mapped and paired:	104	# paired-end technology bit set + both mates mapped
SN	reads unmapped:	0
SN	reads properly paired:	104	# proper-pair bit set
SN	reads paired:	116	# paired-end technology bit set
SN	reads duplicated:	0	# PCR or optical duplicate bit set
SN	reads MQ0:	0	# mapped and MQ=0
SN	reads QC failed:	0
SN	non-primary alignments:	8
SN	supplementary alignments:	0
SN	total length:	17502	# ignores clipping
SN	total first fragment length:	9057	# ignores clipping
SN	total last fragment length:	8445	# ignores clipping
SN	bases mapped:	17502	# ignores clipping
SN	bases mapped (cigar):	17502	# more accurate
SN	bases trimmed:	0
SN	bases duplicated:	0
SN	mismatches:	218	# from NM fields
SN	error rate:	1.245572e-02	# mismatches / bases mapped (cigar)
SN	average length:	151
SN	average first fragment length:	151
SN	average last fragment length:	151
SN	maximum length:	151
SN	maximum first fragment length:	151
SN	maximum last fragment length:	151
SN	average quality:	39.0
SN	insert size average:	362.9
SN	insert size standard deviation:	69.5
SN	inward oriented pairs:	52
SN	outward oriented pairs:	0
SN	pairs with other orientation:	0
SN	pairs on different chromosomes:	0
SN	percentage of properly paired reads (%):	89.7
# First Fragment Qualities. Use `grep ^FFQ | cut -f 2-` to extract this part.
# Columns correspond to qualities and rows to cycles. First column is the cycle number.
FFQ	1	0	0	0	0	0	0	0	0	0	0	0	0	1	0	0	0	0	0	0	0	0	0	0	0	0	0	0	0	0	0	0	0	59	0	0	0	0	0	0	0	0	0	0
FFQ	2	0	0	0	0	0	0	0	0	0	0	0	0	1	0	0	0	0	0	0	0	0	0	0	0	0	0	0	3	0	0	0	0	56	0	0	0	0	0	0	0	0	0	0
FFQ	3	0	0	0	0	0	0	0	0	0	0	0	0	0	0	0	0	0	0	0	0	0	0	0	0	0	0	0	2	0	0	0	0	8	0	0	0	0	50	0	0	0	0	0
FFQ	4	0	0	0	0	0	0	0	0	0	0	0	0	0	0	0	0	0	0	0	0	0	0	1	0	0	0	0	1	0	0	0	0	4	0	0	0	0	54	0	0	0	0	0
FFQ	5	0	0	0	0	0	0	0	0	0	0	0	0	0	0	0	0	0	0	0	0	0	0	0	0	0	0	0	0	0	0	0	0	3	0	0	0	0	57	0	0	0	0	0
FFQ	6	0	0	0	0	0	0	0	0	0	0	0	0	0	0	0	0	0	0	0	0	0	0	0	0	0	0	0	0	0	0	0	0	2	0	0	0	0	6	0	0	0	52	0
FFQ	7	0	0	0	0	0	0	0	0	0	0	0	0	1	0	0	0	0	0	0	0	0	0	0	0	0	0	0	0	0	0	0	0	0	0	0	0	0	4	0	0	0	55	0
FFQ	8	0	0	0	0	0	0	0	0	0	0	0	0	0	0	0	0	0	0	0	0	0	0	0	0	0	0	0	1	0	0	0	0	1	0	0	0	0	1	0	0	0	57	0
FFQ	9	0	0	0	0	0	0	0	0	0	0	0	0	0	0	0	0	0	0	0	0	0	0	0	0	0	0	0	0	0	0	0	0	1	0	0	0	0	5	0	0	0	54	0
FFQ	10	0	0	0	0	0	0	0	0	0	0	0	0	0	0	0	0	0	0	0	0	0	0	0	0	0	0	0	0	0	0	0	0	1	0	0	0	0	4	0	0	0	55	0
FFQ	11	0	0	0	0	0	0	0	0	0	0	0	0	0	0	0	0	0	0	0	0	0	0	0	0	0	0	0	0	0	0	0	0	1	0	0	0	0	2	0	0	0	57	0
FFQ	12	0	0	0	0	0	0	0	0	0	0	0	0	0	0	0	0	0	0	0	0	0	0	0	0	0	0	0	0	0	0	0	0	1	0	0	0	0	4	0	0	0	55	0
FFQ	13	0	0	0	0	0	0	0	0	0	0	0	0	0	0	0	0	0	0	0	0	0	0	0	0	0	0	0	1	0	0	0	0	0	0	0	0	0	4	0	0	0	55	0
FFQ	14	0	0	0	0	0	0	0	0	0	0	0	0	0	0	0	0	0	0	0	0	0	0	0	0	0	0	0	0	0	0	0	0	0	0	0	0	0	2	0	0	0	58	0
FFQ	15	0	0	0	0	0	0	0	0	0	0	0	0	0	0	0	0	0	0	0	0	0	0	1	0	0	0	0	0	0	0	0	0	0	0	0	0	0	6	0	0	0	53	0
FFQ	16	0	0	0	0	0	0	0	0	0	0	0	0	0	0	0	0	0	0	0	0	0	0	0	0	0	0	0	0	0	0	0	0	0	0	0	0	0	8	0	0	0	52	0
FFQ	17	0	0	0	0	0	0	0	0	0	0	0	0	0	0	0	0	0	0	0	0	0	0	0	0	0	0	0	1	0	0	0	0	0	0	0	0	0	1	0	0	0	58	0
FFQ	18	0	0	0	0	0	0	0	0	0	0	0	0	0	0	0	0	0	0	0	0	0	0	0	0	0	0	0	0	0	0	0	0	0	0	0	0	0	3	0	0	0	57	0
FFQ	19	0	0	0	0	0	0	0	0	0	0	0	0	0	0	0	0	0	0	0	0	0	0	0	0	0	0	0	0	0	0	0	0	1	0	0	0	0	3	0	0	0	56	0
FFQ	20	0	0	0	0	0	0	0	0	0	0	0	0	0	0	0	0	0	0	0	0	0	0	0	0	0	0	0	0	0	0	0	0	0	0	0	0	0	1	0	0	0	59	0
FFQ	21	0	0	0	0	0	0	0	0	0	0	0	0	0	0	0	0	0	0	0	0	0	0	0	0	0	0	0	1	0	0	0	0	0	0	0	0	0	4	0	0	0	55	0
FFQ	22	0	0	0	0	0	0	0	0	0	0	0	0	1	0	0	0	0	0	0	0	0	0	0	0	0	0	0	0	0	0	0	0	0	0	0	0	0	2	0	0	0	57	0
FFQ	23	0	0	0	0	0	0	0	0	0	0	0	0	0	0	0	0	0	0	0	0	0	0	0	0	0	0	0	0	0	0	0	0	1	0	0	0	0	4	0	0	0	55	0
FFQ	24	0	0	0	0	0	0	0	0	0	0	0	0	0	0	0	0	0	0	0	0	0	0	0	0	0	0	0	0	0	0	0	0	1	0	0	0	0	1	0	0	0	58	0
FFQ	25	0	0	0	0	0	0	0	0	0	0	0	0	0	0	0	0	0	0	0	0	0	0	1	0	0	0	0	0	0	0	0	0	0	0	0	0	0	4	0	0	0	55	0
FFQ	26	0	0	0	0	0	0	0	0	0	0	0	0	0	0	0	0	0	0	0	0	0	0	0	0	0	0	0	0	0	0	0	0	0	0	0	0	0	0	0	0	0	60	0
FFQ	27	0	0	0	0	0	0	0	0	0	0	0	0	0	0	0	0	0	0	0	0	0	0	0	0	0	0	0	1	0	0	0	0	1	0	0	0	0	3	0	0	0	55	0
FFQ	28	0	0	0	0	0	0	0	0	0	0	0	0	1	0	0	0	0	0	0	0	0	0	0	0	0	0	0	2	0	0	0	0	0	0	0	0	0	3	0	0	0	54	0
FFQ	29	0	0	0	0	0	0	0	0	0	0	0	0	0	0	0	0	0	0	0	0	0	0	0	0	0	0	0	0	0	0	0	0	0	0	0	0	0	5	0	0	0	55	0
FFQ	30	0	0	0	0	0	0	0	0	0	0	0	0	0	0	0	0	0	0	0	0	0	0	0	0	0	0	0	0	0	0	0	0	0	0	0	0	0	4	0	0	0	56	0
FFQ	31	0	0	0	0	0	0	0	0	0	0	0	0	0	0	0	0	0	0	0	0	0	0	1	0	0	0	0	1	0	0	0	0	1	0	0	0	0	3	0	0	0	54	0
FFQ	32	0	0	0	0	0	0	0	0	0	0	0	0	1	0	0	0	0	0	0	0	0	0	0	0	0	0	0	1	0	0	0	0	0	0	0	0	0	2	0	0	0	56	0
FFQ	33	0	0	0	0	0	0	0	0	0	0	0	0	2	0	0	0	0	0	0	0	0	0	0	0	0	0	0	0	0	0	0	0	0	0	0	0	0	0	0	0	0	58	0
FFQ	34	0	0	0	0	0	0	0	0	0	0	0	0	1	0	0	0	0	0	0	0	0	0	0	0	0	0	0	0	0	0	0	0	1	0	0	0	0	1	0	0	0	57	0
FFQ	35	0	0	0	0	0	0	0	0	0	0	0	0	0	0	0	0	0	0	0	0	0	0	0	0	0	0	0	0	0	0	0	0	0	0	0	0	0	5	0	0	0	55	0
FFQ	36	0	0	0	0	0	0	0	0	0	0	0	0	0	0	0	0	0	0	0	0	0	0	1	0	0	0	0	1	0	0	0	0	2	0	0	0	0	3	0	0	0	53	0
FFQ	37	0	0	0	0	0	0	0	0	0	0	0	0	1	0	0	0	0	0	0	0	0	0	0	0	0	0	0	0	0	0	0	0	1	0	0	0	0	5	0	0	0	53	0
FFQ	38	0	0	0	0	0	0	0	0	0	0	0	0	1	0	0	0	0	0	0	0	0	0	0	0	0	0	0	1	0	0	0	0	1	0	0	0	0	3	0	0	0	54	0
FFQ	39	0	0	0	0	0	0	0	0	0	0	0	0	0	0	0	0	0	0	0	0	0	0	0	0	0	0	0	0	0	0	0	0	1	0	0	0	0	5	0	0	0	54	0
FFQ	40	0	0	0	0	0	0	0	0	0	0	0	0	0	0	0	0	0	0	0	0	0	0	1	0	0	0	0	0	0	0	0	0	1	0	0	0	0	3	0	0	0	55	0
FFQ	41	0	0	0	0	0	0	0	0	0	0	0	0	1	0	0	0	0	0	0	0	0	0	0	0	0	0	0	1	0	0	0	0	1	0	0	0	0	4	0	0	0	53	0
FFQ	42	0	0	0	0	0	0	0	0	0	0	0	0	0	0	0	0	0	0	0	0	0	0	1	0	0	0	0	1	0	0	0	0	0	0	0	0	0	4	0	0	0	54	0
FFQ	43	0	0	0	0	0	0	0	0	0	0	0	0	2	0	0	0	0	0	0	0	0	0	0	0	0	0	0	0	0	0	0	0	0	0	0	0	0	5	0	0	0	53	0
FFQ	44	0	0	0	0	0	0	0	0	0	0	0	0	1	0	0	0	0	0	0	0	0	0	0	0	0	0	0	0	0	0	0	0	1	0	0	0	0	3	0	0	0	55	0
FFQ	45	0	0	0	0	0	0	0	0	0	0	0	0	1	0	0	0	0	0	0	0	0	0	0	0	0	0	0	0	0	0	0	0	1	0	0	0	0	4	0	0	0	54	0
FFQ	46	0	0	0	0	0	0	0	0	0	0	0	0	0	0	0	0	0	0	0	0	0	0	0	0	0	0	0	0	0	0	0	0	0	0	0	0	0	5	0	0	0	55	0
FFQ	47	0	0	0	0	0	0	0	0	0	0	0	0	0	0	0	0	0	0	0	0	0	0	0	0	0	0	0	1	0	0	0	0	1	0	0	0	0	2	0	0	0	56	0
FFQ	48	0	0	0	0	0	0	0	0	0	0	0	0	1	0	0	0	0	0	0	0	0	0	1	0	0	0	0	0	0	0	0	0	1	0	0	0	0	1	0	0	0	56	0
FFQ	49	0	0	0	0	0	0	0	0	0	0	0	0	1	0	0	0	0	0	0	0	0	0	0	0	0	0	0	0	0	0	0	0	2	0	0	0	0	3	0	0	0	54	0
FFQ	50	0	0	0	0	0	0	0	0	0	0	0	0	1	0	0	0	0	0	0	0	0	0	0	0	0	0	0	1	0	0	0	0	1	0	0	0	0	2	0	0	0	55	0
FFQ	51	0	0	0	0	0	0	0	0	0	0	0	0	3	0	0	0	0	0	0	0	0	0	0	0	0	0	0	0	0	0	0	0	0	0	0	0	0	3	0	0	0	54	0
FFQ	52	0	0	0	0	0	0	0	0	0	0	0	0	2	0	0	0	0	0	0	0	0	0	0	0	0	0	0	1	0	0	0	0	1	0	0	0	0	4	0	0	0	52	0
FFQ	53	0	0	0	0	0	0	0	0	0	0	0	0	1	0	0	0	0	0	0	0	0	0	1	0	0	0	0	0	0	0	0	0	1	0	0	0	0	3	0	0	0	54	0
FFQ	54	0	0	0	0	0	0	0	0	0	0	0	0	2	0	0	0	0	0	0	0	0	0	1	0	0	0	0	0	0	0	0	0	1	0	0	0	0	4	0	0	0	52	0
FFQ	55	0	0	0	0	0	0	0	0	0	0	0	0	0	0	0	0	0	0	0	0	0	0	1	0	0	0	0	1	0	0	0	0	1	0	0	0	0	4	0	0	0	53	0
FFQ	56	0	0	0	0	0	0	0	0	0	0	0	0	1	0	0	0	0	0	0	0	0	0	0	0	0	0	0	0	0	0	0	0	1	0	0	0	0	2	0	0	0	56	0
FFQ	57	0	0	0	0	0	0	0	0	0	0	0	0	1	0	0	0	0	0	0	0	0	0	0	0	0	0	0	0	0	0	0	0	1	0	0	0	0	5	0	0	0	53	0
FFQ	58	0	0	0	0	0	0	0	0	0	0	0	0	1	0	0	0	0	0	0	0	0	0	0	0	0	0	0	2	0	0	0	0	0	0	0	0	0	1	0	0	0	56	0
FFQ	59	0	0	0	0	0	0	0	0	0	0	0	0	0	0	0	0	0	0	0	0	0	0	0	0	0	0	0	1	0	0	0	0	0	0	0	0	0	2	0	0	0	57	0
FFQ	60	0	0	0	0	0	0	0	0	0	0	0	0	0	0	0	0	0	0	0	0	0	0	0	0	0	0	0	1	0	0	0	0	1	0	0	0	0	6	0	0	0	52	0
FFQ	61	0	0	0	0	0	0	0	0	0	0	0	0	0	0	0	0	0	0	0	0	0	0	0	0	0	0	0	0	0	0	0	0	1	0	0	0	0	5	0	0	0	54	0
FFQ	62	0	0	0	0	0	0	0	0	0	0	0	0	0	0	0	0	0	0	0	0	0	0	0	0	0	0	0	0	0	0	0	0	0	0	0	0	0	3	0	0	0	57	0
FFQ	63	0	0	0	0	0	0	0	0	0	0	0	0	0	0	0	0	0	0	0	0	0	0	0	0	0	0	0	0	0	0	0	0	0	0	0	0	0	7	0	0	0	53	0
FFQ	64	0	0	0	0	0	0	0	0	0	0	0	0	1	0	0	0	0	0	0	0	0	0	0	0	0	0	0	1	0	0	0	0	0	0	0	0	0	2	0	0	0	56	0
FFQ	65	0	0	0	0	0	0	0	0	0	0	0	0	1	0	0	0	0	0	0	0	0	0	1	0	0	0	0	0	0	0	0	0	2	0	0	0	0	4	0	0	0	52	0
FFQ	66	0	0	0	0	0	0	0	0	0	0	0	0	1	0	0	0	0	0	0	0	0	0	0	0	0	0	0	0	0	0	0	0	1	0	0	0	0	6	0	0	0	52	0
FFQ	67	0	0	0	0	0	0	0	0	0	0	0	0	0	0	0	0	0	0	0	0	0	0	0	0	0	0	0	0	0	0	0	0	4	0	0	0	0	3	0	0	0	53	0
FFQ	68	0	0	0	0	0	0	0	0	0	0	0	0	0	0	0	0	0	0	0	0	0	0	0	0	0	0	0	2	0	0	0	0	1	0	0	0	0	3	0	0	0	54	0
FFQ	69	0	0	0	0	0	0	0	0	0	0	0	0	0	0	0	0	0	0	0	0	0	0	1	0	0	0	0	0	0	0	0	0	0	0	0	0	0	4	0	0	0	55	0
FFQ	70	0	0	0	0	0	0	0	0	0	0	0	0	0	0	0	0	0	0	0	0	0	0	1	0	0	0	0	1	0	0	0	0	1	0	0	0	0	1	0	0	0	56	0
FFQ	71	0	0	0	0	0	0	0	0	0	0	0	0	0	0	0	0	0	0	0	0	0	0	1	0	0	0	0	0	0	0	0	0	1	0	0	0	0	3	0	0	0	55	0
FFQ	72	0	0	0	0	0	0	0	0	0	0	0	0	0	0	0	0	0	0	0	0	0	0	0	0	0	0	0	0	0	0	0	0	1	0	0	0	0	3	0	0	0	56	0
FFQ	73	0	0	0	0	0	0	0	0	0	0	0	0	0	0	0	0	0	0	0	0	0	0	0	0	0	0	0	0	0	0	0	0	0	0	0	0	0	6	0	0	0	54	0
FFQ	74	0	0	0	0	0	0	0	0	0	0	0	0	1	0	0	0	0	0	0	0	0	0	0	0	0	0	0	1	0	0	0	0	1	0	0	0	0	3	0	0	0	54	0
FFQ	75	0	0	0	0	0	0	0	0	0	0	0	0	0	0	0	0	0	0	0	0	0	0	1	0	0	0	0	3	0	0	0	0	0	0	0	0	0	5	0	0	0	51	0
FFQ	76	0	0	0	0	0	0	0	0	0	0	0	0	0	0	0	0	0	0	0	0	0	0	0	0	0	0	0	0	0	0	0	0	2	0	0	0	0	5	0	0	0	53	0
FFQ	77	0	0	0	0	0	0	0	0	0	0	0	0	0	0	0	0	0	0	0	0	0	0	0	0	0	0	0	1	0	0	0	0	5	0	0	0	0	4	0	0	0	50	0
FFQ	78	0	0	0	0	0	0	0	0	0	0	0	0	0	0	0	0	0	0	0	0	0	0	0	0	0	0	0	2	0	0	0	0	5	0	0	0	0	3	0	0	0	50	0
FFQ	79	0	0	0	0	0	0	0	0	0	0	0	0	2	0	0	0	0	0	0	0	0	0	0	0	0	0	0	0	0	0	0	0	2	0	0	0	0	1	0	0	0	55	0
FFQ	80	0	0	0	0	0	0	0	0	0	0	0	0	0	0	0	0	0	0	0	0	0	0	0	0	0	0	0	1	0	0	0	0	1	0	0	0	0	5	0	0	0	53	0
FFQ	81	0	0	0	0	0	0	0	0	0	0	0	0	0	0	0	0	0	0	0	0	0	0	0	0	0	0	0	2	0	0	0	0	0	0	0	0	0	4	0	0	0	54	0
FFQ	82	0	0	0	0	0	0	0	0	0	0	0	0	0	0	0	0	0	0	0	0	0	0	0	0	0	0	0	0	0	0	0	0	1	0	0	0	0	6	0	0	0	53	0
FFQ	83	0	0	0	0	0	0	0	0	0	0	0	0	0	0	0	0	0	0	0	0	0	0	0	0	0	0	0	1	0	0	0	0	2	0	0	0	0	2	0	0	0	55	0
FFQ	84	0	0	0	0	0	0	0	0	0	0	0	0	0	0	0	0	0	0	0	0	0	0	1	0	0	0	0	1	0	0	0	0	0	0	0	0	0	4	0	0	0	54	0
FFQ	85	0	0	0	0	0	0	0	0	0	0	0	0	1	0	0	0	0	0	0	0	0	0	0	0	0	0	0	0	0	0	0	0	0	0	0	0	0	7	0	0	0	52	0
FFQ	86	0	0	0	0	0	0	0	0	0	0	0	0	0	0	0	0	0	0	0	0	0	0	0	0	0	0	0	2	0	0	0	0	0	0	0	0	0	4	0	0	0	54	0
FFQ	87	0	0	0	0	0	0	0	0	0	0	0	0	0	0	0	0	0	0	0	0	0	0	0	0	0	0	0	1	0	0	0	0	2	0	0	0	0	2	0	0	0	55	0
FFQ	88	0	0	0	0	0	0	0	0	0	0	0	0	1	0	0	0	0	0	0	0	0	0	1	0	0	0	0	0	0	0	0	0	0	0	0	0	0	6	0	0	0	52	0
FFQ	89	0	0	0	0	0	0	0	0	0	0	0	0	0	0	0	0	0	0	0	0	0	0	1	0	0	0	0	1	0	0	0	0	1	0	0	0	0	6	0	0	0	51	0
FFQ	90	0	0	0	0	0	0	0	0	0	0	0	0	1	0	0	0	0	0	0	0	0	0	0	0	0	0	0	0	0	0	0	0	1	0	0	0	0	8	0	0	0	50	0
FFQ	91	0	0	0	0	0	0	0	0	0	0	0	0	1	0	0	0	0	0	0	0	0	0	0	0	0	0	0	1	0	0	0	0	3	0	0	0	0	6	0	0	0	49	0
FFQ	92	0	0	0	0	0	0	0	0	0	0	0	0	0	0	0	0	0	0	0	0	0	0	0	0	0	0	0	0	0	0	0	0	3	0	0	0	0	4	0	0	0	53	0
FFQ	93	0	0	0	0	0	0	0	0	0	0	0	0	1	0	0	0	0	0	0	0	0	0	1	0	0	0	0	0	0	0	0	0	1	0	0	0	0	5	0	0	0	52	0
FFQ	94	0	0	0	0	0	0	0	0	0	0	0	0	0	0	0	0	0	0	0	0	0	0	1	0	0	0	0	1	0	0	0	0	2	0	0	0	0	4	0	0	0	52	0
FFQ	95	0	0	0	0	0	0	0	0	0	0	0	0	0	0	0	0	0	0	0	0	0	0	1	0	0	0	0	1	0	0	0	0	1	0	0	0	0	6	0	0	0	51	0
FFQ	96	0	0	0	0	0	0	0	0	0	0	0	0	1	0	0	0	0	0	0	0	0	0	0	0	0	0	0	1	0	0	0	0	2	0	0	0	0	2	0	0	0	54	0
FFQ	97	0	0	0	0	0	0	0	0	0	0	0	0	2	0	0	0	0	0	0	0	0	0	0	0	0	0	0	1	0	0	0	0	1	0	0	0	0	7	0	0	0	49	0
FFQ	98	0	0	0	0	0	0	0	0	0	0	0	0	0	0	0	0	0	0	0	0	0	0	1	0	0	0	0	1	0	0	0	0	1	0	0	0	0	5	0	0	0	52	0
FFQ	99	0	0	0	0	0	0	0	0	0	0	0	0	2	0	0	0	0	0	0	0	0	0	0	0	0	0	0	1	0	0	0	0	1	0	0	0	0	5	0	0	0	51	0
FFQ	100	0	0	0	0	0	0	0	0	0	0	0	0	0	0	0	0	0	0	0	0	0	0	0	0	0	0	0	2	0	0	0	0	1	0	0	0	0	3	0	0	0	54	0
FFQ	101	0	0	0	0	0	0	0	0	0	0	0	0	0	0	0	0	0	0	0	0	0	0	1	0	0	0	0	1	0	0	0	0	1	0	0	0	0	10	0	0	0	47	0
FFQ	102	0	0	0	0	0	0	0	0	0	0	0	0	0	0	0	0	0	0	0	0	0	0	0	0	0	0	0	2	0	0	0	0	0	0	0	0	0	4	0	0	0	54	0
FFQ	103	0	0	0	0	0	0	0	0	0	0	0	0	1	0	0	0	0	0	0	0	0	0	0	0	0	0	0	0	0	0	0	0	0	0	0	0	0	4	0	0	0	55	0
FFQ	104	0	0	0	0	0	0	0	0	0	0	0	0	0	0	0	0	0	0	0	0	0	0	1	0	0	0	0	0	0	0	0	0	2	0	0	0	0	5	0	0	0	52	0
FFQ	105	0	0	0	0	0	0	0	0	0	0	0	0	2	0	0	0	0	0	0	0	0	0	1	0	0	0	0	1	0	0	0	0	1	0	0	0	0	6	0	0	0	49	0
FFQ	106	0	0	0	0	0	0	0	0	0	0	0	0	0	0	0	0	0	0	0	0	0	0	1	0	0	0	0	0	0	0	0	0	1	0	0	0	0	4	0	0	0	54	0
FFQ	107	0	0	0	0	0	0	0	0	0	0	0	0	0	0	0	0	0	0	0	0	0	0	0	0	0	0	0	1	0	0	0	0	0	0	0	0	0	8	0	0	0	51	0
FFQ	108	0	0	0	0	0	0	0	0	0	0	0	0	1	0	0	0	0	0	0	0	0	0	0	0	0	0	0	0	0	0	0	0	2	0	0	0	0	5	0	0	0	52	0
FFQ	109	0	0	0	0	0	0	0	0	0	0	0	0	0	0	0	0	0	0	0	0	0	0	0	0	0	0	0	1	0	0	0	0	2	0	0	0	0	7	0	0	0	50	0
FFQ	110	0	0	0	0	0	0	0	0	0	0	0	0	2	0	0	0	0	0	0	0	0	0	0	0	0	0	0	0	0	0	0	0	2	0	0	0	0	6	0	0	0	50	0
FFQ	111	0	0	0	0	0	0	0	0	0	0	0	0	0	0	0	0	0	0	0	0	0	0	0	0	0	0	0	0	0	0	0	0	1	0	0	0	0	7	0	0	0	52	0
FFQ	112	0	0	0	0	0	0	0	0	0	0	0	0	0	0	0	0	0	0	0	0	0	0	0	0	0	0	0	0	0	0	0	0	3	0	0	0	0	6	0	0	0	51	0
FFQ	113	0	0	0	0	0	0	0	0	0	0	0	0	1	0	0	0	0	0	0	0	0	0	0	0	0	0	0	0	0	0	0	0	3	0	0	0	0	5	0	0	0	51	0
FFQ	114	0	0	0	0	0	0	0	0	0	0	0	0	0	0	0	0	0	0	0	0	0	0	0	0	0	0	0	1	0	0	0	0	3	0	0	0	0	3	0	0	0	53	0
FFQ	115	0	0	0	0	0	0	0	0	0	0	0	0	0	0	0	0	0	0	0	0	0	0	0	0	0	0	0	2	0	0	0	0	2	0	0	0	0	2	0	0	0	54	0
FFQ	116	0	0	0	0	0	0	0	0	0	0	0	0	0	0	0	0	0	0	0	0	0	0	0	0	0	0	0	0	0	0	0	0	0	0	0	0	0	6	0	0	0	54	0
FFQ	117	0	0	0	0	0	0	0	0	0	0	0	0	1	0	0	0	0	0	0	0	0	0	0	0	0	0	0	0	0	0	0	0	2	0	0	0	0	2	0	0	0	55	0
FFQ	118	0	0	0	0	0	0	0	0	0	0	0	0	0	0	0	0	0	0	0	0	0	0	0	0	0	0	0	2	0	0	0	0	5	0	0	0	0	4	0	0	0	49	0
FFQ	119	0	0	0	0	0	0	0	0	0	0	0	0	0	0	0	0	0	0	0	0	0	0	0	0	0	0	0	1	0	0	0	0	2	0	0	0	0	9	0	0	0	48	0
FFQ	120	0	0	0	0	0	0	0	0	0	0	0	0	0	0	0	0	0	0	0	0	0	0	0	0	0	0	0	1	0	0	0	0	1	0	0	0	0	5	0	0	0	53	0
FFQ	121	0	0	0	0	0	0	0	0	0	0	0	0	0	0	0	0	0	0	0	0	0	0	0	0	0	0	0	0	0	0	0	0	1	0	0	0	0	10	0	0	0	49	0
FFQ	122	0	0	0	0	0	0	0	0	0	0	0	0	0	0	0	0	0	0	0	0	0	0	0	0	0	0	0	1	0	0	0	0	4	0	0	0	0	5	0	0	0	50	0
FFQ	123	0	0	0	0	0	0	0	0	0	0	0	0	1	0	0	0	0	0	0	0	0	0	0	0	0	0	0	0	0	0	0	0	2	0	0	0	0	5	0	0	0	52	0
FFQ	124	0	0	0	0	0	0	0	0	0	0	0	0	0	0	0	0	0	0	0	0	0	0	2	0	0	0	0	1	0	0	0	0	1	0	0	0	0	9	0	0	0	47	0
FFQ	125	0	0	0	0	0	0	0	0	0	0	0	0	0	0	0	0	0	0	0	0	0	0	2	0	0	0	0	2	0	0	0	0	2	0	0	0	0	6	0	0	0	48	0
FFQ	126	0	0	0	0	0	0	0	0	0	0	0	0	1	0	0	0	0	0	0	0	0	0	1	0	0	0	0	1	0	0	0	0	2	0	0	0	0	6	0	0	0	49	0
FFQ	127	0	0	0	0	0	0	0	0	0	0	0	0	0	0	0	0	0	0	0	0	0	0	0	0	0	0	0	3	0	0	0	0	4	0	0	0	0	5	0	0	0	48	0
FFQ	128	0	0	0	0	0	0	0	0	0	0	0	0	0	0	0	0	0	0	0	0	0	0	1	0	0	0	0	1	0	0	0	0	4	0	0	0	0	5	0	0	0	49	0
FFQ	129	0	0	0	0	0	0	0	0	0	0	0	0	0	0	0	0	0	0	0	0	0	0	0	0	0	0	0	0	0	0	0	0	2	0	0	0	0	7	0	0	0	51	0
FFQ	130	0	0	0	0	0	0	0	0	0	0	0	0	1	0	0	0	0	0	0	0	0	0	0	0	0	0	0	2	0	0	0	0	1	0	0	0	0	7	0	0	0	49	0
FFQ	131	0	0	0	0	0	0	0	0	0	0	0	0	0	0	0	0	0	0	0	0	0	0	1	0	0	0	0	1	0	0	0	0	0	0	0	0	0	7	0	0	0	51	0
FFQ	132	0	0	0	0	0	0	0	0	0	0	0	0	1	0	0	0	0	0	0	0	0	0	1	0	0	0	0	0	0	0	0	0	2	0	0	0	0	3	0	0	0	53	0
FFQ	133	0	0	0	0	0	0	0	0	0	0	0	0	0	0	0	0	0	0	0	0	0	0	0	0	0	0	0	2	0	0	0	0	4	0	0	0	0	8	0	0	0	46	0
FFQ	134	0	0	0	0	0	0	0	0	0	0	0	0	1	0	0	0	0	0	0	0	0	0	1	0	0	0	0	0	0	0	0	0	2	0	0	0	0	7	0	0	0	49	0
FFQ	135	0	0	0	0	0	0	0	0	0	0	0	0	1	0	0	0	0	0	0	0	0	0	1	0	0	0	0	0	0	0	0	0	3	0	0	0	0	6	0	0	0	49	0
FFQ	136	0	0	0	0	0	0	0	0	0	0	0	0	1	0	0	0	0	0	0	0	0	0	3	0	0	0	0	0	0	0	0	0	1	0	0	0	0	5	0	0	0	50	0
FFQ	137	0	0	0	0	0	0	0	0	0	0	0	0	0	0	0	0	0	0	0	0	0	0	1	0	0	0	0	2	0	0	0	0	0	0	0	0	0	4	0	0	0	53	0
FFQ	138	0	0	0	0	0	0	0	0	0	0	0	0	1	0	0	0	0	0	0	0	0	0	2	0	0	0	0	4	0	0	0	0	0	0	0	0	0	8	0	0	0	45	0
FFQ	139	0	0	0	0	0	0	0	0	0	0	0	0	0	0	0	0	0	0	0	0	0	0	1	0	0	0	0	2	0	0	0	0	4	0	0	0	0	6	0	0	0	47	0
FFQ	140	0	0	0	0	0	0	0	0	0	0	0	0	1	0	0	0	0	0	0	0	0	0	0	0	0	0	0	1	0	0	0	0	1	0	0	0	0	7	0	0	0	50	0
FFQ	141	0	0	0	0	0	0	0	0	0	0	0	0	1	0	0	0	0	0	0	0	0	0	0	0	0	0	0	3	0	0	0	0	1	0	0	0	0	4	0	0	0	51	0
FFQ	142	0	0	0	0	0	0	0	0	0	0	0	0	3	0	0	0	0	0	0	0	0	0	0	0	0	0	0	1	0	0	0	0	2	0	0	0	0	7	0	0	0	47	0
FFQ	143	0	0	0	0	0	0	0	0	0	0	0	0	2	0	0	0	0	0	0	0	0	0	1	0	0	0	0	0	0	0	0	0	6	0	0	0	0	11	0	0	0	40	0
FFQ	144	0	0	0	0	0	0	0	0	0	0	0	0	1	0	0	0	0	0	0	0	0	0	1	0	0	0	0	2	0	0	0	0	3	0	0	0	0	8	0	0	0	45	0
FFQ	145	0	0	0	0	0	0	0	0	0	0	0	0	1	0	0	0	0	0	0	0	0	0	1	0	0	0	0	2	0	0	0	0	5	0	0	0	0	7	0	0	0	44	0
FFQ	146	0	0	0	0	0	0	0	0	0	0	0	0	0	0	0	0	0	0	0	0	0	0	2	0	0	0	0	3	0	0	0	0	2	0	0	0	0	8	0	0	0	45	0
FFQ	147	0	0	0	0	0	0	0	0	0	0	0	0	0	0	0	0	0	0	0	0	0	0	0	0	0	0	0	4	0	0	0	0	3	0	0	0	0	6	0	0	0	47	0
FFQ	148	0	0	0	0	0	0	0	0	0	0	0	0	0	0	0	0	0	0	0	0	0	0	0	0	0	0	0	3	0	0	0	0	1	0	0	0	0	11	0	0	0	45	0
FFQ	149	0	0	0	0	0	0	0	0	0	0	0	0	0	0	0	0	0	0	0	0	0	0	2	0	0	0	0	0	0	0	0	0	2	0	0	0	0	9	0	0	0	47	0
FFQ	150	0	0	0	0	0	0	0	0	0	0	0	0	0	0	0	0	0	0	0	0	0	0	0	0	0	0	0	2	0	0	0	0	3	0	0	0	0	11	0	0	0	43	0
FFQ	151	0	0	0	0	0	0	0	0	0	0	0	0	0	0	0	0	0	0	0	0	0	0	0	0	0	0	0	2	0	0	0	0	7	0	0	0	0	22	0	0	0	27	0
# Last Fragment Qualities. Use `grep ^LFQ | cut -f 2-` to extract this part.
# Columns correspond to qualities and rows to cycles. First column is the cycle number.
LFQ	1	0	0	1	0	0	0	0	0	0	0	0	0	3	0	0	0	0	0	0	0	0	0	0	0	0	0	0	3	0	0	0	0	49	0	0	0	0	0	0	0	0	0	0
LFQ	2	0	0	0	0	0	0	0	0	0	0	0	0	2	0	0	0	0	0	0	0	0	0	0	0	0	0	0	0	0	0	0	0	54	0	0	0	0	0	0	0	0	0	0
LFQ	3	0	0	0	0	0	0	0	0	0	0	0	0	3	0	0	0	0	0	0	0	0	0	0	0	0	0	0	2	0	0	0	0	20	0	0	0	0	31	0	0	0	0	0
LFQ	4	0	0	0	0	0	0	0	0	0	0	0	0	4	0	0	0	0	0	0	0	0	0	0	0	0	0	0	0	0	0	0	0	5	0	0	0	0	47	0	0	0	0	0
LFQ	5	0	0	0	0	0	0	0	0	0	0	0	0	5	0	0	0	0	0	0	0	0	0	1	0	0	0	0	1	0	0	0	0	2	0	0	0	0	47	0	0	0	0	0
LFQ	6	0	0	0	0	0	0	0	0	0	0	0	0	0	0	0	0	0	0	0	0	0	0	1	0	0	0	0	1	0	0	0	0	2	0	0	0	0	6	0	0	0	46	0
LFQ	7	0	0	0	0	0	0	0	0	0	0	0	0	2	0	0	0	0	0	0	0	0	0	0	0	0	0	0	2	0	0	0	0	1	0	0	0	0	7	0	0	0	44	0
LFQ	8	0	0	0	0	0	0	0	0	0	0	0	0	3	0	0	0	0	0	0	0	0	0	1	0	0	0	0	0	0	0	0	0	2	0	0	0	0	7	0	0	0	43	0
LFQ	9	0	0	0	0	0	0	0	0	0	0	0	0	1	0	0	0	0	0	0	0	0	0	2	0	0	0	0	0	0	0	0	0	2	0	0	0	0	6	0	0	0	45	0
LFQ	10	0	0	0	0	0	0	0	0	0	0	0	0	1	0	0	0	0	0	0	0	0	0	1	0	0	0	0	1	0	0	0	0	5	0	0	0	0	6	0	0	0	42	0
LFQ	11	0	0	0	0	0	0	0	0	0	0	0	0	2	0	0	0	0	0	0	0	0	0	0	0	0	0	0	1	0	0	0	0	2	0	0	0	0	7	0	0	0	44	0
LFQ	12	0	0	0	0	0	0	0	0	0	0	0	0	1	0	0	0	0	0	0	0	0	0	0	0	0	0	0	0	0	0	0	0	3	0	0	0	0	4	0	0	0	48	0
LFQ	13	0	0	0	0	0	0	0	0	0	0	0	0	2	0	0	0	0	0	0	0	0	0	0	0	0	0	0	1	0	0	0	0	3	0	0	0	0	5	0	0	0	45	0
LFQ	14	0	0	0	0	0	0	0	0	0	0	0	0	2	0	0	0	0	0	0	0	0	0	0	0	0	0	0	2	0	0	0	0	3	0	0	0	0	7	0	0	0	42	0
LFQ	15	0	0	0	0	0	0	0	0	0	0	0	0	2	0	0	0	0	0	0	0	0	0	0	0	0	0	0	2	0	0	0	0	2	0	0	0	0	8	0	0	0	42	0
LFQ	16	0	0	0	0	0	0	0	0	0	0	0	0	0	0	0	0	0	0	0	0	0	0	0	0	0	0	0	0	0	0	0	0	5	0	0	0	0	5	0	0	0	46	0
LFQ	17	0	0	0	0	0	0	0	0	0	0	0	0	2	0	0	0	0	0	0	0	0	0	0	0	0	0	0	1	0	0	0	0	2	0	0	0	0	2	0	0	0	49	0
LFQ	18	0	0	0	0	0	0	0	0	0	0	0	0	2	0	0	0	0	0	0	0	0	0	0	0	0	0	0	2	0	0	0	0	4	0	0	0	0	6	0	0	0	42	0
LFQ	19	0	0	0	0	0	0	0	0	0	0	0	0	3	0	0	0	0	0	0	0	0	0	1	0	0	0	0	3	0	0	0	0	0	0	0	0	0	8	0	0	0	41	0
LFQ	20	0	0	0	0	0	0	0	0	0	0	0	0	1	0	0	0	0	0	0	0	0	0	2	0	0	0	0	2	0	0	0	0	1	0	0	0	0	9	0	0	0	41	0
LFQ	21	0	0	0	0	0	0	0	0	0	0	0	0	1	0	0	0	0	0	0	0	0	0	1	0	0	0	0	1	0	0	0	0	1	0	0	0	0	10	0	0	0	42	0
LFQ	22	0	0	0	0	0	0	0	0	0	0	0	0	0	0	0	0	0	0	0	0	0	0	3	0	0	0	0	2	0	0	0	0	1	0	0	0	0	7	0	0	0	43	0
LFQ	23	0	0	0	0	0	0	0	0	0	0	0	0	1	0	0	0	0	0	0	0	0	0	1	0	0	0	0	3	0	0	0	0	4	0	0	0	0	7	0	0	0	40	0
LFQ	24	0	0	0	0	0	0	0	0	0	0	0	0	0	0	0	0	0	0	0	0	0	0	1	0	0	0	0	4	0	0	0	0	4	0	0	0	0	2	0	0	0	45	0
LFQ	25	0	0	0	0	0	0	0	0	0	0	0	0	1	0	0	0	0	0	0	0	0	0	0	0	0	0	0	1	0	0	0	0	3	0	0	0	0	11	0	0	0	40	0
LFQ	26	0	0	0	0	0	0	0	0	0	0	0	0	0	0	0	0	0	0	0	0	0	0	2	0	0	0	0	2	0	0	0	0	3	0	0	0	0	8	0	0	0	41	0
LFQ	27	0	0	0	0	0	0	0	0	0	0	0	0	1	0	0	0	0	0	0	0	0	0	1	0	0	0	0	1	0	0	0	0	2	0	0	0	0	6	0	0	0	45	0
LFQ	28	0	0	0	0	0	0	0	0	0	0	0	0	1	0	0	0	0	0	0	0	0	0	1	0	0	0	0	3	0	0	0	0	3	0	0	0	0	7	0	0	0	41	0
LFQ	29	0	0	0	0	0	0	0	0	0	0	0	0	0	0	0	0	0	0	0	0	0	0	2	0	0	0	0	4	0	0	0	0	2	0	0	0	0	8	0	0	0	40	0
LFQ	30	0	0	0	0	0	0	0	0	0	0	0	0	0	0	0	0	0	0	0	0	0	0	1	0	0	0	0	0	0	0	0	0	3	0	0	0	0	7	0	0	0	45	0
LFQ	31	0	0	0	0	0	0	0	0	0	0	0	0	0	0	0	0	0	0	0	0	0	0	1	0	0	0	0	1	0	0	0	0	2	0	0	0	0	4	0	0	0	48	0
LFQ	32	0	0	0	0	0	0	0	0	0	0	0	0	2	0	0	0	0	0	0	0	0	0	0	0	0	0	0	0	0	0	0	0	5	0	0	0	0	6	0	0	0	43	0
LFQ	33	0	0	0	0	0	0	0	0	0	0	0	0	0	0	0	0	0	0	0	0	0	0	0	0	0	0	0	1	0	0	0	0	4	0	0	0	0	13	0	0	0	38	0
LFQ	34	0	0	0	0	0	0	0	0	0	0	0	0	2	0	0	0	0	0	0	0	0	0	2	0	0	0	0	0	0	0	0	0	0	0	0	0	0	4	0	0	0	48	0
LFQ	35	0	0	0	0	0	0	0	0	0	0	0	0	2	0	0	0	0	0	0	0	0	0	2	0	0	0	0	1	0	0	0	0	1	0	0	0	0	7	0	0	0	43	0
LFQ	36	0	0	0	0	0	0	0	0	0	0	0	0	1	0	0	0	0	0	0	0	0	0	2	0	0	0	0	1	0	0	0	0	0	0	0	0	0	12	0	0	0	40	0
LFQ	37	0	0	0	0	0	0	0	0	0	0	0	0	2	0	0	0	0	0	0	0	0	0	0	0	0	0	0	1	0	0	0	0	3	0	0	0	0	12	0	0	0	38	0
LFQ	38	0	0	0	0	0	0	0	0	0	0	0	0	2	0	0	0	0	0	0	0	0	0	1	0	0	0	0	3	0	0	0	0	0	0	0	0	0	11	0	0	0	39	0
LFQ	39	0	0	0	0	0	0	0	0	0	0	0	0	1	0	0	0	0	0	0	0	0	0	2	0	0	0	0	2	0	0	0	0	6	0	0	0	0	6	0	0	0	39	0
LFQ	40	0	0	0	0	0	0	0	0	0	0	0	0	2	0	0	0	0	0	0	0	0	0	1	0	0	0	0	2	0	0	0	0	4	0	0	0	0	11	0	0	0	36	0
LFQ	41	0	0	0	0	0	0	0	0	0	0	0	0	0	0	0	0	0	0	0	0	0	0	1	0	0	0	0	2	0	0	0	0	3	0	0	0	0	10	0	0	0	40	0
LFQ	42	0	0	0	0	0	0	0	0	0	0	0	0	1	0	0	0	0	0	0	0	0	0	1	0	0	0	0	4	0	0	0	0	1	0	0	0	0	13	0	0	0	36	0
LFQ	43	0	0	0	0	0	0	0	0	0	0	0	0	0	0	0	0	0	0	0	0	0	0	1	0	0	0	0	1	0	0	0	0	6	0	0	0	0	4	0	0	0	44	0
LFQ	44	0	0	0	0	0	0	0	0	0	0	0	0	0	0	0	0	0	0	0	0	0	0	0	0	0	0	0	2	0	0	0	0	3	0	0	0	0	8	0	0	0	43	0
LFQ	45	0	0	0	0	0	0	0	0	0	0	0	0	0	0	0	0	0	0	0	0	0	0	0	0	0	0	0	2	0	0	0	0	3	0	0	0	0	11	0	0	0	40	0
LFQ	46	0	0	0	0	0	0	0	0	0	0	0	0	0	0	0	0	0	0	0	0	0	0	1	0	0	0	0	4	0	0	0	0	4	0	0	0	0	4	0	0	0	43	0
LFQ	47	0	0	0	0	0	0	0	0	0	0	0	0	0	0	0	0	0	0	0	0	0	0	1	0	0	0	0	2	0	0	0	0	3	0	0	0	0	6	0	0	0	44	0
LFQ	48	0	0	0	0	0	0	0	0	0	0	0	0	1	0	0	0	0	0	0	0	0	0	1	0	0	0	0	0	0	0	0	0	1	0	0	0	0	11	0	0	0	42	0
LFQ	49	0	0	0	0	0	0	0	0	0	0	0	0	2	0	0	0	0	0	0	0	0	0	0	0	0	0	0	0	0	0	0	0	2	0	0	0	0	12	0	0	0	40	0
LFQ	50	0	0	0	0	0	0	0	0	0	0	0	0	0	0	0	0	0	0	0	0	0	0	0	0	0	0	0	1	0	0	0	0	2	0	0	0	0	9	0	0	0	44	0
LFQ	51	0	0	0	0	0	0	0	0	0	0	0	0	1	0	0	0	0	0	0	0	0	0	0	0	0	0	0	0	0	0	0	0	1	0	0	0	0	6	0	0	0	48	0
LFQ	52	0	0	0	0	0	0	0	0	0	0	0	0	1	0	0	0	0	0	0	0	0	0	2	0	0	0	0	1	0	0	0	0	3	0	0	0	0	12	0	0	0	37	0
LFQ	53	0	0	0	0	0	0	0	0	0	0	0	0	1	0	0	0	0	0	0	0	0	0	3	0	0	0	0	2	0	0	0	0	2	0	0	0	0	9	0	0	0	39	0
LFQ	54	0	0	0	0	0	0	0	0	0	0	0	0	1	0	0	0	0	0	0	0	0	0	2	0	0	0	0	0	0	0	0	0	3	0	0	0	0	8	0	0	0	42	0
LFQ	55	0	0	0	0	0	0	0	0	0	0	0	0	1	0	0	0	0	0	0	0	0	0	1	0	0	0	0	1	0	0	0	0	2	0	0	0	0	8	0	0	0	43	0
LFQ	56	0	0	0	0	0	0	0	0	0	0	0	0	1	0	0	0	0	0	0	0	0	0	1	0	0	0	0	1	0	0	0	0	3	0	0	0	0	6	0	0	0	44	0
LFQ	57	0	0	0	0	0	0	0	0	0	0	0	0	1	0	0	0	0	0	0	0	0	0	0	0	0	0	0	0	0	0	0	0	3	0	0	0	0	7	0	0	0	45	0
LFQ	58	0	0	0	0	0	0	0	0	0	0	0	0	2	0	0	0	0	0	0	0	0	0	1	0	0	0	0	2	0	0	0	0	2	0	0	0	0	9	0	0	0	40	0
LFQ	59	0	0	0	0	0	0	0	0	0	0	0	0	2	0	0	0	0	0	0	0	0	0	1	0	0	0	0	2	0	0	0	0	4	0	0	0	0	9	0	0	0	38	0
LFQ	60	0	0	0	0	0	0	0	0	0	0	0	0	2	0	0	0	0	0	0	0	0	0	1	0	0	0	0	1	0	0	0	0	3	0	0	0	0	7	0	0	0	42	0
LFQ	61	0	0	0	0	0	0	0	0	0	0	0	0	0	0	0	0	0	0	0	0	0	0	1	0	0	0	0	1	0	0	0	0	1	0	0	0	0	8	0	0	0	45	0
LFQ	62	0	0	0	0	0	0	0	0	0	0	0	0	1	0	0	0	0	0	0	0	0	0	0	0	0	0	0	1	0	0	0	0	3	0	0	0	0	12	0	0	0	39	0
LFQ	63	0	0	0	0	0	0	0	0	0	0	0	0	3	0	0	0	0	0	0	0	0	0	0	0	0	0	0	2	0	0	0	0	1	0	0	0	0	7	0	0	0	43	0
LFQ	64	0	0	0	0	0	0	0	0	0	0	0	0	3	0	0	0	0	0	0	0	0	0	2	0	0	0	0	1	0	0	0	0	2	0	0	0	0	9	0	0	0	39	0
LFQ	65	0	0	0	0	0	0	0	0	0	0	0	0	2	0	0	0	0	0	0	0	0	0	1	0	0	0	0	1	0	0	0	0	1	0	0	0	0	8	0	0	0	43	0
LFQ	66	0	0	0	0	0	0	0	0	0	0	0	0	2	0	0	0	0	0	0	0	0	0	1	0	0	0	0	2	0	0	0	0	1	0	0	0	0	10	0	0	0	40	0
LFQ	67	0	0	0	0	0	0	0	0	0	0	0	0	0	0	0	0	0	0	0	0	0	0	2	0	0	0	0	0	0	0	0	0	3	0	0	0	0	6	0	0	0	45	0
LFQ	68	0	0	0	0	0	0	0	0	0	0	0	0	2	0	0	0	0	0	0	0	0	0	3	0	0	0	0	0	0	0	0	0	0	0	0	0	0	9	0	0	0	42	0
LFQ	69	0	0	0	0	0	0	0	0	0	0	0	0	1	0	0	0	0	0	0	0	0	0	0	0	0	0	0	4	0	0	0	0	1	0	0	0	0	6	0	0	0	44	0
LFQ	70	0	0	0	0	0	0	0	0	0	0	0	0	0	0	0	0	0	0	0	0	0	0	1	0	0	0	0	1	0	0	0	0	1	0	0	0	0	7	0	0	0	46	0
LFQ	71	0	0	0	0	0	0	0	0	0	0	0	0	3	0	0	0	0	0	0	0	0	0	0	0	0	0	0	3	0	0	0	0	3	0	0	0	0	4	0	0	0	43	0
LFQ	72	0	0	0	0	0	0	0	0	0	0	0	0	0	0	0	0	0	0	0	0	0	0	1	0	0	0	0	0	0	0	0	0	6	0	0	0	0	12	0	0	0	37	0
LFQ	73	0	0	0	0	0	0	0	0	0	0	0	0	3	0	0	0	0	0	0	0	0	0	2	0	0	0	0	2	0	0	0	0	3	0	0	0	0	5	0	0	0	41	0
LFQ	74	0	0	0	0	0	0	0	0	0	0	0	0	1	0	0	0	0	0	0	0	0	0	0	0	0	0	0	1	0	0	0	0	5	0	0	0	0	12	0	0	0	37	0
LFQ	75	0	0	0	0	0	0	0	0	0	0	0	0	1	0	0	0	0	0	0	0	0	0	1	0	0	0	0	0	0	0	0	0	5	0	0	0	0	13	0	0	0	36	0
LFQ	76	0	0	0	0	0	0	0	0	0	0	0	0	1	0	0	0	0	0	0	0	0	0	0	0	0	0	0	1	0	0	0	0	4	0	0	0	0	9	0	0	0	41	0
LFQ	77	0	0	0	0	0	0	0	0	0	0	0	0	0	0	0	0	0	0	0	0	0	0	2	0	0	0	0	2	0	0	0	0	8	0	0	0	0	16	0	0	0	28	0
LFQ	78	0	0	0	0	0	0	0	0	0	0	0	0	0	0	0	0	0	0	0	0	0	0	2	0	0	0	0	1	0	0	0	0	5	0	0	0	0	15	0	0	0	33	0
LFQ	79	0	0	0	0	0	0	0	0	0	0	0	0	2	0	0	0	0	0	0	0	0	0	1	0	0	0	0	1	0	0	0	0	3	0	0	0	0	5	0	0	0	44	0
LFQ	80	0	0	0	0	0	0	0	0	0	0	0	0	2	0	0	0	0	0	0	0	0	0	0	0	0	0	0	0	0	0	0	0	6	0	0	0	0	5	0	0	0	43	0
LFQ	81	0	0	0	0	0	0	0	0	0	0	0	0	1	0	0	0	0	0	0	0	0	0	0	0	0	0	0	0	0	0	0	0	3	0	0	0	0	11	0	0	0	41	0
LFQ	82	0	0	0	0	0	0	0	0	0	0	0	0	1	0	0	0	0	0	0	0	0	0	1	0	0	0	0	2	0	0	0	0	2	0	0	0	0	8	0	0	0	42	0
LFQ	83	0	0	0	0	0	0	0	0	0	0	0	0	2	0	0	0	0	0	0	0	0	0	0	0	0	0	0	2	0	0	0	0	3	0	0	0	0	9	0	0	0	40	0
LFQ	84	0	0	0	0	0	0	0	0	0	0	0	0	1	0	0	0	0	0	0	0	0	0	0	0	0	0	0	2	0	0	0	0	2	0	0	0	0	5	0	0	0	46	0
LFQ	85	0	0	0	0	0	0	0	0	0	0	0	0	0	0	0	0	0	0	0	0	0	0	2	0	0	0	0	3	0	0	0	0	4	0	0	0	0	2	0	0	0	45	0
LFQ	86	0	0	0	0	0	0	0	0	0	0	0	0	1	0	0	0	0	0	0	0	0	0	0	0	0	0	0	0	0	0	0	0	5	0	0	0	0	7	0	0	0	43	0
LFQ	87	0	0	0	0	0	0	0	0	0	0	0	0	2	0	0	0	0	0	0	0	0	0	1	0	0	0	0	1	0	0	0	0	1	0	0	0	0	7	0	0	0	44	0
LFQ	88	0	0	0	0	0	0	0	0	0	0	0	0	2	0	0	0	0	0	0	0	0	0	1	0	0	0	0	1	0	0	0	0	0	0	0	0	0	8	0	0	0	44	0
LFQ	89	0	0	0	0	0	0	0	0	0	0	0	0	1	0	0	0	0	0	0	0	0	0	2	0	0	0	0	1	0	0	0	0	0	0	0	0	0	4	0	0	0	48	0
LFQ	90	0	0	0	0	0	0	0	0	0	0	0	0	1	0	0	0	0	0	0	0	0	0	1	0	0	0	0	1	0	0	0	0	3	0	0	0	0	5	0	0	0	45	0
LFQ	91	0	0	0	0	0	0	0	0	0	0	0	0	0	0	0	0	0	0	0	0	0	0	2	0	0	0	0	4	0	0	0	0	1	0	0	0	0	7	0	0	0	42	0
LFQ	92	0	0	0	0	0	0	0	0	0	0	0	0	1	0	0	0	0	0	0	0	0	0	0	0	0	0	0	1	0	0	0	0	2	0	0	0	0	4	0	0	0	48	0
LFQ	93	0	0	0	0	0	0	0	0	0	0	0	0	0	0	0	0	0	0	0	0	0	0	0	0	0	0	0	1	0	0	0	0	2	0	0	0	0	7	0	0	0	46	0
LFQ	94	0	0	0	0	0	0	0	0	0	0	0	0	0	0	0	0	0	0	0	0	0	0	1	0	0	0	0	3	0	0	0	0	2	0	0	0	0	5	0	0	0	45	0
LFQ	95	0	0	0	0	0	0	0	0	0	0	0	0	1	0	0	0	0	0	0	0	0	0	1	0	0	0	0	0	0	0	0	0	4	0	0	0	0	3	0	0	0	47	0
LFQ	96	0	0	0	0	0	0	0	0	0	0	0	0	2	0	0	0	0	0	0	0	0	0	0	0	0	0	0	3	0	0	0	0	1	0	0	0	0	5	0	0	0	45	0
LFQ	97	0	0	0	0	0	0	0	0	0	0	0	0	3	0	0	0	0	0	0	0	0	0	0	0	0	0	0	1	0	0	0	0	2	0	0	0	0	10	0	0	0	40	0
LFQ	98	0	0	0	0	0	0	0	0	0	0	0	0	0	0	0	0	0	0	0	0	0	0	0	0	0	0	0	3	0	0	0	0	2	0	0	0	0	4	0	0	0	47	0
LFQ	99	0	0	0	0	0	0	0	0	0	0	0	0	1	0	0	0	0	0	0	0	0	0	0	0	0	0	0	2	0	0	0	0	1	0	0	0	0	6	0	0	0	46	0
LFQ	100	0	0	0	0	0	0	0	0	0	0	0	0	1	0	0	0	0	0	0	0	0	0	1	0	0	0	0	0	0	0	0	0	2	0	0	0	0	5	0	0	0	47	0
LFQ	101	0	0	0	0	0	0	0	0	0	0	0	0	0	0	0	0	0	0	0	0	0	0	2	0	0	0	0	1	0	0	0	0	3	0	0	0	0	5	0	0	0	45	0
LFQ	102	0	0	0	0	0	0	0	0	0	0	0	0	3	0	0	0	0	0	0	0	0	0	1	0	0	0	0	0	0	0	0	0	3	0	0	0	0	7	0	0	0	42	0
LFQ	103	0	0	0	0	0	0	0	0	0	0	0	0	2	0	0	0	0	0	0	0	0	0	2	0	0	0	0	0	0	0	0	0	2	0	0	0	0	3	0	0	0	47	0
LFQ	104	0	0	0	0	0	0	0	0	0	0	0	0	3	0	0	0	0	0	0	0	0	0	1	0	0	0	0	0	0	0	0	0	3	0	0	0	0	7	0	0	0	42	0
LFQ	105	0	0	0	0	0	0	0	0	0	0	0	0	1	0	0	0	0	0	0	0	0	0	0	0	0	0	0	3	0	0	0	0	2	0	0	0	0	11	0	0	0	39	0
LFQ	106	0	0	0	0	0	0	0	0	0	0	0	0	1	0	0	0	0	0	0	0	0	0	0	0	0	0	0	1	0	0	0	0	7	0	0	0	0	8	0	0	0	39	0
LFQ	107	0	0	0	0	0	0	0	0	0	0	0	0	3	0	0	0	0	0	0	0	0	0	0	0	0	0	0	1	0	0	0	0	4	0	0	0	0	7	0	0	0	41	0
LFQ	108	0	0	0	0	0	0	0	0	0	0	0	0	2	0	0	0	0	0	0	0	0	0	1	0	0	0	0	1	0	0	0	0	1	0	0	0	0	9	0	0	0	42	0
LFQ	109	0	0	0	0	0	0	0	0	0	0	0	0	3	0	0	0	0	0	0	0	0	0	2	0	0	0	0	1	0	0	0	0	4	0	0	0	0	6	0	0	0	40	0
LFQ	110	0	0	1	0	0	0	0	0	0	0	0	0	1	0	0	0	0	0	0	0	0	0	2	0	0	0	0	3	0	0	0	0	3	0	0	0	0	11	0	0	0	35	0
LFQ	111	0	0	0	0	0	0	0	0	0	0	0	0	4	0	0	0	0	0	0	0	0	0	0	0	0	0	0	0	0	0	0	0	2	0	0	0	0	7	0	0	0	43	0
LFQ	112	0	0	0	0	0	0	0	0	0	0	0	0	0	0	0	0	0	0	0	0	0	0	2	0	0	0	0	1	0	0	0	0	3	0	0	0	0	8	0	0	0	42	0
LFQ	113	0	0	0	0	0	0	0	0	0	0	0	0	1	0	0	0	0	0	0	0	0	0	1	0	0	0	0	2	0	0	0	0	3	0	0	0	0	6	0	0	0	43	0
LFQ	114	0	0	0	0	0	0	0	0	0	0	0	0	1	0	0	0	0	0	0	0	0	0	1	0	0	0	0	0	0	0	0	0	2	0	0	0	0	11	0	0	0	41	0
LFQ	115	0	0	0	0	0	0	0	0	0	0	0	0	3	0	0	0	0	0	0	0	0	0	2	0	0	0	0	1	0	0	0	0	3	0	0	0	0	9	0	0	0	38	0
LFQ	116	0	0	0	0	0	0	0	0	0	0	0	0	2	0	0	0	0	0	0	0	0	0	3	0	0	0	0	1	0	0	0	0	3	0	0	0	0	8	0	0	0	39	0
LFQ	117	0	0	0	0	0	0	0	0	0	0	0	0	2	0	0	0	0	0	0	0	0	0	1	0	0	0	0	1	0	0	0	0	3	0	0	0	0	7	0	0	0	42	0
LFQ	118	0	0	0	0	0	0	0	0	0	0	0	0	4	0	0	0	0	0	0	0	0	0	1	0	0	0	0	2	0	0	0	0	3	0	0	0	0	7	0	0	0	39	0
LFQ	119	0	0	0	0	0	0	0	0	0	0	0	0	2	0	0	0	0	0	0	0	0	0	0	0	0	0	0	1	0	0	0	0	7	0	0	0	0	14	0	0	0	32	0
LFQ	120	0	0	0	0	0	0	0	0	0	0	0	0	1	0	0	0	0	0	0	0	0	0	2	0	0	0	0	2	0	0	0	0	9	0	0	0	0	11	0	0	0	31	0
LFQ	121	0	0	0	0	0	0	0	0	0	0	0	0	2	0	0	0	0	0	0	0	0	0	0	0	0	0	0	2	0	0	0	0	3	0	0	0	0	11	0	0	0	38	0
LFQ	122	0	0	0	0	0	0	0	0	0	0	0	0	0	0	0	0	0	0	0	0	0	0	1	0	0	0	0	3	0	0	0	0	2	0	0	0	0	13	0	0	0	37	0
LFQ	123	0	0	0	0	0	0	0	0	0	0	0	0	1	0	0	0	0	0	0	0	0	0	1	0	0	0	0	2	0	0	0	0	2	0	0	0	0	13	0	0	0	37	0
LFQ	124	0	0	0	0	0	0	0	0	0	0	0	0	2	0	0	0	0	0	0	0	0	0	2	0	0	0	0	1	0	0	0	0	1	0	0	0	0	9	0	0	0	41	0
LFQ	125	0	0	0	0	0	0	0	0	0	0	0	0	2	0	0	0	0	0	0	0	0	0	1	0	0	0	0	2	0	0	0	0	4	0	0	0	0	10	0	0	0	37	0
LFQ	126	0	0	0	0	0	0	0	0	0	0	0	0	2	0	0	0	0	0	0	0	0	0	1	0	0	0	0	0	0	0	0	0	1	0	0	0	0	20	0	0	0	32	0
LFQ	127	0	0	0	0	0	0	0	0	0	0	0	0	0	0	0	0	0	0	0	0	0	0	3	0	0	0	0	4	0	0	0	0	3	0	0	0	0	9	0	0	0	37	0
LFQ	128	0	0	0	0	0	0	0	0	0	0	0	0	3	0	0	0	0	0	0	0	0	0	0	0	0	0	0	1	0	0	0	0	2	0	0	0	0	14	0	0	0	36	0
LFQ	129	0	0	0	0	0	0	0	0	0	0	0	0	5	0	0	0	0	0	0	0	0	0	0	0	0	0	0	3	0	0	0	0	7	0	0	0	0	11	0	0	0	30	0
LFQ	130	0	0	0	0	0	0	0	0	0	0	0	0	1	0	0	0	0	0	0	0	0	0	1	0	0	0	0	1	0	0	0	0	7	0	0	0	0	14	0	0	0	32	0
LFQ	131	0	0	0	0	0	0	0	0	0	0	0	0	1	0	0	0	0	0	0	0	0	0	1	0	0	0	0	1	0	0	0	0	6	0	0	0	0	9	0	0	0	38	0
LFQ	132	0	0	0	0	0	0	0	0	0	0	0	0	2	0	0	0	0	0	0	0	0	0	1	0	0	0	0	3	0	0	0	0	2	0	0	0	0	10	0	0	0	38	0
LFQ	133	0	0	0	0	0	0	0	0	0	0	0	0	3	0	0	0	0	0	0	0	0	0	2	0	0	0	0	2	0	0	0	0	2	0	0	0	0	9	0	0	0	38	0
LFQ	134	0	0	0	0	0	0	0	0	0	0	0	0	0	0	0	0	0	0	0	0	0	0	2	0	0	0	0	3	0	0	0	0	8	0	0	0	0	10	0	0	0	33	0
LFQ	135	0	0	0	0	0	0	0	0	1	0	0	0	4	0	0	0	0	0	0	0	0	0	1	0	0	0	0	1	0	0	0	0	5	0	0	0	0	14	0	0	0	30	0
LFQ	136	0	0	0	0	0	0	0	0	1	0	0	0	2	0	0	0	0	0	0	0	0	0	0	0	0	0	0	3	0	0	0	0	3	0	0	0	0	11	0	0	0	36	0
LFQ	137	0	0	0	0	0	0	0	0	0	0	0	0	3	0	0	0	0	0	0	0	0	0	1	0	0	0	0	2	0	0	0	0	8	0	0	0	0	12	0	0	0	30	0
LFQ	138	0	0	0	0	0	0	0	0	0	0	0	0	6	0	0	0	0	0	0	0	0	0	3	0	0	0	0	1	0	0	0	0	8	0	0	0	0	12	0	0	0	26	0
LFQ	139	0	0	0	0	0	0	0	0	0	0	0	0	5	0	0	0	0	0	0	0	0	0	1	0	0	0	0	1	0	0	0	0	9	0	0	0	0	9	0	0	0	31	0
LFQ	140	0	0	0	0	0	0	0	0	0	0	0	0	4	0	0	0	0	0	0	0	0	0	1	0	0	0	0	2	0	0	0	0	10	0	0	0	0	9	0	0	0	30	0
LFQ	141	0	0	0	0	0	0	0	0	0	0	0	0	5	0	0	0	0	0	0	0	0	0	1	0	0	0	0	4	0	0	0	0	6	0	0	0	0	4	0	0	0	36	0
LFQ	142	0	0	0	0	0	0	0	0	1	0	0	0	3	0	0	0	0	0	0	0	0	0	3	0	0	0	0	2	0	0	0	0	9	0	0	0	0	7	0	0	0	31	0
LFQ	143	0	0	0	0	0	0	0	0	0	0	0	0	2	0	0	0	0	0	0	0	0	0	3	0	0	0	0	2	0	0	0	0	8	0	0	0	0	8	0	0	0	33	0
LFQ	144	0	0	0	0	0	0	0	0	0	0	0	0	2	0	0	0	0	0	0	0	0	0	3	0	0	0	0	2	0	0	0	0	7	0	0	0	0	9	0	0	0	33	0
LFQ	145	0	0	0	0	0	0	0	0	1	0	0	0	3	0	0	0	0	0	0	0	0	0	2	0	0	0	0	2	0	0	0	0	4	0	0	0	0	7	0	0	0	37	0
LFQ	146	0	0	0	0	0	0	0	0	0	0	0	0	3	0	0	0	0	0	0	0	0	0	3	0	0	0	0	4	0	0	0	0	2	0	0	0	0	9	0	0	0	35	0
LFQ	147	0	0	0	0	0	0	0	0	0	0	0	0	5	0	0	0	0	0	0	0	0	0	1	0	0	0	0	1	0	0	0	0	5	0	0	0	0	12	0	0	0	32	0
LFQ	148	0	0	0	0	0	0	0	0	0	0	0	0	5	0	0	0	0	0	0	0	0	0	1	0	0	0	0	4	0	0	0	0	8	0	0	0	0	14	0	0	0	24	0
LFQ	149	0	0	0	0	0	0	0	0	0	0	0	0	4	0	0	0	0	0	0	0	0	0	4	0	0	0	0	5	0	0	0	0	4	0	0	0	0	12	0	0	0	26	0
LFQ	150	0	0	0	0	0	0	0	0	0	0	0	0	3	0	0	0	0	0	0	0	0	0	1	0	0	0	0	1	0	0	0	0	6	0	0	0	0	15	0	0	0	28	0
LFQ	151	0	0	0	0	0	0	0	0	0	0	0	0	0	0	0	0	0	0	0	0	0	0	6	0	0	0	0	7	0	0	0	0	6	0	0	0	0	13	0	0	0	16	0
# GC Content of first fragments. Use `grep ^GCF | cut -f 2-` to extract this part.
GCF	11.81	0
GCF	23.87	1
GCF	24.62	3
GCF	26.13	1
GCF	27.39	4
GCF	27.89	0
GCF	28.39	1
GCF	29.15	0
GCF	29.90	1
GCF	30.40	2
GCF	31.16	3
GCF	32.16	1
GCF	33.17	2
GCF	33.92	6
GCF	34.42	4
GCF	35.18	3
GCF	35.93	4
GCF	36.43	2
GCF	37.19	1
GCF	37.94	4
GCF	38.44	3
GCF	39.20	2
GCF	39.95	3
GCF	40.95	2
GCF	41.96	1
GCF	42.46	0
GCF	42.96	1
GCF	45.98	0
GCF	48.99	1
# GC Content of last fragments. Use `grep ^GCL | cut -f 2-` to extract this part.
GCL	11.06	0
GCL	22.61	1
GCL	24.12	0
GCL	25.88	1
GCL	26.88	0
GCL	27.39	2
GCL	28.14	4
GCL	29.15	3
GCL	29.90	2
GCL	30.40	3
GCL	30.90	1
GCL	31.41	0
GCL	32.66	1
GCL	33.92	5
GCL	34.42	4
GCL	35.18	2
GCL	35.93	1
GCL	36.43	5
GCL	37.19	0
GCL	37.94	1
GCL	38.44	3
GCL	39.20	2
GCL	39.95	3
GCL	40.45	0
GCL	41.21	2
GCL	41.96	0
GCL	42.46	1
GCL	44.47	0
GCL	46.48	1
GCL	50.50	0
GCL	54.52	1
# ACGT content per cycle. Use `grep ^GCC | cut -f 2-` to extract this part. The columns are: cycle; A,C,G,T base counts as a percentage of all A/C/G/T bases [%]; and N and O counts as a percentage of all A/C/G/T bases [%]
GCC	1	33.04	22.61	17.39	26.96	0.87	0.00
GCC	2	30.17	19.83	21.55	28.45	0.00	0.00
GCC	3	43.10	15.52	16.38	25.00	0.00	0.00
GCC	4	44.83	13.79	15.52	25.86	0.00	0.00
GCC	5	34.48	9.48	12.07	43.97	0.00	0.00
GCC	6	30.17	11.21	21.55	37.07	0.00	0.00
GCC	7	31.03	21.55	18.10	29.31	0.00	0.00
GCC	8	28.45	19.83	11.21	40.52	0.00	0.00
GCC	9	27.59	16.38	18.97	37.07	0.00	0.00
GCC	10	24.14	16.38	18.10	41.38	0.00	0.00
GCC	11	34.48	15.52	13.79	36.21	0.00	0.00
GCC	12	31.03	23.28	20.69	25.00	0.00	0.00
GCC	13	30.17	15.52	18.97	35.34	0.00	0.00
GCC	14	25.86	17.24	18.97	37.93	0.00	0.00
GCC	15	25.86	16.38	22.41	35.34	0.00	0.00
GCC	16	29.31	25.00	14.66	31.03	0.00	0.00
GCC	17	34.48	13.79	12.07	39.66	0.00	0.00
GCC	18	27.59	12.93	23.28	36.21	0.00	0.00
GCC	19	25.86	19.83	12.93	41.38	0.00	0.00
GCC	20	29.31	13.79	12.93	43.97	0.00	0.00
GCC	21	28.45	20.69	17.24	33.62	0.00	0.00
GCC	22	31.03	15.52	20.69	32.76	0.00	0.00
GCC	23	37.07	10.34	16.38	36.21	0.00	0.00
GCC	24	25.00	20.69	20.69	33.62	0.00	0.00
GCC	25	19.83	16.38	18.10	45.69	0.00	0.00
GCC	26	31.90	18.97	22.41	26.72	0.00	0.00
GCC	27	25.86	21.55	19.83	32.76	0.00	0.00
GCC	28	35.34	17.24	13.79	33.62	0.00	0.00
GCC	29	36.21	18.10	12.93	32.76	0.00	0.00
GCC	30	25.00	16.38	17.24	41.38	0.00	0.00
GCC	31	32.76	23.28	12.07	31.90	0.00	0.00
GCC	32	34.48	17.24	20.69	27.59	0.00	0.00
GCC	33	43.10	18.97	14.66	23.28	0.00	0.00
GCC	34	34.48	6.03	23.28	36.21	0.00	0.00
GCC	35	30.17	14.66	14.66	40.52	0.00	0.00
GCC	36	27.59	13.79	22.41	36.21	0.00	0.00
GCC	37	30.17	19.83	18.97	31.03	0.00	0.00
GCC	38	33.62	18.10	17.24	31.03	0.00	0.00
GCC	39	29.31	17.24	25.00	28.45	0.00	0.00
GCC	40	37.07	16.38	17.24	29.31	0.00	0.00
GCC	41	31.03	15.52	16.38	37.07	0.00	0.00
GCC	42	31.03	13.79	14.66	40.52	0.00	0.00
GCC	43	28.45	17.24	18.97	35.34	0.00	0.00
GCC	44	34.48	15.52	19.83	30.17	0.00	0.00
GCC	45	34.48	9.48	18.10	37.93	0.00	0.00
GCC	46	39.66	9.48	13.79	37.07	0.00	0.00
GCC	47	32.76	12.93	20.69	33.62	0.00	0.00
GCC	48	34.48	20.69	19.83	25.00	0.00	0.00
GCC	49	33.62	12.07	12.93	41.38	0.00	0.00
GCC	50	30.17	9.48	20.69	39.66	0.00	0.00
GCC	51	36.21	20.69	17.24	25.86	0.00	0.00
GCC	52	32.76	23.28	9.48	34.48	0.00	0.00
GCC	53	29.31	23.28	16.38	31.03	0.00	0.00
GCC	54	35.34	11.21	16.38	37.07	0.00	0.00
GCC	55	25.00	23.28	16.38	35.34	0.00	0.00
GCC	56	36.21	19.83	8.62	35.34	0.00	0.00
GCC	57	43.10	9.48	15.52	31.90	0.00	0.00
GCC	58	38.79	14.66	13.79	32.76	0.00	0.00
GCC	59	34.48	18.97	12.07	34.48	0.00	0.00
GCC	60	29.31	18.97	16.38	35.34	0.00	0.00
GCC	61	35.34	14.66	18.97	31.03	0.00	0.00
GCC	62	32.76	21.55	14.66	31.03	0.00	0.00
GCC	63	34.48	13.79	25.86	25.86	0.00	0.00
GCC	64	28.45	21.55	18.97	31.03	0.00	0.00
GCC	65	36.21	16.38	17.24	30.17	0.00	0.00
GCC	66	38.79	11.21	18.10	31.90	0.00	0.00
GCC	67	31.03	12.93	13.79	42.24	0.00	0.00
GCC	68	34.48	15.52	20.69	29.31	0.00	0.00
GCC	69	32.76	18.97	12.07	36.21	0.00	0.00
GCC	70	29.31	21.55	14.66	34.48	0.00	0.00
GCC	71	30.17	16.38	14.66	38.79	0.00	0.00
GCC	72	31.03	20.69	21.55	26.72	0.00	0.00
GCC	73	31.90	17.24	14.66	36.21	0.00	0.00
GCC	74	30.17	18.10	18.10	33.62	0.00	0.00
GCC	75	27.59	20.69	15.52	36.21	0.00	0.00
GCC	76	26.72	25.00	14.66	33.62	0.00	0.00
GCC	77	29.31	15.52	23.28	31.90	0.00	0.00
GCC	78	31.03	18.97	12.93	37.07	0.00	0.00
GCC	79	29.31	9.48	25.00	36.21	0.00	0.00
GCC	80	31.03	17.24	13.79	37.93	0.00	0.00
GCC	81	31.03	14.66	17.24	37.07	0.00	0.00
GCC	82	34.48	15.52	21.55	28.45	0.00	0.00
GCC	83	32.76	26.72	9.48	31.03	0.00	0.00
GCC	84	27.59	23.28	13.79	35.34	0.00	0.00
GCC	85	27.59	18.97	20.69	32.76	0.00	0.00
GCC	86	39.66	15.52	14.66	30.17	0.00	0.00
GCC	87	22.41	15.52	14.66	47.41	0.00	0.00
GCC	88	34.48	17.24	15.52	32.76	0.00	0.00
GCC	89	31.03	13.79	12.93	42.24	0.00	0.00
GCC	90	31.03	15.52	24.14	29.31	0.00	0.00
GCC	91	32.76	21.55	15.52	30.17	0.00	0.00
GCC	92	32.76	17.24	17.24	32.76	0.00	0.00
GCC	93	35.34	18.10	13.79	32.76	0.00	0.00
GCC	94	45.69	12.93	11.21	30.17	0.00	0.00
GCC	95	37.93	18.10	10.34	33.62	0.00	0.00
GCC	96	37.07	15.52	14.66	32.76	0.00	0.00
GCC	97	32.76	16.38	14.66	36.21	0.00	0.00
GCC	98	32.76	19.83	15.52	31.90	0.00	0.00
GCC	99	31.90	27.59	12.07	28.45	0.00	0.00
GCC	100	35.34	16.38	20.69	27.59	0.00	0.00
GCC	101	34.48	18.97	18.10	28.45	0.00	0.00
GCC	102	35.34	13.79	24.14	26.72	0.00	0.00
GCC	103	30.17	21.55	12.93	35.34	0.00	0.00
GCC	104	24.14	14.66	23.28	37.93	0.00	0.00
GCC	105	37.07	16.38	18.10	28.45	0.00	0.00
GCC	106	36.21	18.97	17.24	27.59	0.00	0.00
GCC	107	27.59	16.38	16.38	39.66	0.00	0.00
GCC	108	22.41	17.24	18.97	41.38	0.00	0.00
GCC	109	30.17	16.38	21.55	31.90	0.00	0.00
GCC	110	33.04	14.78	20.87	31.30	0.87	0.00
GCC	111	33.62	18.10	27.59	20.69	0.00	0.00
GCC	112	39.66	12.07	18.97	29.31	0.00	0.00
GCC	113	33.62	15.52	19.83	31.03	0.00	0.00
GCC	114	28.45	16.38	15.52	39.66	0.00	0.00
GCC	115	25.86	18.97	16.38	38.79	0.00	0.00
GCC	116	32.76	21.55	17.24	28.45	0.00	0.00
GCC	117	24.14	15.52	14.66	45.69	0.00	0.00
GCC	118	26.72	12.93	20.69	39.66	0.00	0.00
GCC	119	29.31	13.79	18.10	38.79	0.00	0.00
GCC	120	25.86	19.83	21.55	32.76	0.00	0.00
GCC	121	30.17	17.24	16.38	36.21	0.00	0.00
GCC	122	33.62	21.55	9.48	35.34	0.00	0.00
GCC	123	37.07	8.62	23.28	31.03	0.00	0.00
GCC	124	33.62	12.07	13.79	40.52	0.00	0.00
GCC	125	33.62	13.79	21.55	31.03	0.00	0.00
GCC	126	31.90	18.10	20.69	29.31	0.00	0.00
GCC	127	31.03	17.24	25.00	26.72	0.00	0.00
GCC	128	39.66	15.52	14.66	30.17	0.00	0.00
GCC	129	29.31	12.07	15.52	43.10	0.00	0.00
GCC	130	28.45	14.66	18.10	38.79	0.00	0.00
GCC	131	31.90	18.97	15.52	33.62	0.00	0.00
GCC	132	43.10	12.93	12.93	31.03	0.00	0.00
GCC	133	30.17	15.52	16.38	37.93	0.00	0.00
GCC	134	37.93	15.52	12.07	34.48	0.00	0.00
GCC	135	33.62	16.38	12.07	37.93	0.00	0.00
GCC	136	31.03	12.93	21.55	34.48	0.00	0.00
GCC	137	31.03	16.38	17.24	35.34	0.00	0.00
GCC	138	31.03	13.79	17.24	37.93	0.00	0.00
GCC	139	27.59	15.52	18.97	37.93	0.00	0.00
GCC	140	29.31	28.45	18.10	24.14	0.00	0.00
GCC	141	24.14	12.07	23.28	40.52	0.00	0.00
GCC	142	30.17	21.55	18.10	30.17	0.00	0.00
GCC	143	36.21	9.48	19.83	34.48	0.00	0.00
GCC	144	34.48	8.62	16.38	40.52	0.00	0.00
GCC	145	37.93	19.83	16.38	25.86	0.00	0.00
GCC	146	29.31	19.83	18.10	32.76	0.00	0.00
GCC	147	31.90	19.83	16.38	31.90	0.00	0.00
GCC	148	27.59	18.10	25.86	28.45	0.00	0.00
GCC	149	33.91	11.30	15.65	39.13	0.00	0.00
GCC	150	39.82	7.96	21.24	30.97	0.00	0.00
GCC	151	35.85	16.98	19.81	27.36	0.00	0.00
# ACGT content per cycle, read oriented. Use `grep ^GCT | cut -f 2-` to extract this part. The columns are: cycle; A,C,G,T base counts as a percentage of all A/C/G/T bases [%]
GCT	1	27.83	21.74	18.26	32.17
GCT	2	36.21	25.00	16.38	22.41
GCT	3	26.72	22.41	9.48	41.38
GCT	4	34.48	9.48	19.83	36.21
GCT	5	34.48	12.07	9.48	43.97
GCT	6	34.48	19.83	12.93	32.76
GCT	7	32.76	17.24	22.41	27.59
GCT	8	28.45	17.24	13.79	40.52
GCT	9	27.59	20.69	14.66	37.07
GCT	10	41.38	17.24	17.24	24.14
GCT	11	31.90	15.52	13.79	38.79
GCT	12	28.45	25.00	18.97	27.59
GCT	13	32.76	13.79	20.69	32.76
GCT	14	31.90	15.52	20.69	31.90
GCT	15	38.79	16.38	22.41	22.41
GCT	16	33.62	26.72	12.93	26.72
GCT	17	32.76	9.48	16.38	41.38
GCT	18	27.59	13.79	22.41	36.21
GCT	19	36.21	8.62	24.14	31.03
GCT	20	31.03	12.93	13.79	42.24
GCT	21	36.21	12.07	25.86	25.86
GCT	22	31.03	21.55	14.66	32.76
GCT	23	36.21	8.62	18.10	37.07
GCT	24	26.72	19.83	21.55	31.90
GCT	25	32.76	16.38	18.10	32.76
GCT	26	19.83	26.72	14.66	38.79
GCT	27	24.14	13.79	27.59	34.48
GCT	28	29.31	10.34	20.69	39.66
GCT	29	31.03	15.52	15.52	37.93
GCT	30	40.52	18.97	14.66	25.86
GCT	31	33.62	16.38	18.97	31.03
GCT	32	30.17	18.97	18.97	31.90
GCT	33	40.52	20.69	12.93	25.86
GCT	34	36.21	13.79	15.52	34.48
GCT	35	36.21	16.38	12.93	34.48
GCT	36	27.59	12.93	23.28	36.21
GCT	37	33.62	18.97	19.83	27.59
GCT	38	27.59	12.93	22.41	37.07
GCT	39	25.86	21.55	20.69	31.90
GCT	40	37.07	15.52	18.10	29.31
GCT	41	31.03	18.10	13.79	37.07
GCT	42	35.34	12.07	16.38	36.21
GCT	43	34.48	20.69	15.52	29.31
GCT	44	35.34	18.97	16.38	29.31
GCT	45	32.76	12.07	15.52	39.66
GCT	46	42.24	9.48	13.79	34.48
GCT	47	31.90	14.66	18.97	34.48
GCT	48	25.00	20.69	19.83	34.48
GCT	49	39.66	15.52	9.48	35.34
GCT	50	31.90	12.07	18.10	37.93
GCT	51	35.34	12.07	25.86	26.72
GCT	52	35.34	21.55	11.21	31.90
GCT	53	27.59	22.41	17.24	32.76
GCT	54	37.07	13.79	13.79	35.34
GCT	55	26.72	22.41	17.24	33.62
GCT	56	38.79	12.93	15.52	32.76
GCT	57	39.66	6.90	18.10	35.34
GCT	58	44.83	18.10	10.34	26.72
GCT	59	31.90	15.52	15.52	37.07
GCT	60	34.48	16.38	18.97	30.17
GCT	61	31.03	18.10	15.52	35.34
GCT	62	35.34	21.55	14.66	28.45
GCT	63	29.31	16.38	23.28	31.03
GCT	64	30.17	27.59	12.93	29.31
GCT	65	26.72	12.93	20.69	39.66
GCT	66	35.34	10.34	18.97	35.34
GCT	67	34.48	10.34	16.38	38.79
GCT	68	31.03	14.66	21.55	32.76
GCT	69	25.00	13.79	17.24	43.97
GCT	70	31.90	16.38	19.83	31.90
GCT	71	32.76	12.93	18.10	36.21
GCT	72	28.45	12.07	30.17	29.31
GCT	73	35.34	16.38	15.52	32.76
GCT	74	31.03	18.10	18.10	32.76
GCT	75	29.31	19.83	16.38	34.48
GCT	76	31.03	18.10	21.55	29.31
GCT	77	29.31	21.55	17.24	31.90
GCT	78	43.10	14.66	17.24	25.00
GCT	79	31.90	18.10	16.38	33.62
GCT	80	30.17	17.24	13.79	38.79
GCT	81	23.28	11.21	20.69	44.83
GCT	82	30.17	20.69	16.38	32.76
GCT	83	34.48	17.24	18.97	29.31
GCT	84	34.48	17.24	19.83	28.45
GCT	85	29.31	19.83	19.83	31.03
GCT	86	38.79	15.52	14.66	31.03
GCT	87	35.34	12.07	18.10	34.48
GCT	88	34.48	18.10	14.66	32.76
GCT	89	37.93	14.66	12.07	35.34
GCT	90	33.62	13.79	25.86	26.72
GCT	91	23.28	18.10	18.97	39.66
GCT	92	31.90	22.41	12.07	33.62
GCT	93	36.21	14.66	17.24	31.90
GCT	94	35.34	12.07	12.07	40.52
GCT	95	37.07	7.76	20.69	34.48
GCT	96	32.76	10.34	19.83	37.07
GCT	97	31.90	12.93	18.10	37.07
GCT	98	32.76	15.52	19.83	31.90
GCT	99	33.62	21.55	18.10	26.72
GCT	100	35.34	17.24	19.83	27.59
GCT	101	34.48	19.83	17.24	28.45
GCT	102	34.48	17.24	20.69	27.59
GCT	103	36.21	21.55	12.93	29.31
GCT	104	27.59	20.69	17.24	34.48
GCT	105	36.21	23.28	11.21	29.31
GCT	106	38.79	17.24	18.97	25.00
GCT	107	32.76	15.52	17.24	34.48
GCT	108	38.79	18.97	17.24	25.00
GCT	109	33.62	17.24	20.69	28.45
GCT	110	31.30	19.13	16.52	33.04
GCT	111	20.69	18.10	27.59	33.62
GCT	112	35.34	17.24	13.79	33.62
GCT	113	36.21	15.52	19.83	28.45
GCT	114	38.79	12.07	19.83	29.31
GCT	115	35.34	17.24	18.10	29.31
GCT	116	35.34	16.38	22.41	25.86
GCT	117	37.07	18.97	11.21	32.76
GCT	118	25.00	18.97	14.66	41.38
GCT	119	27.59	18.10	13.79	40.52
GCT	120	24.14	13.79	27.59	34.48
GCT	121	34.48	17.24	16.38	31.90
GCT	122	37.07	13.79	17.24	31.90
GCT	123	35.34	11.21	20.69	32.76
GCT	124	36.21	13.79	12.07	37.93
GCT	125	35.34	19.83	15.52	29.31
GCT	126	28.45	17.24	21.55	32.76
GCT	127	25.00	10.34	31.90	32.76
GCT	128	33.62	13.79	16.38	36.21
GCT	129	40.52	10.34	17.24	31.90
GCT	130	41.38	18.10	14.66	25.86
GCT	131	42.24	21.55	12.93	23.28
GCT	132	39.66	12.07	13.79	34.48
GCT	133	29.31	15.52	16.38	38.79
GCT	134	44.83	18.10	9.48	27.59
GCT	135	34.48	14.66	13.79	37.07
GCT	136	36.21	17.24	17.24	29.31
GCT	137	35.34	18.10	15.52	31.03
GCT	138	38.79	12.07	18.97	30.17
GCT	139	33.62	18.97	15.52	31.90
GCT	140	37.07	19.83	26.72	16.38
GCT	141	31.03	12.93	22.41	33.62
GCT	142	31.90	22.41	17.24	28.45
GCT	143	40.52	12.93	16.38	30.17
GCT	144	39.66	12.93	12.07	35.34
GCT	145	31.03	12.07	24.14	32.76
GCT	146	30.17	18.10	19.83	31.90
GCT	147	37.07	15.52	20.69	26.72
GCT	148	23.28	19.83	24.14	32.76
GCT	149	25.22	13.91	13.04	47.83
GCT	150	37.17	15.04	14.16	33.63
GCT	151	31.13	15.09	21.70	32.08
# ACGT content per cycle for first fragments. Use `grep ^FBC | cut -f 2-` to extract this part. The columns are: cycle; A,C,G,T base counts as a percentage of all A/C/G/T bases [%]; and N and O counts as a percentage of all A/C/G/T bases [%]
FBC	1	23.33	26.67	20.00	30.00	0.00	0.00
FBC	2	30.00	26.67	16.67	26.67	0.00	0.00
FBC	3	33.33	15.00	25.00	26.67	0.00	0.00
FBC	4	43.33	13.33	13.33	30.00	0.00	0.00
FBC	5	33.33	6.67	10.00	50.00	0.00	0.00
FBC	6	30.00	15.00	25.00	30.00	0.00	0.00
FBC	7	30.00	25.00	20.00	25.00	0.00	0.00
FBC	8	35.00	15.00	8.33	41.67	0.00	0.00
FBC	9	33.33	16.67	15.00	35.00	0.00	0.00
FBC	10	25.00	15.00	23.33	36.67	0.00	0.00
FBC	11	31.67	15.00	20.00	33.33	0.00	0.00
FBC	12	33.33	21.67	18.33	26.67	0.00	0.00
FBC	13	33.33	11.67	25.00	30.00	0.00	0.00
FBC	14	28.33	15.00	25.00	31.67	0.00	0.00
FBC	15	26.67	16.67	21.67	35.00	0.00	0.00
FBC	16	28.33	23.33	15.00	33.33	0.00	0.00
FBC	17	36.67	8.33	8.33	46.67	0.00	0.00
FBC	18	21.67	11.67	28.33	38.33	0.00	0.00
FBC	19	23.33	13.33	11.67	51.67	0.00	0.00
FBC	20	33.33	11.67	15.00	40.00	0.00	0.00
FBC	21	35.00	18.33	23.33	23.33	0.00	0.00
FBC	22	33.33	13.33	21.67	31.67	0.00	0.00
FBC	23	45.00	11.67	11.67	31.67	0.00	0.00
FBC	24	16.67	18.33	23.33	41.67	0.00	0.00
FBC	25	26.67	13.33	10.00	50.00	0.00	0.00
FBC	26	31.67	23.33	20.00	25.00	0.00	0.00
FBC	27	25.00	25.00	18.33	31.67	0.00	0.00
FBC	28	33.33	21.67	8.33	36.67	0.00	0.00
FBC	29	35.00	23.33	16.67	25.00	0.00	0.00
FBC	30	25.00	20.00	18.33	36.67	0.00	0.00
FBC	31	33.33	23.33	8.33	35.00	0.00	0.00
FBC	32	26.67	16.67	23.33	33.33	0.00	0.00
FBC	33	38.33	23.33	16.67	21.67	0.00	0.00
FBC	34	43.33	8.33	21.67	26.67	0.00	0.00
FBC	35	23.33	16.67	13.33	46.67	0.00	0.00
FBC	36	33.33	8.33	20.00	38.33	0.00	0.00
FBC	37	28.33	18.33	21.67	31.67	0.00	0.00
FBC	38	35.00	18.33	20.00	26.67	0.00	0.00
FBC	39	33.33	15.00	23.33	28.33	0.00	0.00
FBC	40	40.00	13.33	15.00	31.67	0.00	0.00
FBC	41	31.67	16.67	11.67	40.00	0.00	0.00
FBC	42	26.67	16.67	15.00	41.67	0.00	0.00
FBC	43	25.00	25.00	15.00	35.00	0.00	0.00
FBC	44	38.33	16.67	16.67	28.33	0.00	0.00
FBC	45	36.67	11.67	18.33	33.33	0.00	0.00
FBC	46	46.67	10.00	13.33	30.00	0.00	0.00
FBC	47	33.33	6.67	15.00	45.00	0.00	0.00
FBC	48	43.33	21.67	16.67	18.33	0.00	0.00
FBC	49	40.00	6.67	10.00	43.33	0.00	0.00
FBC	50	33.33	5.00	20.00	41.67	0.00	0.00
FBC	51	35.00	16.67	18.33	30.00	0.00	0.00
FBC	52	26.67	30.00	10.00	33.33	0.00	0.00
FBC	53	30.00	28.33	16.67	25.00	0.00	0.00
FBC	54	36.67	11.67	18.33	33.33	0.00	0.00
FBC	55	33.33	21.67	13.33	31.67	0.00	0.00
FBC	56	36.67	15.00	10.00	38.33	0.00	0.00
FBC	57	53.33	6.67	15.00	25.00	0.00	0.00
FBC	58	33.33	20.00	20.00	26.67	0.00	0.00
FBC	59	30.00	16.67	13.33	40.00	0.00	0.00
FBC	60	26.67	21.67	18.33	33.33	0.00	0.00
FBC	61	35.00	15.00	21.67	28.33	0.00	0.00
FBC	62	28.33	26.67	15.00	30.00	0.00	0.00
FBC	63	31.67	10.00	28.33	30.00	0.00	0.00
FBC	64	28.33	21.67	21.67	28.33	0.00	0.00
FBC	65	31.67	16.67	20.00	31.67	0.00	0.00
FBC	66	40.00	8.33	20.00	31.67	0.00	0.00
FBC	67	30.00	15.00	18.33	36.67	0.00	0.00
FBC	68	30.00	18.33	13.33	38.33	0.00	0.00
FBC	69	28.33	16.67	13.33	41.67	0.00	0.00
FBC	70	23.33	26.67	16.67	33.33	0.00	0.00
FBC	71	40.00	16.67	11.67	31.67	0.00	0.00
FBC	72	26.67	13.33	25.00	35.00	0.00	0.00
FBC	73	28.33	21.67	18.33	31.67	0.00	0.00
FBC	74	40.00	11.67	11.67	36.67	0.00	0.00
FBC	75	23.33	16.67	18.33	41.67	0.00	0.00
FBC	76	16.67	25.00	18.33	40.00	0.00	0.00
FBC	77	30.00	18.33	23.33	28.33	0.00	0.00
FBC	78	35.00	21.67	13.33	30.00	0.00	0.00
FBC	79	36.67	8.33	28.33	26.67	0.00	0.00
FBC	80	26.67	16.67	13.33	43.33	0.00	0.00
FBC	81	28.33	16.67	15.00	40.00	0.00	0.00
FBC	82	38.33	18.33	15.00	28.33	0.00	0.00
FBC	83	31.67	20.00	8.33	40.00	0.00	0.00
FBC	84	30.00	18.33	16.67	35.00	0.00	0.00
FBC	85	26.67	21.67	20.00	31.67	0.00	0.00
FBC	86	35.00	16.67	16.67	31.67	0.00	0.00
FBC	87	18.33	10.00	15.00	56.67	0.00	0.00
FBC	88	30.00	16.67	15.00	38.33	0.00	0.00
FBC	89	40.00	15.00	10.00	35.00	0.00	0.00
FBC	90	30.00	15.00	26.67	28.33	0.00	0.00
FBC	91	38.33	23.33	11.67	26.67	0.00	0.00
FBC	92	35.00	13.33	18.33	33.33	0.00	0.00
FBC	93	40.00	18.33	11.67	30.00	0.00	0.00
FBC	94	43.33	16.67	15.00	25.00	0.00	0.00
FBC	95	36.67	21.67	8.33	33.33	0.00	0.00
FBC	96	35.00	13.33	16.67	35.00	0.00	0.00
FBC	97	31.67	16.67	16.67	35.00	0.00	0.00
FBC	98	31.67	18.33	18.33	31.67	0.00	0.00
FBC	99	30.00	21.67	20.00	28.33	0.00	0.00
FBC	100	41.67	20.00	18.33	20.00	0.00	0.00
FBC	101	40.00	21.67	15.00	23.33	0.00	0.00
FBC	102	40.00	13.33	25.00	21.67	0.00	0.00
FBC	103	35.00	20.00	10.00	35.00	0.00	0.00
FBC	104	23.33	18.33	16.67	41.67	0.00	0.00
FBC	105	48.33	18.33	11.67	21.67	0.00	0.00
FBC	106	41.67	21.67	13.33	23.33	0.00	0.00
FBC	107	23.33	15.00	20.00	41.67	0.00	0.00
FBC	108	20.00	13.33	26.67	40.00	0.00	0.00
FBC	109	28.33	20.00	20.00	31.67	0.00	0.00
FBC	110	31.67	20.00	20.00	28.33	0.00	0.00
FBC	111	43.33	15.00	26.67	15.00	0.00	0.00
FBC	112	40.00	10.00	15.00	35.00	0.00	0.00
FBC	113	30.00	15.00	21.67	33.33	0.00	0.00
FBC	114	20.00	20.00	15.00	45.00	0.00	0.00
FBC	115	26.67	11.67	20.00	41.67	0.00	0.00
FBC	116	28.33	23.33	15.00	33.33	0.00	0.00
FBC	117	28.33	11.67	13.33	46.67	0.00	0.00
FBC	118	25.00	21.67	20.00	33.33	0.00	0.00
FBC	119	31.67	15.00	16.67	36.67	0.00	0.00
FBC	120	23.33	15.00	20.00	41.67	0.00	0.00
FBC	121	28.33	25.00	16.67	30.00	0.00	0.00
FBC	122	30.00	26.67	8.33	35.00	0.00	0.00
FBC	123	33.33	6.67	25.00	35.00	0.00	0.00
FBC	124	26.67	20.00	13.33	40.00	0.00	0.00
FBC	125	35.00	16.67	16.67	31.67	0.00	0.00
FBC	126	25.00	18.33	20.00	36.67	0.00	0.00
FBC	127	35.00	18.33	25.00	21.67	0.00	0.00
FBC	128	33.33	13.33	15.00	38.33	0.00	0.00
FBC	129	26.67	13.33	18.33	41.67	0.00	0.00
FBC	130	26.67	15.00	20.00	38.33	0.00	0.00
FBC	131	33.33	18.33	20.00	28.33	0.00	0.00
FBC	132	48.33	11.67	11.67	28.33	0.00	0.00
FBC	133	28.33	13.33	10.00	48.33	0.00	0.00
FBC	134	41.67	16.67	13.33	28.33	0.00	0.00
FBC	135	31.67	11.67	18.33	38.33	0.00	0.00
FBC	136	35.00	8.33	23.33	33.33	0.00	0.00
FBC	137	33.33	21.67	18.33	26.67	0.00	0.00
FBC	138	33.33	11.67	16.67	38.33	0.00	0.00
FBC	139	21.67	16.67	21.67	40.00	0.00	0.00
FBC	140	35.00	31.67	16.67	16.67	0.00	0.00
FBC	141	21.67	16.67	28.33	33.33	0.00	0.00
FBC	142	28.33	23.33	21.67	26.67	0.00	0.00
FBC	143	33.33	10.00	18.33	38.33	0.00	0.00
FBC	144	33.33	8.33	15.00	43.33	0.00	0.00
FBC	145	33.33	25.00	13.33	28.33	0.00	0.00
FBC	146	21.67	20.00	23.33	35.00	0.00	0.00
FBC	147	36.67	20.00	18.33	25.00	0.00	0.00
FBC	148	28.33	16.67	26.67	28.33	0.00	0.00
FBC	149	38.33	10.00	16.67	35.00	0.00	0.00
FBC	150	40.68	6.78	18.64	33.90	0.00	0.00
FBC	151	36.21	17.24	22.41	24.14	0.00	0.00
# ACGT raw counters for first fragments. Use `grep ^FTC | cut -f 2-` to extract this part. The columns are: A,C,G,T,N base counters
FTC	2912	1526	1584	3035	0
# ACGT content per cycle for last fragments. Use `grep ^LBC | cut -f 2-` to extract this part. The columns are: cycle; A,C,G,T base counts as a percentage of all A/C/G/T bases [%]; and N and O counts as a percentage of all A/C/G/T bases [%]
LBC	1	43.64	18.18	14.55	23.64	1.82	0.00
LBC	2	30.36	12.50	26.79	30.36	0.00	0.00
LBC	3	53.57	16.07	7.14	23.21	0.00	0.00
LBC	4	46.43	14.29	17.86	21.43	0.00	0.00
LBC	5	35.71	12.50	14.29	37.50	0.00	0.00
LBC	6	30.36	7.14	17.86	44.64	0.00	0.00
LBC	7	32.14	17.86	16.07	33.93	0.00	0.00
LBC	8	21.43	25.00	14.29	39.29	0.00	0.00
LBC	9	21.43	16.07	23.21	39.29	0.00	0.00
LBC	10	23.21	17.86	12.50	46.43	0.00	0.00
LBC	11	37.50	16.07	7.14	39.29	0.00	0.00
LBC	12	28.57	25.00	23.21	23.21	0.00	0.00
LBC	13	26.79	19.64	12.50	41.07	0.00	0.00
LBC	14	23.21	19.64	12.50	44.64	0.00	0.00
LBC	15	25.00	16.07	23.21	35.71	0.00	0.00
LBC	16	30.36	26.79	14.29	28.57	0.00	0.00
LBC	17	32.14	19.64	16.07	32.14	0.00	0.00
LBC	18	33.93	14.29	17.86	33.93	0.00	0.00
LBC	19	28.57	26.79	14.29	30.36	0.00	0.00
LBC	20	25.00	16.07	10.71	48.21	0.00	0.00
LBC	21	21.43	23.21	10.71	44.64	0.00	0.00
LBC	22	28.57	17.86	19.64	33.93	0.00	0.00
LBC	23	28.57	8.93	21.43	41.07	0.00	0.00
LBC	24	33.93	23.21	17.86	25.00	0.00	0.00
LBC	25	12.50	19.64	26.79	41.07	0.00	0.00
LBC	26	32.14	14.29	25.00	28.57	0.00	0.00
LBC	27	26.79	17.86	21.43	33.93	0.00	0.00
LBC	28	37.50	12.50	19.64	30.36	0.00	0.00
LBC	29	37.50	12.50	8.93	41.07	0.00	0.00
LBC	30	25.00	12.50	16.07	46.43	0.00	0.00
LBC	31	32.14	23.21	16.07	28.57	0.00	0.00
LBC	32	42.86	17.86	17.86	21.43	0.00	0.00
LBC	33	48.21	14.29	12.50	25.00	0.00	0.00
LBC	34	25.00	3.57	25.00	46.43	0.00	0.00
LBC	35	37.50	12.50	16.07	33.93	0.00	0.00
LBC	36	21.43	19.64	25.00	33.93	0.00	0.00
LBC	37	32.14	21.43	16.07	30.36	0.00	0.00
LBC	38	32.14	17.86	14.29	35.71	0.00	0.00
LBC	39	25.00	19.64	26.79	28.57	0.00	0.00
LBC	40	33.93	19.64	19.64	26.79	0.00	0.00
LBC	41	30.36	14.29	21.43	33.93	0.00	0.00
LBC	42	35.71	10.71	14.29	39.29	0.00	0.00
LBC	43	32.14	8.93	23.21	35.71	0.00	0.00
LBC	44	30.36	14.29	23.21	32.14	0.00	0.00
LBC	45	32.14	7.14	17.86	42.86	0.00	0.00
LBC	46	32.14	8.93	14.29	44.64	0.00	0.00
LBC	47	32.14	19.64	26.79	21.43	0.00	0.00
LBC	48	25.00	19.64	23.21	32.14	0.00	0.00
LBC	49	26.79	17.86	16.07	39.29	0.00	0.00
LBC	50	26.79	14.29	21.43	37.50	0.00	0.00
LBC	51	37.50	25.00	16.07	21.43	0.00	0.00
LBC	52	39.29	16.07	8.93	35.71	0.00	0.00
LBC	53	28.57	17.86	16.07	37.50	0.00	0.00
LBC	54	33.93	10.71	14.29	41.07	0.00	0.00
LBC	55	16.07	25.00	19.64	39.29	0.00	0.00
LBC	56	35.71	25.00	7.14	32.14	0.00	0.00
LBC	57	32.14	12.50	16.07	39.29	0.00	0.00
LBC	58	44.64	8.93	7.14	39.29	0.00	0.00
LBC	59	39.29	21.43	10.71	28.57	0.00	0.00
LBC	60	32.14	16.07	14.29	37.50	0.00	0.00
LBC	61	35.71	14.29	16.07	33.93	0.00	0.00
LBC	62	37.50	16.07	14.29	32.14	0.00	0.00
LBC	63	37.50	17.86	23.21	21.43	0.00	0.00
LBC	64	28.57	21.43	16.07	33.93	0.00	0.00
LBC	65	41.07	16.07	14.29	28.57	0.00	0.00
LBC	66	37.50	14.29	16.07	32.14	0.00	0.00
LBC	67	32.14	10.71	8.93	48.21	0.00	0.00
LBC	68	39.29	12.50	28.57	19.64	0.00	0.00
LBC	69	37.50	21.43	10.71	30.36	0.00	0.00
LBC	70	35.71	16.07	12.50	35.71	0.00	0.00
LBC	71	19.64	16.07	17.86	46.43	0.00	0.00
LBC	72	35.71	28.57	17.86	17.86	0.00	0.00
LBC	73	35.71	12.50	10.71	41.07	0.00	0.00
LBC	74	19.64	25.00	25.00	30.36	0.00	0.00
LBC	75	32.14	25.00	12.50	30.36	0.00	0.00
LBC	76	37.50	25.00	10.71	26.79	0.00	0.00
LBC	77	28.57	12.50	23.21	35.71	0.00	0.00
LBC	78	26.79	16.07	12.50	44.64	0.00	0.00
LBC	79	21.43	10.71	21.43	46.43	0.00	0.00
LBC	80	35.71	17.86	14.29	32.14	0.00	0.00
LBC	81	33.93	12.50	19.64	33.93	0.00	0.00
LBC	82	30.36	12.50	28.57	28.57	0.00	0.00
LBC	83	33.93	33.93	10.71	21.43	0.00	0.00
LBC	84	25.00	28.57	10.71	35.71	0.00	0.00
LBC	85	28.57	16.07	21.43	33.93	0.00	0.00
LBC	86	44.64	14.29	12.50	28.57	0.00	0.00
LBC	87	26.79	21.43	14.29	37.50	0.00	0.00
LBC	88	39.29	17.86	16.07	26.79	0.00	0.00
LBC	89	21.43	12.50	16.07	50.00	0.00	0.00
LBC	90	32.14	16.07	21.43	30.36	0.00	0.00
LBC	91	26.79	19.64	19.64	33.93	0.00	0.00
LBC	92	30.36	21.43	16.07	32.14	0.00	0.00
LBC	93	30.36	17.86	16.07	35.71	0.00	0.00
LBC	94	48.21	8.93	7.14	35.71	0.00	0.00
LBC	95	39.29	14.29	12.50	33.93	0.00	0.00
LBC	96	39.29	17.86	12.50	30.36	0.00	0.00
LBC	97	33.93	16.07	12.50	37.50	0.00	0.00
LBC	98	33.93	21.43	12.50	32.14	0.00	0.00
LBC	99	33.93	33.93	3.57	28.57	0.00	0.00
LBC	100	28.57	12.50	23.21	35.71	0.00	0.00
LBC	101	28.57	16.07	21.43	33.93	0.00	0.00
LBC	102	30.36	14.29	23.21	32.14	0.00	0.00
LBC	103	25.00	23.21	16.07	35.71	0.00	0.00
LBC	104	25.00	10.71	30.36	33.93	0.00	0.00
LBC	105	25.00	14.29	25.00	35.71	0.00	0.00
LBC	106	30.36	16.07	21.43	32.14	0.00	0.00
LBC	107	32.14	17.86	12.50	37.50	0.00	0.00
LBC	108	25.00	21.43	10.71	42.86	0.00	0.00
LBC	109	32.14	12.50	23.21	32.14	0.00	0.00
LBC	110	34.55	9.09	21.82	34.55	1.82	0.00
LBC	111	23.21	21.43	28.57	26.79	0.00	0.00
LBC	112	39.29	14.29	23.21	23.21	0.00	0.00
LBC	113	37.50	16.07	17.86	28.57	0.00	0.00
LBC	114	37.50	12.50	16.07	33.93	0.00	0.00
LBC	115	25.00	26.79	12.50	35.71	0.00	0.00
LBC	116	37.50	19.64	19.64	23.21	0.00	0.00
LBC	117	19.64	19.64	16.07	44.64	0.00	0.00
LBC	118	28.57	3.57	21.43	46.43	0.00	0.00
LBC	119	26.79	12.50	19.64	41.07	0.00	0.00
LBC	120	28.57	25.00	23.21	23.21	0.00	0.00
LBC	121	32.14	8.93	16.07	42.86	0.00	0.00
LBC	122	37.50	16.07	10.71	35.71	0.00	0.00
LBC	123	41.07	10.71	21.43	26.79	0.00	0.00
LBC	124	41.07	3.57	14.29	41.07	0.00	0.00
LBC	125	32.14	10.71	26.79	30.36	0.00	0.00
LBC	126	39.29	17.86	21.43	21.43	0.00	0.00
LBC	127	26.79	16.07	25.00	32.14	0.00	0.00
LBC	128	46.43	17.86	14.29	21.43	0.00	0.00
LBC	129	32.14	10.71	12.50	44.64	0.00	0.00
LBC	130	30.36	14.29	16.07	39.29	0.00	0.00
LBC	131	30.36	19.64	10.71	39.29	0.00	0.00
LBC	132	37.50	14.29	14.29	33.93	0.00	0.00
LBC	133	32.14	17.86	23.21	26.79	0.00	0.00
LBC	134	33.93	14.29	10.71	41.07	0.00	0.00
LBC	135	35.71	21.43	5.36	37.50	0.00	0.00
LBC	136	26.79	17.86	19.64	35.71	0.00	0.00
LBC	137	28.57	10.71	16.07	44.64	0.00	0.00
LBC	138	28.57	16.07	17.86	37.50	0.00	0.00
LBC	139	33.93	14.29	16.07	35.71	0.00	0.00
LBC	140	23.21	25.00	19.64	32.14	0.00	0.00
LBC	141	26.79	7.14	17.86	48.21	0.00	0.00
LBC	142	32.14	19.64	14.29	33.93	0.00	0.00
LBC	143	39.29	8.93	21.43	30.36	0.00	0.00
LBC	144	35.71	8.93	17.86	37.50	0.00	0.00
LBC	145	42.86	14.29	19.64	23.21	0.00	0.00
LBC	146	37.50	19.64	12.50	30.36	0.00	0.00
LBC	147	26.79	19.64	14.29	39.29	0.00	0.00
LBC	148	26.79	19.64	25.00	28.57	0.00	0.00
LBC	149	29.09	12.73	14.55	43.64	0.00	0.00
LBC	150	38.89	9.26	24.07	27.78	0.00	0.00
LBC	151	35.42	16.67	16.67	31.25	0.00	0.00
# ACGT raw counters for last fragments. Use `grep ^LTC | cut -f 2-` to extract this part. The columns are: A,C,G,T,N base counters
LTC	2703	1401	1450	2889	2
# Insert sizes. Use `grep ^IS | cut -f 2-` to extract this part. The columns are: insert size, pairs total, inward oriented pairs, outward oriented pairs, other pairs
IS	0	0	0	0	0
IS	1	0	0	0	0
IS	2	0	0	0	0
IS	3	0	0	0	0
IS	4	0	0	0	0
IS	5	0	0	0	0
IS	6	0	0	0	0
IS	7	0	0	0	0
IS	8	0	0	0	0
IS	9	0	0	0	0
IS	10	0	0	0	0
IS	11	0	0	0	0
IS	12	0	0	0	0
IS	13	0	0	0	0
IS	14	0	0	0	0
IS	15	0	0	0	0
IS	16	0	0	0	0
IS	17	0	0	0	0
IS	18	0	0	0	0
IS	19	0	0	0	0
IS	20	0	0	0	0
IS	21	0	0	0	0
IS	22	0	0	0	0
IS	23	0	0	0	0
IS	24	0	0	0	0
IS	25	0	0	0	0
IS	26	0	0	0	0
IS	27	0	0	0	0
IS	28	0	0	0	0
IS	29	0	0	0	0
IS	30	0	0	0	0
IS	31	0	0	0	0
IS	32	0	0	0	0
IS	33	0	0	0	0
IS	34	0	0	0	0
IS	35	0	0	0	0
IS	36	0	0	0	0
IS	37	0	0	0	0
IS	38	0	0	0	0
IS	39	0	0	0	0
IS	40	0	0	0	0
IS	41	0	0	0	0
IS	42	0	0	0	0
IS	43	0	0	0	0
IS	44	0	0	0	0
IS	45	0	0	0	0
IS	46	0	0	0	0
IS	47	0	0	0	0
IS	48	0	0	0	0
IS	49	0	0	0	0
IS	50	0	0	0	0
IS	51	0	0	0	0
IS	52	0	0	0	0
IS	53	0	0	0	0
IS	54	0	0	0	0
IS	55	0	0	0	0
IS	56	0	0	0	0
IS	57	0	0	0	0
IS	58	0	0	0	0
IS	59	0	0	0	0
IS	60	0	0	0	0
IS	61	0	0	0	0
IS	62	0	0	0	0
IS	63	0	0	0	0
IS	64	0	0	0	0
IS	65	0	0	0	0
IS	66	0	0	0	0
IS	67	0	0	0	0
IS	68	0	0	0	0
IS	69	0	0	0	0
IS	70	0	0	0	0
IS	71	0	0	0	0
IS	72	0	0	0	0
IS	73	0	0	0	0
IS	74	0	0	0	0
IS	75	0	0	0	0
IS	76	0	0	0	0
IS	77	0	0	0	0
IS	78	0	0	0	0
IS	79	0	0	0	0
IS	80	0	0	0	0
IS	81	0	0	0	0
IS	82	0	0	0	0
IS	83	0	0	0	0
IS	84	0	0	0	0
IS	85	0	0	0	0
IS	86	0	0	0	0
IS	87	0	0	0	0
IS	88	0	0	0	0
IS	89	0	0	0	0
IS	90	0	0	0	0
IS	91	0	0	0	0
IS	92	0	0	0	0
IS	93	0	0	0	0
IS	94	0	0	0	0
IS	95	0	0	0	0
IS	96	0	0	0	0
IS	97	0	0	0	0
IS	98	0	0	0	0
IS	99	0	0	0	0
IS	100	0	0	0	0
IS	101	0	0	0	0
IS	102	0	0	0	0
IS	103	0	0	0	0
IS	104	0	0	0	0
IS	105	0	0	0	0
IS	106	0	0	0	0
IS	107	0	0	0	0
IS	108	0	0	0	0
IS	109	0	0	0	0
IS	110	0	0	0	0
IS	111	0	0	0	0
IS	112	0	0	0	0
IS	113	0	0	0	0
IS	114	0	0	0	0
IS	115	0	0	0	0
IS	116	0	0	0	0
IS	117	0	0	0	0
IS	118	0	0	0	0
IS	119	0	0	0	0
IS	120	0	0	0	0
IS	121	0	0	0	0
IS	122	0	0	0	0
IS	123	0	0	0	0
IS	124	0	0	0	0
IS	125	0	0	0	0
IS	126	0	0	0	0
IS	127	0	0	0	0
IS	128	0	0	0	0
IS	129	0	0	0	0
IS	130	0	0	0	0
IS	131	0	0	0	0
IS	132	0	0	0	0
IS	133	0	0	0	0
IS	134	0	0	0	0
IS	135	0	0	0	0
IS	136	0	0	0	0
IS	137	0	0	0	0
IS	138	0	0	0	0
IS	139	0	0	0	0
IS	140	0	0	0	0
IS	141	0	0	0	0
IS	142	0	0	0	0
IS	143	0	0	0	0
IS	144	0	0	0	0
IS	145	0	0	0	0
IS	146	0	0	0	0
IS	147	0	0	0	0
IS	148	0	0	0	0
IS	149	0	0	0	0
IS	150	0	0	0	0
IS	151	0	0	0	0
IS	152	0	0	0	0
IS	153	0	0	0	0
IS	154	0	0	0	0
IS	155	0	0	0	0
IS	156	0	0	0	0
IS	157	0	0	0	0
IS	158	0	0	0	0
IS	159	0	0	0	0
IS	160	0	0	0	0
IS	161	0	0	0	0
IS	162	0	0	0	0
IS	163	0	0	0	0
IS	164	0	0	0	0
IS	165	0	0	0	0
IS	166	0	0	0	0
IS	167	0	0	0	0
IS	168	0	0	0	0
IS	169	0	0	0	0
IS	170	0	0	0	0
IS	171	0	0	0	0
IS	172	0	0	0	0
IS	173	0	0	0	0
IS	174	0	0	0	0
IS	175	0	0	0	0
IS	176	0	0	0	0
IS	177	0	0	0	0
IS	178	0	0	0	0
IS	179	0	0	0	0
IS	180	0	0	0	0
IS	181	0	0	0	0
IS	182	0	0	0	0
IS	183	0	0	0	0
IS	184	0	0	0	0
IS	185	0	0	0	0
IS	186	0	0	0	0
IS	187	0	0	0	0
IS	188	0	0	0	0
IS	189	0	0	0	0
IS	190	0	0	0	0
IS	191	0	0	0	0
IS	192	0	0	0	0
IS	193	0	0	0	0
IS	194	0	0	0	0
IS	195	0	0	0	0
IS	196	0	0	0	0
IS	197	0	0	0	0
IS	198	0	0	0	0
IS	199	0	0	0	0
IS	200	0	0	0	0
IS	201	0	0	0	0
IS	202	0	0	0	0
IS	203	0	0	0	0
IS	204	0	0	0	0
IS	205	0	0	0	0
IS	206	1	1	0	0
IS	207	0	0	0	0
IS	208	0	0	0	0
IS	209	0	0	0	0
IS	210	0	0	0	0
IS	211	0	0	0	0
IS	212	0	0	0	0
IS	213	0	0	0	0
IS	214	0	0	0	0
IS	215	0	0	0	0
IS	216	0	0	0	0
IS	217	0	0	0	0
IS	218	0	0	0	0
IS	219	0	0	0	0
IS	220	0	0	0	0
IS	221	0	0	0	0
IS	222	0	0	0	0
IS	223	0	0	0	0
IS	224	0	0	0	0
IS	225	0	0	0	0
IS	226	0	0	0	0
IS	227	0	0	0	0
IS	228	0	0	0	0
IS	229	0	0	0	0
IS	230	0	0	0	0
IS	231	0	0	0	0
IS	232	1	1	0	0
IS	233	0	0	0	0
IS	234	1	1	0	0
IS	235	0	0	0	0
IS	236	0	0	0	0
IS	237	0	0	0	0
IS	238	0	0	0	0
IS	239	0	0	0	0
IS	240	0	0	0	0
IS	241	0	0	0	0
IS	242	0	0	0	0
IS	243	0	0	0	0
IS	244	0	0	0	0
IS	245	0	0	0	0
IS	246	0	0	0	0
IS	247	0	0	0	0
IS	248	0	0	0	0
IS	249	0	0	0	0
IS	250	0	0	0	0
IS	251	0	0	0	0
IS	252	0	0	0	0
IS	253	1	1	0	0
IS	254	1	1	0	0
IS	255	0	0	0	0
IS	256	1	1	0	0
IS	257	1	1	0	0
IS	258	0	0	0	0
IS	259	0	0	0	0
IS	260	1	1	0	0
IS	261	0	0	0	0
IS	262	0	0	0	0
IS	263	0	0	0	0
IS	264	0	0	0	0
IS	265	0	0	0	0
IS	266	0	0	0	0
IS	267	0	0	0	0
IS	268	0	0	0	0
IS	269	0	0	0	0
IS	270	0	0	0	0
IS	271	0	0	0	0
IS	272	0	0	0	0
IS	273	0	0	0	0
IS	274	0	0	0	0
IS	275	0	0	0	0
IS	276	0	0	0	0
IS	277	0	0	0	0
IS	278	0	0	0	0
IS	279	1	1	0	0
IS	280	0	0	0	0
IS	281	0	0	0	0
IS	282	0	0	0	0
IS	283	0	0	0	0
IS	284	0	0	0	0
IS	285	0	0	0	0
IS	286	0	0	0	0
IS	287	0	0	0	0
IS	288	0	0	0	0
IS	289	0	0	0	0
IS	290	0	0	0	0
IS	291	0	0	0	0
IS	292	0	0	0	0
IS	293	0	0	0	0
IS	294	0	0	0	0
IS	295	0	0	0	0
IS	296	0	0	0	0
IS	297	0	0	0	0
IS	298	0	0	0	0
IS	299	0	0	0	0
IS	300	0	0	0	0
IS	301	0	0	0	0
IS	302	1	1	0	0
IS	303	0	0	0	0
IS	304	0	0	0	0
IS	305	1	1	0	0
IS	306	1	1	0	0
IS	307	0	0	0	0
IS	308	0	0	0	0
IS	309	0	0	0	0
IS	310	0	0	0	0
IS	311	0	0	0	0
IS	312	0	0	0	0
IS	313	0	0	0	0
IS	314	0	0	0	0
IS	315	0	0	0	0
IS	316	0	0	0	0
IS	317	0	0	0	0
IS	318	1	1	0	0
IS	319	1	1	0	0
IS	320	0	0	0	0
IS	321	0	0	0	0
IS	322	0	0	0	0
IS	323	0	0	0	0
IS	324	0	0	0	0
IS	325	0	0	0	0
IS	326	0	0	0	0
IS	327	0	0	0	0
IS	328	0	0	0	0
IS	329	0	0	0	0
IS	330	0	0	0	0
IS	331	0	0	0	0
IS	332	0	0	0	0
IS	333	0	0	0	0
IS	334	0	0	0	0
IS	335	0	0	0	0
IS	336	4	4	0	0
IS	337	0	0	0	0
IS	338	0	0	0	0
IS	339	0	0	0	0
IS	340	0	0	0	0
IS	341	1	1	0	0
IS	342	0	0	0	0
IS	343	1	1	0	0
IS	344	0	0	0	0
IS	345	0	0	0	0
IS	346	0	0	0	0
IS	347	1	1	0	0
IS	348	0	0	0	0
IS	349	0	0	0	0
IS	350	0	0	0	0
IS	351	0	0	0	0
IS	352	0	0	0	0
IS	353	0	0	0	0
IS	354	0	0	0	0
IS	355	1	1	0	0
IS	356	0	0	0	0
IS	357	0	0	0	0
IS	358	0	0	0	0
IS	359	1	1	0	0
IS	360	0	0	0	0
IS	361	0	0	0	0
IS	362	0	0	0	0
IS	363	0	0	0	0
IS	364	0	0	0	0
IS	365	0	0	0	0
IS	366	1	1	0	0
IS	367	0	0	0	0
IS	368	0	0	0	0
IS	369	0	0	0	0
IS	370	0	0	0	0
IS	371	0	0	0	0
IS	372	0	0	0	0
IS	373	2	2	0	0
IS	374	0	0	0	0
IS	375	0	0	0	0
IS	376	0	0	0	0
IS	377	0	0	0	0
IS	378	0	0	0	0
IS	379	0	0	0	0
IS	380	0	0	0	0
IS	381	0	0	0	0
IS	382	1	1	0	0
IS	383	0	0	0	0
IS	384	2	2	0	0
IS	385	2	2	0	0
IS	386	0	0	0	0
IS	387	0	0	0	0
IS	388	0	0	0	0
IS	389	0	0	0	0
IS	390	0	0	0	0
IS	391	1	1	0	0
IS	392	0	0	0	0
IS	393	0	0	0	0
IS	394	2	2	0	0
IS	395	2	2	0	0
IS	396	1	1	0	0
IS	397	2	2	0	0
IS	398	0	0	0	0
IS	399	0	0	0	0
IS	400	0	0	0	0
IS	401	0	0	0	0
IS	402	0	0	0	0
IS	403	0	0	0	0
IS	404	0	0	0	0
IS	405	0	0	0	0
IS	406	0	0	0	0
IS	407	1	1	0	0
IS	408	0	0	0	0
IS	409	0	0	0	0
IS	410	0	0	0	0
IS	411	0	0	0	0
IS	412	0	0	0	0
IS	413	0	0	0	0
IS	414	1	1	0	0
IS	415	0	0	0	0
IS	416	0	0	0	0
IS	417	0	0	0	0
IS	418	0	0	0	0
IS	419	0	0	0	0
IS	420	0	0	0	0
IS	421	0	0	0	0
IS	422	0	0	0	0
IS	423	0	0	0	0
IS	424	0	0	0	0
IS	425	0	0	0	0
IS	426	0	0	0	0
IS	427	0	0	0	0
IS	428	1	1	0	0
IS	429	0	0	0	0
IS	430	0	0	0	0
IS	431	0	0	0	0
IS	432	0	0	0	0
IS	433	1	1	0	0
IS	434	2	2	0	0
IS	435	0	0	0	0
IS	436	0	0	0	0
IS	437	0	0	0	0
IS	438	0	0	0	0
IS	439	0	0	0	0
IS	440	0	0	0	0
IS	441	0	0	0	0
IS	442	0	0	0	0
IS	443	0	0	0	0
IS	444	0	0	0	0
IS	445	0	0	0	0
IS	446	0	0	0	0
IS	447	1	1	0	0
IS	448	0	0	0	0
IS	449	1	1	0	0
IS	450	0	0	0	0
IS	451	0	0	0	0
IS	452	0	0	0	0
IS	453	0	0	0	0
IS	454	0	0	0	0
IS	455	0	0	0	0
IS	456	1	1	0	0
IS	457	0	0	0	0
IS	458	0	0	0	0
IS	459	0	0	0	0
IS	460	0	0	0	0
IS	461	0	0	0	0
IS	462	0	0	0	0
IS	463	0	0	0	0
IS	464	0	0	0	0
IS	465	0	0	0	0
IS	466	0	0	0	0
IS	467	0	0	0	0
IS	468	0	0	0	0
IS	469	1	1	0	0
IS	470	0	0	0	0
IS	471	0	0	0	0
IS	472	0	0	0	0
IS	473	0	0	0	0
IS	474	0	0	0	0
IS	475	0	0	0	0
IS	476	2	2	0	0
IS	477	0	0	0	0
IS	478	0	0	0	0
IS	479	0	0	0	0
IS	480	0	0	0	0
IS	481	0	0	0	0
IS	482	0	0	0	0
IS	483	0	0	0	0
IS	484	0	0	0	0
IS	485	0	0	0	0
IS	486	0	0	0	0
IS	487	0	0	0	0
IS	488	1	1	0	0
# Read lengths. Use `grep ^RL | cut -f 2-` to extract this part. The columns are: read length, count
RL	148	1
RL	149	2
RL	150	7
RL	151	106
# Read lengths - first fragments. Use `grep ^FRL | cut -f 2-` to extract this part. The columns are: read length, count
FRL	149	1
FRL	150	1
FRL	151	58
# Read lengths - last fragments. Use `grep ^LRL | cut -f 2-` to extract this part. The columns are: read length, count
LRL	148	1
LRL	149	1
LRL	150	6
LRL	151	48
# Mapping qualities for reads !(UNMAP|SECOND|SUPPL|QCFAIL|DUP). Use `grep ^MAPQ | cut -f 2-` to extract this part. The columns are: mapq, count
MAPQ	1	2
MAPQ	255	114
# Indel distribution. Use `grep ^ID | cut -f 2-` to extract this part. The columns are: length, number of insertions, number of deletions
# Indels per cycle. Use `grep ^IC | cut -f 2-` to extract this part. The columns are: cycle, number of insertions (fwd), .. (rev) , number of deletions (fwd), .. (rev)
# Coverage distribution. Use `grep ^COV | cut -f 2-` to extract this part.
COV	[1-1]	1	11704
COV	[2-2]	2	2449
COV	[3-3]	3	300
# GC-depth. Use `grep ^GCD | cut -f 2-` to extract this part. The columns are: GC%, unique sequence percentiles, 10th, 25th, 50th, 75th and 90th depth percentile
GCD	0.0	5.263	0.000	0.000	0.000	0.000	0.000
GCD	0.3	7.895	0.008	0.008	0.008	0.008	0.008
GCD	24.0	10.526	0.008	0.008	0.008	0.008	0.008
GCD	26.0	13.158	0.030	0.030	0.030	0.030	0.030
GCD	27.0	15.789	0.030	0.030	0.030	0.030	0.030
GCD	29.0	21.053	0.015	0.015	0.015	0.015	0.015
GCD	30.0	26.316	0.015	0.015	0.023	0.030	0.030
GCD	31.0	39.474	0.008	0.011	0.015	0.038	0.053
GCD	32.0	47.368	0.015	0.015	0.030	0.038	0.038
GCD	33.0	50.000	0.015	0.015	0.015	0.015	0.015
GCD	34.0	60.526	0.015	0.019	0.038	0.045	0.045
GCD	35.0	65.789	0.015	0.015	0.023	0.030	0.030
GCD	36.0	68.421	0.015	0.015	0.015	0.015	0.015
GCD	37.0	78.947	0.015	0.017	0.034	0.045	0.045
GCD	38.0	94.737	0.008	0.008	0.015	0.045	0.045
GCD	39.0	100.000	0.015	0.015	0.019	0.023	0.023
