# This file was produced by samtools stats (1.21+htslib-1.21) and can be plotted using plot-bamstats
# This file contains statistics for all reads.
# The command line was:  stats NC.Staphy2.7G_fixed_sorted.bam
# CHK, Checksum	[2]Read Names	[3]Sequences	[4]Qualities
# CHK, CRC32 of reads which passed filtering followed by addition (32bit overflow)
CHK	59263032	bdf1c677	81fb3a26
# Summary Numbers. Use `grep ^SN | cut -f 2-` to extract this part.
SN	raw total sequences:	500	# excluding supplementary and secondary reads
SN	filtered sequences:	0
SN	sequences:	500
SN	is sorted:	1
SN	1st fragments:	260
SN	last fragments:	240
SN	reads mapped:	500
SN	reads mapped and paired:	446	# paired-end technology bit set + both mates mapped
SN	reads unmapped:	0
SN	reads properly paired:	444	# proper-pair bit set
SN	reads paired:	500	# paired-end technology bit set
SN	reads duplicated:	0	# PCR or optical duplicate bit set
SN	reads MQ0:	3	# mapped and MQ=0
SN	reads QC failed:	0
SN	non-primary alignments:	20
SN	supplementary alignments:	0
SN	total length:	75394	# ignores clipping
SN	total first fragment length:	39220	# ignores clipping
SN	total last fragment length:	36174	# ignores clipping
SN	bases mapped:	75394	# ignores clipping
SN	bases mapped (cigar):	75394	# more accurate
SN	bases trimmed:	0
SN	bases duplicated:	0
SN	mismatches:	993	# from NM fields
SN	error rate:	1.317081e-02	# mismatches / bases mapped (cigar)
SN	average length:	151
SN	average first fragment length:	151
SN	average last fragment length:	151
SN	maximum length:	151
SN	maximum first fragment length:	151
SN	maximum last fragment length:	151
SN	average quality:	38.8
SN	insert size average:	349.2
SN	insert size standard deviation:	76.7
SN	inward oriented pairs:	222
SN	outward oriented pairs:	0
SN	pairs with other orientation:	1
SN	pairs on different chromosomes:	0
SN	percentage of properly paired reads (%):	88.8
# First Fragment Qualities. Use `grep ^FFQ | cut -f 2-` to extract this part.
# Columns correspond to qualities and rows to cycles. First column is the cycle number.
FFQ	1	0	0	1	0	0	0	0	0	0	0	0	0	6	0	0	0	0	0	0	0	0	0	0	0	0	0	0	6	0	0	0	0	247	0	0	0	0	0	0	0	0	0	0
FFQ	2	0	0	0	0	0	0	0	0	0	0	0	0	1	0	0	0	0	0	0	0	0	0	0	0	0	0	0	4	0	0	0	0	255	0	0	0	0	0	0	0	0	0	0
FFQ	3	0	0	0	0	0	0	0	0	0	0	0	0	4	0	0	0	0	0	0	0	0	0	0	0	0	0	0	5	0	0	0	0	55	0	0	0	0	196	0	0	0	0	0
FFQ	4	0	0	0	0	0	0	0	0	0	0	0	0	1	0	0	0	0	0	0	0	0	0	0	0	0	0	0	7	0	0	0	0	13	0	0	0	0	239	0	0	0	0	0
FFQ	5	0	0	0	0	0	0	0	0	0	0	0	0	3	0	0	0	0	0	0	0	0	0	2	0	0	0	0	0	0	0	0	0	10	0	0	0	0	245	0	0	0	0	0
FFQ	6	0	0	0	0	0	0	0	0	0	0	0	0	0	0	0	0	0	0	0	0	0	0	1	0	0	0	0	1	0	0	0	0	3	0	0	0	0	21	0	0	0	234	0
FFQ	7	0	0	0	0	0	0	0	0	0	0	0	0	1	0	0	0	0	0	0	0	0	0	1	0	0	0	0	2	0	0	0	0	2	0	0	0	0	14	0	0	0	240	0
FFQ	8	0	0	0	0	0	0	0	0	0	0	0	0	0	0	0	0	0	0	0	0	0	0	1	0	0	0	0	2	0	0	0	0	7	0	0	0	0	16	0	0	0	234	0
FFQ	9	0	0	0	0	0	0	0	0	0	0	0	0	2	0	0	0	0	0	0	0	0	0	0	0	0	0	0	2	0	0	0	0	7	0	0	0	0	17	0	0	0	232	0
FFQ	10	0	0	0	0	0	0	0	0	0	0	0	0	1	0	0	0	0	0	0	0	0	0	0	0	0	0	0	3	0	0	0	0	3	0	0	0	0	10	0	0	0	243	0
FFQ	11	0	0	0	0	0	0	0	0	0	0	0	0	1	0	0	0	0	0	0	0	0	0	0	0	0	0	0	1	0	0	0	0	5	0	0	0	0	15	0	0	0	238	0
FFQ	12	0	0	0	0	0	0	0	0	0	0	0	0	1	0	0	0	0	0	0	0	0	0	0	0	0	0	0	4	0	0	0	0	5	0	0	0	0	16	0	0	0	234	0
FFQ	13	0	0	0	0	0	0	0	0	0	0	0	0	2	0	0	0	0	0	0	0	0	0	1	0	0	0	0	1	0	0	0	0	7	0	0	0	0	15	0	0	0	234	0
FFQ	14	0	0	0	0	0	0	0	0	0	0	0	0	1	0	0	0	0	0	0	0	0	0	1	0	0	0	0	1	0	0	0	0	4	0	0	0	0	18	0	0	0	235	0
FFQ	15	0	0	0	0	0	0	0	0	0	0	0	0	1	0	0	0	0	0	0	0	0	0	1	0	0	0	0	3	0	0	0	0	5	0	0	0	0	11	0	0	0	239	0
FFQ	16	0	0	0	0	0	0	0	0	0	0	0	0	1	0	0	0	0	0	0	0	0	0	2	0	0	0	0	3	0	0	0	0	4	0	0	0	0	18	0	0	0	232	0
FFQ	17	0	0	0	0	0	0	0	0	0	0	0	0	2	0	0	0	0	0	0	0	0	0	2	0	0	0	0	4	0	0	0	0	5	0	0	0	0	15	0	0	0	232	0
FFQ	18	0	0	0	0	0	0	0	0	0	0	0	0	1	0	0	0	0	0	0	0	0	0	1	0	0	0	0	2	0	0	0	0	2	0	0	0	0	18	0	0	0	236	0
FFQ	19	0	0	0	0	0	0	0	0	0	0	0	0	2	0	0	0	0	0	0	0	0	0	2	0	0	0	0	2	0	0	0	0	8	0	0	0	0	12	0	0	0	234	0
FFQ	20	0	0	0	0	0	0	0	0	0	0	0	0	1	0	0	0	0	0	0	0	0	0	1	0	0	0	0	2	0	0	0	0	5	0	0	0	0	13	0	0	0	238	0
FFQ	21	0	0	0	0	0	0	0	0	0	0	0	0	2	0	0	0	0	0	0	0	0	0	0	0	0	0	0	0	0	0	0	0	6	0	0	0	0	16	0	0	0	236	0
FFQ	22	0	0	0	0	0	0	0	0	0	0	0	0	1	0	0	0	0	0	0	0	0	0	2	0	0	0	0	1	0	0	0	0	7	0	0	0	0	13	0	0	0	236	0
FFQ	23	0	0	0	0	0	0	0	0	0	0	0	0	3	0	0	0	0	0	0	0	0	0	0	0	0	0	0	3	0	0	0	0	5	0	0	0	0	16	0	0	0	233	0
FFQ	24	0	0	0	0	0	0	0	0	0	0	0	0	0	0	0	0	0	0	0	0	0	0	2	0	0	0	0	3	0	0	0	0	4	0	0	0	0	10	0	0	0	241	0
FFQ	25	0	0	0	0	0	0	0	0	0	0	0	0	4	0	0	0	0	0	0	0	0	0	2	0	0	0	0	2	0	0	0	0	5	0	0	0	0	16	0	0	0	231	0
FFQ	26	0	0	0	0	0	0	0	0	0	0	0	0	2	0	0	0	0	0	0	0	0	0	3	0	0	0	0	6	0	0	0	0	8	0	0	0	0	9	0	0	0	232	0
FFQ	27	0	0	0	0	0	0	0	0	0	0	0	0	2	0	0	0	0	0	0	0	0	0	1	0	0	0	0	5	0	0	0	0	4	0	0	0	0	15	0	0	0	233	0
FFQ	28	0	0	0	0	0	0	0	0	0	0	0	0	4	0	0	0	0	0	0	0	0	0	2	0	0	0	0	2	0	0	0	0	3	0	0	0	0	16	0	0	0	233	0
FFQ	29	0	0	0	0	0	0	0	0	0	0	0	0	1	0	0	0	0	0	0	0	0	0	3	0	0	0	0	4	0	0	0	0	5	0	0	0	0	16	0	0	0	231	0
FFQ	30	0	0	0	0	0	0	0	0	0	0	0	0	4	0	0	0	0	0	0	0	0	0	4	0	0	0	0	1	0	0	0	0	7	0	0	0	0	16	0	0	0	228	0
FFQ	31	0	0	0	0	0	0	0	0	0	0	0	0	3	0	0	0	0	0	0	0	0	0	1	0	0	0	0	3	0	0	0	0	8	0	0	0	0	11	0	0	0	234	0
FFQ	32	0	0	0	0	0	0	0	0	0	0	0	0	2	0	0	0	0	0	0	0	0	0	1	0	0	0	0	3	0	0	0	0	1	0	0	0	0	16	0	0	0	237	0
FFQ	33	0	0	0	0	0	0	0	0	0	0	0	0	1	0	0	0	0	0	0	0	0	0	0	0	0	0	0	2	0	0	0	0	6	0	0	0	0	22	0	0	0	229	0
FFQ	34	0	0	0	0	0	0	0	0	0	0	0	0	1	0	0	0	0	0	0	0	0	0	1	0	0	0	0	4	0	0	0	0	4	0	0	0	0	24	0	0	0	226	0
FFQ	35	0	0	0	0	0	0	0	0	0	0	0	0	2	0	0	0	0	0	0	0	0	0	1	0	0	0	0	1	0	0	0	0	6	0	0	0	0	14	0	0	0	236	0
FFQ	36	0	0	0	0	0	0	0	0	0	0	0	0	0	0	0	0	0	0	0	0	0	0	2	0	0	0	0	4	0	0	0	0	5	0	0	0	0	15	0	0	0	234	0
FFQ	37	0	0	0	0	0	0	0	0	0	0	0	0	3	0	0	0	0	0	0	0	0	0	1	0	0	0	0	3	0	0	0	0	4	0	0	0	0	21	0	0	0	228	0
FFQ	38	0	0	0	0	0	0	0	0	0	0	0	0	2	0	0	0	0	0	0	0	0	0	2	0	0	0	0	4	0	0	0	0	1	0	0	0	0	14	0	0	0	237	0
FFQ	39	0	0	0	0	0	0	0	0	0	0	0	0	1	0	0	0	0	0	0	0	0	0	2	0	0	0	0	3	0	0	0	0	2	0	0	0	0	16	0	0	0	236	0
FFQ	40	0	0	0	0	0	0	0	0	0	0	0	0	0	0	0	0	0	0	0	0	0	0	0	0	0	0	0	6	0	0	0	0	2	0	0	0	0	10	0	0	0	242	0
FFQ	41	0	0	0	0	0	0	0	0	0	0	0	0	3	0	0	0	0	0	0	0	0	0	1	0	0	0	0	1	0	0	0	0	3	0	0	0	0	17	0	0	0	235	0
FFQ	42	0	0	0	0	0	0	0	0	0	0	0	0	2	0	0	0	0	0	0	0	0	0	1	0	0	0	0	6	0	0	0	0	3	0	0	0	0	19	0	0	0	229	0
FFQ	43	0	0	0	0	0	0	0	0	0	0	0	0	6	0	0	0	0	0	0	0	0	0	0	0	0	0	0	2	0	0	0	0	3	0	0	0	0	15	0	0	0	234	0
FFQ	44	0	0	0	0	0	0	0	0	0	0	0	0	3	0	0	0	0	0	0	0	0	0	2	0	0	0	0	3	0	0	0	0	3	0	0	0	0	24	0	0	0	225	0
FFQ	45	0	0	0	0	0	0	0	0	0	0	0	0	5	0	0	0	0	0	0	0	0	0	1	0	0	0	0	3	0	0	0	0	5	0	0	0	0	12	0	0	0	234	0
FFQ	46	0	0	0	0	0	0	0	0	0	0	0	0	2	0	0	0	0	0	0	0	0	0	0	0	0	0	0	5	0	0	0	0	0	0	0	0	0	18	0	0	0	235	0
FFQ	47	0	0	0	0	0	0	0	0	0	0	0	0	5	0	0	0	0	0	0	0	0	0	2	0	0	0	0	2	0	0	0	0	3	0	0	0	0	17	0	0	0	231	0
FFQ	48	0	0	0	0	0	0	0	0	0	0	0	0	5	0	0	0	0	0	0	0	0	0	2	0	0	0	0	2	0	0	0	0	6	0	0	0	0	20	0	0	0	225	0
FFQ	49	0	0	0	0	0	0	0	0	0	0	0	0	4	0	0	0	0	0	0	0	0	0	3	0	0	0	0	7	0	0	0	0	0	0	0	0	0	14	0	0	0	232	0
FFQ	50	0	0	0	0	0	0	0	0	0	0	0	0	4	0	0	0	0	0	0	0	0	0	3	0	0	0	0	8	0	0	0	0	5	0	0	0	0	18	0	0	0	222	0
FFQ	51	0	0	0	0	0	0	0	0	0	0	0	0	4	0	0	0	0	0	0	0	0	0	3	0	0	0	0	1	0	0	0	0	5	0	0	0	0	19	0	0	0	228	0
FFQ	52	0	0	0	0	0	0	0	0	0	0	0	0	2	0	0	0	0	0	0	0	0	0	2	0	0	0	0	2	0	0	0	0	4	0	0	0	0	21	0	0	0	229	0
FFQ	53	0	0	0	0	0	0	0	0	0	0	0	0	4	0	0	0	0	0	0	0	0	0	1	0	0	0	0	2	0	0	0	0	4	0	0	0	0	18	0	0	0	231	0
FFQ	54	0	0	0	0	0	0	0	0	0	0	0	0	0	0	0	0	0	0	0	0	0	0	2	0	0	0	0	3	0	0	0	0	5	0	0	0	0	16	0	0	0	234	0
FFQ	55	0	0	0	0	0	0	0	0	0	0	0	0	3	0	0	0	0	0	0	0	0	0	0	0	0	0	0	2	0	0	0	0	8	0	0	0	0	21	0	0	0	226	0
FFQ	56	0	0	0	0	0	0	0	0	0	0	0	0	1	0	0	0	0	0	0	0	0	0	1	0	0	0	0	6	0	0	0	0	8	0	0	0	0	21	0	0	0	223	0
FFQ	57	0	0	0	0	0	0	0	0	0	0	0	0	2	0	0	0	0	0	0	0	0	0	3	0	0	0	0	0	0	0	0	0	6	0	0	0	0	15	0	0	0	234	0
FFQ	58	0	0	0	0	0	0	0	0	0	0	0	0	3	0	0	0	0	0	0	0	0	0	3	0	0	0	0	3	0	0	0	0	6	0	0	0	0	22	0	0	0	223	0
FFQ	59	0	0	0	0	0	0	0	0	0	0	0	0	3	0	0	0	0	0	0	0	0	0	0	0	0	0	0	2	0	0	0	0	5	0	0	0	0	25	0	0	0	225	0
FFQ	60	0	0	0	0	0	0	0	0	0	0	0	0	2	0	0	0	0	0	0	0	0	0	3	0	0	0	0	4	0	0	0	0	1	0	0	0	0	27	0	0	0	223	0
FFQ	61	0	0	0	0	0	0	0	0	0	0	0	0	0	0	0	0	0	0	0	0	0	0	1	0	0	0	0	4	0	0	0	0	2	0	0	0	0	16	0	0	0	237	0
FFQ	62	0	0	0	0	0	0	0	0	0	0	0	0	1	0	0	0	0	0	0	0	0	0	0	0	0	0	0	7	0	0	0	0	4	0	0	0	0	17	0	0	0	231	0
FFQ	63	0	0	0	0	0	0	0	0	0	0	0	0	5	0	0	0	0	0	0	0	0	0	2	0	0	0	0	4	0	0	0	0	5	0	0	0	0	19	0	0	0	225	0
FFQ	64	0	0	0	0	0	0	0	0	0	0	0	0	1	0	0	0	0	0	0	0	0	0	1	0	0	0	0	7	0	0	0	0	4	0	0	0	0	15	0	0	0	232	0
FFQ	65	0	0	0	0	0	0	0	0	0	0	0	0	4	0	0	0	0	0	0	0	0	0	3	0	0	0	0	6	0	0	0	0	3	0	0	0	0	21	0	0	0	223	0
FFQ	66	0	0	0	0	0	0	0	0	0	0	0	0	5	0	0	0	0	0	0	0	0	0	3	0	0	0	0	5	0	0	0	0	3	0	0	0	0	19	0	0	0	225	0
FFQ	67	0	0	0	0	0	0	0	0	0	0	0	0	3	0	0	0	0	0	0	0	0	0	6	0	0	0	0	2	0	0	0	0	3	0	0	0	0	18	0	0	0	228	0
FFQ	68	0	0	0	0	0	0	0	0	0	0	0	0	6	0	0	0	0	0	0	0	0	0	3	0	0	0	0	5	0	0	0	0	6	0	0	0	0	25	0	0	0	215	0
FFQ	69	0	0	0	0	0	0	0	0	0	0	0	0	6	0	0	0	0	0	0	0	0	0	2	0	0	0	0	3	0	0	0	0	3	0	0	0	0	25	0	0	0	221	0
FFQ	70	0	0	0	0	0	0	0	0	0	0	0	0	5	0	0	0	0	0	0	0	0	0	3	0	0	0	0	3	0	0	0	0	7	0	0	0	0	22	0	0	0	220	0
FFQ	71	0	0	0	0	0	0	0	0	0	0	0	0	4	0	0	0	0	0	0	0	0	0	4	0	0	0	0	4	0	0	0	0	3	0	0	0	0	19	0	0	0	226	0
FFQ	72	0	0	0	0	0	0	0	0	0	0	0	0	4	0	0	0	0	0	0	0	0	0	0	0	0	0	0	3	0	0	0	0	5	0	0	0	0	29	0	0	0	219	0
FFQ	73	0	0	0	0	0	0	0	0	0	0	0	0	1	0	0	0	0	0	0	0	0	0	3	0	0	0	0	4	0	0	0	0	7	0	0	0	0	22	0	0	0	223	0
FFQ	74	0	0	0	0	0	0	0	0	0	0	0	0	4	0	0	0	0	0	0	0	0	0	1	0	0	0	0	2	0	0	0	0	7	0	0	0	0	28	0	0	0	218	0
FFQ	75	0	0	0	0	0	0	0	0	0	0	0	0	4	0	0	0	0	0	0	0	0	0	1	0	0	0	0	3	0	0	0	0	8	0	0	0	0	22	0	0	0	222	0
FFQ	76	0	0	0	0	0	0	0	0	0	0	0	0	3	0	0	0	0	0	0	0	0	0	2	0	0	0	0	5	0	0	0	0	4	0	0	0	0	19	0	0	0	227	0
FFQ	77	0	0	0	0	0	0	0	0	0	0	0	0	4	0	0	0	0	0	0	0	0	0	1	0	0	0	0	6	0	0	0	0	10	0	0	0	0	38	0	0	0	201	0
FFQ	78	0	0	0	0	0	0	0	0	0	0	0	0	4	0	0	0	0	0	0	0	0	0	1	0	0	0	0	5	0	0	0	0	6	0	0	0	0	23	0	0	0	221	0
FFQ	79	0	0	0	0	0	0	0	0	0	0	0	0	3	0	0	0	0	0	0	0	0	0	0	0	0	0	0	9	0	0	0	0	5	0	0	0	0	21	0	0	0	222	0
FFQ	80	0	0	0	0	0	0	0	0	0	0	0	0	3	0	0	0	0	0	0	0	0	0	4	0	0	0	0	4	0	0	0	0	11	0	0	0	0	22	0	0	0	216	0
FFQ	81	0	0	0	0	0	0	0	0	0	0	0	0	3	0	0	0	0	0	0	0	0	0	1	0	0	0	0	7	0	0	0	0	4	0	0	0	0	28	0	0	0	217	0
FFQ	82	0	0	0	0	0	0	0	0	0	0	0	0	5	0	0	0	0	0	0	0	0	0	5	0	0	0	0	3	0	0	0	0	5	0	0	0	0	13	0	0	0	229	0
FFQ	83	0	0	0	0	0	0	0	0	0	0	0	0	7	0	0	0	0	0	0	0	0	0	2	0	0	0	0	6	0	0	0	0	7	0	0	0	0	18	0	0	0	220	0
FFQ	84	0	0	0	0	0	0	0	0	0	0	0	0	5	0	0	0	0	0	0	0	0	0	0	0	0	0	0	8	0	0	0	0	7	0	0	0	0	21	0	0	0	219	0
FFQ	85	0	0	0	0	0	0	0	0	0	0	0	0	7	0	0	0	0	0	0	0	0	0	2	0	0	0	0	3	0	0	0	0	6	0	0	0	0	10	0	0	0	232	0
FFQ	86	0	0	0	0	0	0	0	0	0	0	0	0	5	0	0	0	0	0	0	0	0	0	1	0	0	0	0	3	0	0	0	0	4	0	0	0	0	25	0	0	0	222	0
FFQ	87	0	0	0	0	0	0	0	0	0	0	0	0	4	0	0	0	0	0	0	0	0	0	1	0	0	0	0	4	0	0	0	0	3	0	0	0	0	22	0	0	0	226	0
FFQ	88	0	0	0	0	0	0	0	0	0	0	0	0	6	0	0	0	0	0	0	0	0	0	3	0	0	0	0	8	0	0	0	0	3	0	0	0	0	18	0	0	0	222	0
FFQ	89	0	0	0	0	0	0	0	0	0	0	0	0	7	0	0	0	0	0	0	0	0	0	3	0	0	0	0	5	0	0	0	0	11	0	0	0	0	18	0	0	0	216	0
FFQ	90	0	0	0	0	0	0	0	0	0	0	0	0	6	0	0	0	0	0	0	0	0	0	5	0	0	0	0	6	0	0	0	0	8	0	0	0	0	16	0	0	0	219	0
FFQ	91	0	0	0	0	0	0	0	0	0	0	0	0	7	0	0	0	0	0	0	0	0	0	6	0	0	0	0	1	0	0	0	0	8	0	0	0	0	15	0	0	0	223	0
FFQ	92	0	0	0	0	0	0	0	0	0	0	0	0	4	0	0	0	0	0	0	0	0	0	3	0	0	0	0	9	0	0	0	0	6	0	0	0	0	20	0	0	0	218	0
FFQ	93	0	0	0	0	0	0	0	0	0	0	0	0	7	0	0	0	0	0	0	0	0	0	3	0	0	0	0	4	0	0	0	0	5	0	0	0	0	23	0	0	0	218	0
FFQ	94	0	0	0	0	0	0	0	0	0	0	0	0	4	0	0	0	0	0	0	0	0	0	6	0	0	0	0	5	0	0	0	0	5	0	0	0	0	17	0	0	0	223	0
FFQ	95	0	0	0	0	0	0	0	0	0	0	0	0	5	0	0	0	0	0	0	0	0	0	4	0	0	0	0	6	0	0	0	0	8	0	0	0	0	25	0	0	0	212	0
FFQ	96	0	0	0	0	0	0	0	0	0	0	0	0	5	0	0	0	0	0	0	0	0	0	16	0	0	0	0	2	0	0	0	0	6	0	0	0	0	15	0	0	0	216	0
FFQ	97	0	0	0	0	0	0	0	0	0	0	0	0	4	0	0	0	0	0	0	0	0	0	2	0	0	0	0	6	0	0	0	0	11	0	0	0	0	28	0	0	0	209	0
FFQ	98	0	0	0	0	0	0	0	0	0	0	0	0	4	0	0	0	0	0	0	0	0	0	6	0	0	0	0	1	0	0	0	0	12	0	0	0	0	29	0	0	0	208	0
FFQ	99	0	0	0	0	0	0	0	0	0	0	0	0	5	0	0	0	0	0	0	0	0	0	4	0	0	0	0	1	0	0	0	0	9	0	0	0	0	23	0	0	0	218	0
FFQ	100	0	0	0	0	0	0	0	0	0	0	0	0	6	0	0	0	0	0	0	0	0	0	3	0	0	0	0	4	0	0	0	0	8	0	0	0	0	21	0	0	0	218	0
FFQ	101	0	0	0	0	0	0	0	0	0	0	0	0	2	0	0	0	0	0	0	0	0	0	4	0	0	0	0	2	0	0	0	0	6	0	0	0	0	22	0	0	0	224	0
FFQ	102	0	0	0	0	0	0	0	0	0	0	0	0	8	0	0	0	0	0	0	0	0	0	5	0	0	0	0	2	0	0	0	0	5	0	0	0	0	11	0	0	0	229	0
FFQ	103	0	0	0	0	0	0	0	0	0	0	0	0	5	0	0	0	0	0	0	0	0	0	3	0	0	0	0	4	0	0	0	0	7	0	0	0	0	22	0	0	0	219	0
FFQ	104	0	0	0	0	0	0	0	0	0	0	0	0	3	0	0	0	0	0	0	0	0	0	5	0	0	0	0	3	0	0	0	0	7	0	0	0	0	29	0	0	0	213	0
FFQ	105	0	0	0	0	0	0	0	0	0	0	0	0	6	0	0	0	0	0	0	0	0	0	2	0	0	0	0	2	0	0	0	0	13	0	0	0	0	21	0	0	0	216	0
FFQ	106	0	0	0	0	0	0	0	0	0	0	0	0	3	0	0	0	0	0	0	0	0	0	5	0	0	0	0	6	0	0	0	0	8	0	0	0	0	28	0	0	0	210	0
FFQ	107	0	0	0	0	0	0	0	0	0	0	0	0	4	0	0	0	0	0	0	0	0	0	3	0	0	0	0	1	0	0	0	0	11	0	0	0	0	25	0	0	0	216	0
FFQ	108	0	0	0	0	0	0	0	0	0	0	0	0	2	0	0	0	0	0	0	0	0	0	7	0	0	0	0	4	0	0	0	0	7	0	0	0	0	20	0	0	0	220	0
FFQ	109	0	0	0	0	0	0	0	0	0	0	0	0	6	0	0	0	0	0	0	0	0	0	5	0	0	0	0	4	0	0	0	0	10	0	0	0	0	22	0	0	0	213	0
FFQ	110	0	0	0	0	0	0	0	0	0	0	0	0	4	0	0	0	0	0	0	0	0	0	3	0	0	0	0	6	0	0	0	0	11	0	0	0	0	22	0	0	0	214	0
FFQ	111	0	0	0	0	0	0	0	0	0	0	0	0	7	0	0	0	0	0	0	0	0	0	0	0	0	0	0	2	0	0	0	0	11	0	0	0	0	17	0	0	0	223	0
FFQ	112	0	0	0	0	0	0	0	0	0	0	0	0	4	0	0	0	0	0	0	0	0	0	2	0	0	0	0	6	0	0	0	0	5	0	0	0	0	19	0	0	0	224	0
FFQ	113	0	0	0	0	0	0	0	0	0	0	0	0	2	0	0	0	0	0	0	0	0	0	6	0	0	0	0	6	0	0	0	0	6	0	0	0	0	20	0	0	0	220	0
FFQ	114	0	0	0	0	0	0	0	0	0	0	0	0	1	0	0	0	0	0	0	0	0	0	3	0	0	0	0	3	0	0	0	0	11	0	0	0	0	22	0	0	0	220	0
FFQ	115	0	0	0	0	0	0	0	0	0	0	0	0	3	0	0	0	0	0	0	0	0	0	4	0	0	0	0	4	0	0	0	0	6	0	0	0	0	21	0	0	0	222	0
FFQ	116	0	0	0	0	0	0	0	0	0	0	0	0	7	0	0	0	0	0	0	0	0	0	4	0	0	0	0	4	0	0	0	0	4	0	0	0	0	18	0	0	0	223	0
FFQ	117	0	0	0	0	0	0	0	0	0	0	0	0	7	0	0	0	0	0	0	0	0	0	5	0	0	0	0	6	0	0	0	0	10	0	0	0	0	16	0	0	0	216	0
FFQ	118	0	0	0	0	0	0	0	0	0	0	0	0	4	0	0	0	0	0	0	0	0	0	3	0	0	0	0	9	0	0	0	0	6	0	0	0	0	24	0	0	0	214	0
FFQ	119	0	0	0	0	0	0	0	0	0	0	0	0	4	0	0	0	0	0	0	0	0	0	2	0	0	0	0	5	0	0	0	0	8	0	0	0	0	31	0	0	0	210	0
FFQ	120	0	0	0	0	0	0	0	0	0	0	0	0	3	0	0	0	0	0	0	0	0	0	5	0	0	0	0	4	0	0	0	0	10	0	0	0	0	24	0	0	0	214	0
FFQ	121	0	0	0	0	0	0	0	0	0	0	0	0	1	0	0	0	0	0	0	0	0	0	3	0	0	0	0	3	0	0	0	0	7	0	0	0	0	24	0	0	0	222	0
FFQ	122	0	0	0	0	0	0	0	0	0	0	0	0	4	0	0	0	0	0	0	0	0	0	3	0	0	0	0	4	0	0	0	0	10	0	0	0	0	24	0	0	0	215	0
FFQ	123	0	0	0	0	0	0	0	0	0	0	0	0	7	0	0	0	0	0	0	0	0	0	1	0	0	0	0	1	0	0	0	0	8	0	0	0	0	22	0	0	0	221	0
FFQ	124	0	0	0	0	0	0	0	0	0	0	0	0	5	0	0	0	0	0	0	0	0	0	1	0	0	0	0	5	0	0	0	0	12	0	0	0	0	30	0	0	0	207	0
FFQ	125	0	0	0	0	0	0	0	0	0	0	0	0	3	0	0	0	0	0	0	0	0	0	4	0	0	0	0	3	0	0	0	0	10	0	0	0	0	21	0	0	0	219	0
FFQ	126	0	0	0	0	0	0	0	0	0	0	0	0	8	0	0	0	0	0	0	0	0	0	5	0	0	0	0	2	0	0	0	0	9	0	0	0	0	22	0	0	0	214	0
FFQ	127	0	0	0	0	0	0	0	0	0	0	0	0	5	0	0	0	0	0	0	0	0	0	7	0	0	0	0	4	0	0	0	0	9	0	0	0	0	21	0	0	0	214	0
FFQ	128	0	0	0	0	0	0	0	0	0	0	0	0	2	0	0	0	0	0	0	0	0	0	2	0	0	0	0	4	0	0	0	0	15	0	0	0	0	25	0	0	0	212	0
FFQ	129	0	0	0	0	0	0	0	0	0	0	0	0	6	0	0	0	0	0	0	0	0	0	1	0	0	0	0	10	0	0	0	0	14	0	0	0	0	32	0	0	0	197	0
FFQ	130	0	0	0	0	0	0	0	0	0	0	0	0	4	0	0	0	0	0	0	0	0	0	4	0	0	0	0	7	0	0	0	0	13	0	0	0	0	26	0	0	0	206	0
FFQ	131	0	0	0	0	0	0	0	0	0	0	0	0	6	0	0	0	0	0	0	0	0	0	3	0	0	0	0	5	0	0	0	0	8	0	0	0	0	36	0	0	0	202	0
FFQ	132	0	0	0	0	0	0	0	0	0	0	0	0	7	0	0	0	0	0	0	0	0	0	3	0	0	0	0	4	0	0	0	0	13	0	0	0	0	39	0	0	0	194	0
FFQ	133	0	0	0	0	0	0	0	0	0	0	0	0	7	0	0	0	0	0	0	0	0	0	5	0	0	0	0	5	0	0	0	0	9	0	0	0	0	35	0	0	0	199	0
FFQ	134	0	0	0	0	0	0	0	0	0	0	0	0	5	0	0	0	0	0	0	0	0	0	11	0	0	0	0	4	0	0	0	0	5	0	0	0	0	27	0	0	0	208	0
FFQ	135	0	0	0	0	0	0	0	0	0	0	0	0	6	0	0	0	0	0	0	0	0	0	4	0	0	0	0	5	0	0	0	0	7	0	0	0	0	31	0	0	0	207	0
FFQ	136	0	0	0	0	0	0	0	0	0	0	0	0	8	0	0	0	0	0	0	0	0	0	7	0	0	0	0	6	0	0	0	0	8	0	0	0	0	34	0	0	0	197	0
FFQ	137	0	0	0	0	0	0	0	0	0	0	0	0	7	0	0	0	0	0	0	0	0	0	8	0	0	0	0	3	0	0	0	0	18	0	0	0	0	26	0	0	0	198	0
FFQ	138	0	0	0	0	0	0	0	0	0	0	0	0	4	0	0	0	0	0	0	0	0	0	4	0	0	0	0	7	0	0	0	0	16	0	0	0	0	26	0	0	0	203	0
FFQ	139	0	0	0	0	0	0	0	0	0	0	0	0	5	0	0	0	0	0	0	0	0	0	2	0	0	0	0	7	0	0	0	0	9	0	0	0	0	28	0	0	0	209	0
FFQ	140	0	0	0	0	0	0	0	0	0	0	0	0	5	0	0	0	0	0	0	0	0	0	2	0	0	0	0	2	0	0	0	0	7	0	0	0	0	33	0	0	0	211	0
FFQ	141	0	0	0	0	0	0	0	0	0	0	0	0	4	0	0	0	0	0	0	0	0	0	6	0	0	0	0	12	0	0	0	0	6	0	0	0	0	41	0	0	0	191	0
FFQ	142	0	0	0	0	0	0	0	0	0	0	0	0	3	0	0	0	0	0	0	0	0	0	1	0	0	0	0	7	0	0	0	0	8	0	0	0	0	41	0	0	0	200	0
FFQ	143	0	0	0	0	0	0	0	0	0	0	0	0	10	0	0	0	0	0	0	0	0	0	3	0	0	0	0	8	0	0	0	0	10	0	0	0	0	31	0	0	0	198	0
FFQ	144	0	0	0	0	0	0	0	0	0	0	0	0	7	0	0	0	0	0	0	0	0	0	4	0	0	0	0	4	0	0	0	0	12	0	0	0	0	41	0	0	0	192	0
FFQ	145	0	0	0	0	0	0	0	0	0	0	0	0	7	0	0	0	0	0	0	0	0	0	4	0	0	0	0	6	0	0	0	0	9	0	0	0	0	44	0	0	0	190	0
FFQ	146	0	0	0	0	0	0	0	0	0	0	0	0	5	0	0	0	0	0	0	0	0	0	3	0	0	0	0	14	0	0	0	0	7	0	0	0	0	32	0	0	0	199	0
FFQ	147	0	0	0	0	0	0	0	0	0	0	0	0	8	0	0	0	0	0	0	0	0	0	3	0	0	0	0	9	0	0	0	0	10	0	0	0	0	31	0	0	0	199	0
FFQ	148	0	0	0	0	0	0	0	0	0	0	0	0	8	0	0	0	0	0	0	0	0	0	3	0	0	0	0	6	0	0	0	0	14	0	0	0	0	49	0	0	0	179	0
FFQ	149	0	0	0	0	0	0	0	0	0	0	0	0	10	0	0	0	0	0	0	0	0	0	8	0	0	0	0	5	0	0	0	0	8	0	0	0	0	38	0	0	0	183	0
FFQ	150	0	0	0	0	0	0	0	0	1	0	0	0	3	0	0	0	0	0	0	0	0	0	4	0	0	0	0	7	0	0	0	0	12	0	0	0	0	45	0	0	0	180	0
FFQ	151	0	0	0	0	0	0	0	0	0	0	0	0	0	0	0	0	0	0	0	0	0	0	8	0	0	0	0	8	0	0	0	0	27	0	0	0	0	63	0	0	0	131	0
# Last Fragment Qualities. Use `grep ^LFQ | cut -f 2-` to extract this part.
# Columns correspond to qualities and rows to cycles. First column is the cycle number.
LFQ	1	0	0	4	0	0	0	0	0	0	0	0	0	14	0	0	0	0	0	0	0	0	0	0	0	0	0	0	9	0	0	0	0	213	0	0	0	0	0	0	0	0	0	0
LFQ	2	0	0	0	0	0	0	0	0	0	0	0	0	5	0	0	0	0	0	0	0	0	0	0	0	0	0	0	11	0	0	0	0	224	0	0	0	0	0	0	0	0	0	0
LFQ	3	0	0	0	0	0	0	0	0	0	0	0	0	5	0	0	0	0	0	0	0	0	0	0	0	0	0	0	15	0	0	0	0	64	0	0	0	0	156	0	0	0	0	0
LFQ	4	0	0	0	0	0	0	0	0	0	0	0	0	6	0	0	0	0	0	0	0	0	0	1	0	0	0	0	5	0	0	0	0	27	0	0	0	0	201	0	0	0	0	0
LFQ	5	0	0	0	0	0	0	0	0	0	0	0	0	3	0	0	0	0	0	0	0	0	0	0	0	0	0	0	7	0	0	0	0	19	0	0	0	0	211	0	0	0	0	0
LFQ	6	0	0	0	0	0	0	0	0	0	0	0	0	5	0	0	0	0	0	0	0	0	0	0	0	0	0	0	3	0	0	0	0	15	0	0	0	0	31	0	0	0	186	0
LFQ	7	0	0	0	0	0	0	0	0	0	0	0	0	8	0	0	0	0	0	0	0	0	0	2	0	0	0	0	3	0	0	0	0	10	0	0	0	0	28	0	0	0	189	0
LFQ	8	0	0	0	0	0	0	0	0	0	0	0	0	5	0	0	0	0	0	0	0	0	0	3	0	0	0	0	6	0	0	0	0	13	0	0	0	0	35	0	0	0	178	0
LFQ	9	0	0	0	0	0	0	0	0	0	0	0	0	6	0	0	0	0	0	0	0	0	0	0	0	0	0	0	6	0	0	0	0	10	0	0	0	0	28	0	0	0	190	0
LFQ	10	0	0	0	0	0	0	0	0	0	0	0	0	3	0	0	0	0	0	0	0	0	0	5	0	0	0	0	3	0	0	0	0	10	0	0	0	0	34	0	0	0	185	0
LFQ	11	0	0	0	0	0	0	0	0	0	0	0	0	2	0	0	0	0	0	0	0	0	0	2	0	0	0	0	1	0	0	0	0	7	0	0	0	0	23	0	0	0	205	0
LFQ	12	0	0	0	0	0	0	0	0	0	0	0	0	6	0	0	0	0	0	0	0	0	0	0	0	0	0	0	0	0	0	0	0	6	0	0	0	0	20	0	0	0	208	0
LFQ	13	0	0	0	0	0	0	0	0	0	0	0	0	9	0	0	0	0	0	0	0	0	0	3	0	0	0	0	4	0	0	0	0	6	0	0	0	0	21	0	0	0	197	0
LFQ	14	0	0	0	0	0	0	0	0	0	0	0	0	3	0	0	0	0	0	0	0	0	0	5	0	0	0	0	3	0	0	0	0	8	0	0	0	0	28	0	0	0	193	0
LFQ	15	0	0	0	0	0	0	0	0	0	0	0	0	7	0	0	0	0	0	0	0	0	0	4	0	0	0	0	5	0	0	0	0	4	0	0	0	0	27	0	0	0	193	0
LFQ	16	0	0	0	0	0	0	0	0	0	0	0	0	8	0	0	0	0	0	0	0	0	0	1	0	0	0	0	8	0	0	0	0	5	0	0	0	0	25	0	0	0	193	0
LFQ	17	0	0	0	0	0	0	0	0	0	0	0	0	5	0	0	0	0	0	0	0	0	0	5	0	0	0	0	3	0	0	0	0	9	0	0	0	0	39	0	0	0	179	0
LFQ	18	0	0	0	0	0	0	0	0	0	0	0	0	6	0	0	0	0	0	0	0	0	0	1	0	0	0	0	4	0	0	0	0	7	0	0	0	0	29	0	0	0	193	0
LFQ	19	0	0	0	0	0	0	0	0	0	0	0	0	5	0	0	0	0	0	0	0	0	0	1	0	0	0	0	5	0	0	0	0	6	0	0	0	0	24	0	0	0	199	0
LFQ	20	0	0	0	0	0	0	0	0	0	0	0	0	11	0	0	0	0	0	0	0	0	0	1	0	0	0	0	5	0	0	0	0	8	0	0	0	0	21	0	0	0	194	0
LFQ	21	0	0	0	0	0	0	0	0	0	0	0	0	13	0	0	0	0	0	0	0	0	0	2	0	0	0	0	8	0	0	0	0	9	0	0	0	0	17	0	0	0	191	0
LFQ	22	0	0	0	0	0	0	0	0	0	0	0	0	6	0	0	0	0	0	0	0	0	0	6	0	0	0	0	8	0	0	0	0	4	0	0	0	0	33	0	0	0	183	0
LFQ	23	0	0	0	0	0	0	0	0	0	0	0	0	8	0	0	0	0	0	0	0	0	0	2	0	0	0	0	8	0	0	0	0	7	0	0	0	0	30	0	0	0	185	0
LFQ	24	0	0	0	0	0	0	0	0	0	0	0	0	7	0	0	0	0	0	0	0	0	0	1	0	0	0	0	5	0	0	0	0	7	0	0	0	0	34	0	0	0	186	0
LFQ	25	0	0	0	0	0	0	0	0	0	0	0	0	9	0	0	0	0	0	0	0	0	0	4	0	0	0	0	6	0	0	0	0	6	0	0	0	0	36	0	0	0	179	0
LFQ	26	0	0	0	0	0	0	0	0	0	0	0	0	8	0	0	0	0	0	0	0	0	0	5	0	0	0	0	8	0	0	0	0	10	0	0	0	0	15	0	0	0	194	0
LFQ	27	0	0	1	0	0	0	0	0	0	0	0	0	6	0	0	0	0	0	0	0	0	0	2	0	0	0	0	7	0	0	0	0	9	0	0	0	0	29	0	0	0	186	0
LFQ	28	0	0	0	0	0	0	0	0	0	0	0	0	3	0	0	0	0	0	0	0	0	0	3	0	0	0	0	3	0	0	0	0	14	0	0	0	0	41	0	0	0	176	0
LFQ	29	0	0	0	0	0	0	0	0	0	0	0	0	4	0	0	0	0	0	0	0	0	0	2	0	0	0	0	8	0	0	0	0	5	0	0	0	0	39	0	0	0	182	0
LFQ	30	0	0	0	0	0	0	0	0	0	0	0	0	8	0	0	0	0	0	0	0	0	0	2	0	0	0	0	8	0	0	0	0	3	0	0	0	0	34	0	0	0	185	0
LFQ	31	0	0	0	0	0	0	0	0	0	0	0	0	5	0	0	0	0	0	0	0	0	0	0	0	0	0	0	5	0	0	0	0	7	0	0	0	0	38	0	0	0	185	0
LFQ	32	0	0	0	0	0	0	0	0	0	0	0	0	7	0	0	0	0	0	0	0	0	0	4	0	0	0	0	6	0	0	0	0	3	0	0	0	0	22	0	0	0	198	0
LFQ	33	0	0	0	0	0	0	0	0	0	0	0	0	3	0	0	0	0	0	0	0	0	0	1	0	0	0	0	10	0	0	0	0	10	0	0	0	0	37	0	0	0	179	0
LFQ	34	0	0	0	0	0	0	0	0	0	0	0	0	6	0	0	0	0	0	0	0	0	0	4	0	0	0	0	7	0	0	0	0	6	0	0	0	0	23	0	0	0	194	0
LFQ	35	0	0	0	0	0	0	0	0	0	0	0	0	7	0	0	0	0	0	0	0	0	0	3	0	0	0	0	4	0	0	0	0	3	0	0	0	0	29	0	0	0	194	0
LFQ	36	0	0	0	0	0	0	0	0	0	0	0	0	9	0	0	0	0	0	0	0	0	0	2	0	0	0	0	5	0	0	0	0	10	0	0	0	0	27	0	0	0	187	0
LFQ	37	0	0	0	0	0	0	0	0	0	0	0	0	7	0	0	0	0	0	0	0	0	0	4	0	0	0	0	8	0	0	0	0	7	0	0	0	0	35	0	0	0	179	0
LFQ	38	0	0	0	0	0	0	0	0	0	0	0	0	9	0	0	0	0	0	0	0	0	0	4	0	0	0	0	10	0	0	0	0	12	0	0	0	0	36	0	0	0	169	0
LFQ	39	0	0	0	0	0	0	0	0	0	0	0	0	9	0	0	0	0	0	0	0	0	0	5	0	0	0	0	8	0	0	0	0	3	0	0	0	0	39	0	0	0	176	0
LFQ	40	0	0	0	0	0	0	0	0	0	0	0	0	7	0	0	0	0	0	0	0	0	0	0	0	0	0	0	11	0	0	0	0	9	0	0	0	0	37	0	0	0	176	0
LFQ	41	0	0	0	0	0	0	0	0	0	0	0	0	10	0	0	0	0	0	0	0	0	0	1	0	0	0	0	6	0	0	0	0	6	0	0	0	0	32	0	0	0	185	0
LFQ	42	0	0	0	0	0	0	0	0	0	0	0	0	8	0	0	0	0	0	0	0	0	0	3	0	0	0	0	8	0	0	0	0	9	0	0	0	0	31	0	0	0	181	0
LFQ	43	0	0	0	0	0	0	0	0	0	0	0	0	10	0	0	0	0	0	0	0	0	0	2	0	0	0	0	6	0	0	0	0	12	0	0	0	0	34	0	0	0	176	0
LFQ	44	0	0	0	0	0	0	0	0	0	0	0	0	10	0	0	0	0	0	0	0	0	0	6	0	0	0	0	4	0	0	0	0	10	0	0	0	0	28	0	0	0	182	0
LFQ	45	0	0	0	0	0	0	0	0	0	0	0	0	6	0	0	0	0	0	0	0	0	0	0	0	0	0	0	9	0	0	0	0	12	0	0	0	0	41	0	0	0	172	0
LFQ	46	0	0	0	0	0	0	0	0	0	0	0	0	7	0	0	0	0	0	0	0	0	0	5	0	0	0	0	6	0	0	0	0	8	0	0	0	0	31	0	0	0	183	0
LFQ	47	0	0	0	0	0	0	0	0	0	0	0	0	6	0	0	0	0	0	0	0	0	0	5	0	0	0	0	8	0	0	0	0	9	0	0	0	0	36	0	0	0	176	0
LFQ	48	0	0	0	0	0	0	0	0	0	0	0	0	7	0	0	0	0	0	0	0	0	0	4	0	0	0	0	8	0	0	0	0	15	0	0	0	0	40	0	0	0	166	0
LFQ	49	0	0	0	0	0	0	0	0	0	0	0	0	3	0	0	0	0	0	0	0	0	0	5	0	0	0	0	8	0	0	0	0	10	0	0	0	0	30	0	0	0	184	0
LFQ	50	0	0	0	0	0	0	0	0	0	0	0	0	7	0	0	0	0	0	0	0	0	0	4	0	0	0	0	6	0	0	0	0	14	0	0	0	0	25	0	0	0	184	0
LFQ	51	0	0	0	0	0	0	0	0	0	0	0	0	3	0	0	0	0	0	0	0	0	0	3	0	0	0	0	7	0	0	0	0	13	0	0	0	0	33	0	0	0	181	0
LFQ	52	0	0	0	0	0	0	0	0	0	0	0	0	8	0	0	0	0	0	0	0	0	0	5	0	0	0	0	8	0	0	0	0	11	0	0	0	0	35	0	0	0	173	0
LFQ	53	0	0	0	0	0	0	0	0	0	0	0	0	12	0	0	0	0	0	0	0	0	0	1	0	0	0	0	5	0	0	0	0	14	0	0	0	0	26	0	0	0	182	0
LFQ	54	0	0	0	0	0	0	0	0	0	0	0	0	6	0	0	0	0	0	0	0	0	0	4	0	0	0	0	9	0	0	0	0	8	0	0	0	0	34	0	0	0	179	0
LFQ	55	0	0	0	0	0	0	0	0	0	0	0	0	5	0	0	0	0	0	0	0	0	0	5	0	0	0	0	6	0	0	0	0	16	0	0	0	0	34	0	0	0	174	0
LFQ	56	0	0	0	0	0	0	0	0	0	0	0	0	7	0	0	0	0	0	0	0	0	0	5	0	0	0	0	10	0	0	0	0	6	0	0	0	0	32	0	0	0	180	0
LFQ	57	0	0	0	0	0	0	0	0	0	0	0	0	3	0	0	0	0	0	0	0	0	0	6	0	0	0	0	11	0	0	0	0	8	0	0	0	0	36	0	0	0	176	0
LFQ	58	0	0	0	0	0	0	0	0	0	0	0	0	7	0	0	0	0	0	0	0	0	0	4	0	0	0	0	5	0	0	0	0	12	0	0	0	0	37	0	0	0	175	0
LFQ	59	0	0	0	0	0	0	0	0	0	0	0	0	6	0	0	0	0	0	0	0	0	0	5	0	0	0	0	9	0	0	0	0	8	0	0	0	0	35	0	0	0	177	0
LFQ	60	0	0	0	0	0	0	0	0	0	0	0	0	8	0	0	0	0	0	0	0	0	0	3	0	0	0	0	8	0	0	0	0	10	0	0	0	0	25	0	0	0	186	0
LFQ	61	0	0	0	0	0	0	0	0	0	0	0	0	7	0	0	0	0	0	0	0	0	0	3	0	0	0	0	8	0	0	0	0	13	0	0	0	0	23	0	0	0	186	0
LFQ	62	0	0	0	0	0	0	0	0	0	0	0	0	4	0	0	0	0	0	0	0	0	0	7	0	0	0	0	12	0	0	0	0	8	0	0	0	0	24	0	0	0	185	0
LFQ	63	0	0	0	0	0	0	0	0	0	0	0	0	7	0	0	0	0	0	0	0	0	0	5	0	0	0	0	9	0	0	0	0	13	0	0	0	0	26	0	0	0	180	0
LFQ	64	0	0	0	0	0	0	0	0	0	0	0	0	9	0	0	0	0	0	0	0	0	0	3	0	0	0	0	5	0	0	0	0	10	0	0	0	0	26	0	0	0	187	0
LFQ	65	0	0	0	0	0	0	0	0	0	0	0	0	8	0	0	0	0	0	0	0	0	0	3	0	0	0	0	9	0	0	0	0	10	0	0	0	0	23	0	0	0	187	0
LFQ	66	0	0	0	0	0	0	0	0	0	0	0	0	6	0	0	0	0	0	0	0	0	0	6	0	0	0	0	9	0	0	0	0	11	0	0	0	0	27	0	0	0	181	0
LFQ	67	0	0	0	0	0	0	0	0	0	0	0	0	6	0	0	0	0	0	0	0	0	0	3	0	0	0	0	9	0	0	0	0	11	0	0	0	0	34	0	0	0	177	0
LFQ	68	0	0	0	0	0	0	0	0	0	0	0	0	3	0	0	0	0	0	0	0	0	0	3	0	0	0	0	6	0	0	0	0	14	0	0	0	0	38	0	0	0	176	0
LFQ	69	0	0	0	0	0	0	0	0	0	0	0	0	4	0	0	0	0	0	0	0	0	0	3	0	0	0	0	8	0	0	0	0	13	0	0	0	0	25	0	0	0	187	0
LFQ	70	0	0	0	0	0	0	0	0	0	0	0	0	5	0	0	0	0	0	0	0	0	0	4	0	0	0	0	3	0	0	0	0	15	0	0	0	0	23	0	0	0	190	0
LFQ	71	0	0	0	0	0	0	0	0	0	0	0	0	6	0	0	0	0	0	0	0	0	0	3	0	0	0	0	6	0	0	0	0	12	0	0	0	0	42	0	0	0	171	0
LFQ	72	0	0	0	0	0	0	0	0	0	0	0	0	5	0	0	0	0	0	0	0	0	0	4	0	0	0	0	11	0	0	0	0	9	0	0	0	0	26	0	0	0	185	0
LFQ	73	0	0	0	0	0	0	0	0	0	0	0	0	6	0	0	0	0	0	0	0	0	0	5	0	0	0	0	8	0	0	0	0	11	0	0	0	0	32	0	0	0	178	0
LFQ	74	0	0	0	0	0	0	0	0	0	0	0	0	4	0	0	0	0	0	0	0	0	0	7	0	0	0	0	5	0	0	0	0	9	0	0	0	0	34	0	0	0	181	0
LFQ	75	0	0	0	0	0	0	0	0	0	0	0	0	6	0	0	0	0	0	0	0	0	0	3	0	0	0	0	10	0	0	0	0	16	0	0	0	0	30	0	0	0	175	0
LFQ	76	0	0	0	0	0	0	0	0	0	0	0	0	9	0	0	0	0	0	0	0	0	0	4	0	0	0	0	8	0	0	0	0	7	0	0	0	0	37	0	0	0	175	0
LFQ	77	0	0	0	0	0	0	0	0	0	0	0	0	9	0	0	0	0	0	0	0	0	0	7	0	0	0	0	6	0	0	0	0	22	0	0	0	0	53	0	0	0	143	0
LFQ	78	0	0	0	0	0	0	0	0	0	0	0	0	6	0	0	0	0	0	0	0	0	0	7	0	0	0	0	5	0	0	0	0	19	0	0	0	0	31	0	0	0	172	0
LFQ	79	0	0	0	0	0	0	0	0	0	0	0	0	4	0	0	0	0	0	0	0	0	0	8	0	0	0	0	3	0	0	0	0	12	0	0	0	0	41	0	0	0	172	0
LFQ	80	0	0	0	0	0	0	0	0	0	0	0	0	7	0	0	0	0	0	0	0	0	0	6	0	0	0	0	2	0	0	0	0	7	0	0	0	0	31	0	0	0	187	0
LFQ	81	0	0	0	0	0	0	0	0	0	0	0	0	3	0	0	0	0	0	0	0	0	0	8	0	0	0	0	5	0	0	0	0	13	0	0	0	0	21	0	0	0	190	0
LFQ	82	0	0	0	0	0	0	0	0	0	0	0	0	7	0	0	0	0	0	0	0	0	0	2	0	0	0	0	3	0	0	0	0	10	0	0	0	0	33	0	0	0	185	0
LFQ	83	0	0	0	0	0	0	0	0	0	0	0	0	6	0	0	0	0	0	0	0	0	0	1	0	0	0	0	9	0	0	0	0	4	0	0	0	0	24	0	0	0	196	0
LFQ	84	0	0	0	0	0	0	0	0	0	0	0	0	1	0	0	0	0	0	0	0	0	0	9	0	0	0	0	2	0	0	0	0	13	0	0	0	0	21	0	0	0	194	0
LFQ	85	0	0	0	0	0	0	0	0	0	0	0	0	3	0	0	0	0	0	0	0	0	0	7	0	0	0	0	6	0	0	0	0	13	0	0	0	0	30	0	0	0	181	0
LFQ	86	0	0	0	0	0	0	0	0	0	0	0	0	2	0	0	0	0	0	0	0	0	0	6	0	0	0	0	6	0	0	0	0	8	0	0	0	0	34	0	0	0	184	0
LFQ	87	0	0	0	0	0	0	0	0	0	0	0	0	2	0	0	0	0	0	0	0	0	0	8	0	0	0	0	6	0	0	0	0	14	0	0	0	0	30	0	0	0	180	0
LFQ	88	0	0	0	0	0	0	0	0	0	0	0	0	1	0	0	0	0	0	0	0	0	0	4	0	0	0	0	9	0	0	0	0	13	0	0	0	0	24	0	0	0	189	0
LFQ	89	0	0	0	0	0	0	0	0	0	0	0	0	7	0	0	0	0	0	0	0	0	0	2	0	0	0	0	6	0	0	0	0	10	0	0	0	0	23	0	0	0	192	0
LFQ	90	0	0	0	0	0	0	0	0	0	0	0	0	3	0	0	0	0	0	0	0	0	0	4	0	0	0	0	6	0	0	0	0	9	0	0	0	0	20	0	0	0	198	0
LFQ	91	0	0	0	0	0	0	0	0	0	0	0	0	4	0	0	0	0	0	0	0	0	0	3	0	0	0	0	6	0	0	0	0	9	0	0	0	0	32	0	0	0	186	0
LFQ	92	0	0	0	0	0	0	0	0	0	0	0	0	10	0	0	0	0	0	0	0	0	0	2	0	0	0	0	5	0	0	0	0	7	0	0	0	0	27	0	0	0	189	0
LFQ	93	0	0	0	0	0	0	0	0	0	0	0	0	5	0	0	0	0	0	0	0	0	0	1	0	0	0	0	7	0	0	0	0	11	0	0	0	0	28	0	0	0	188	0
LFQ	94	0	0	0	0	0	0	0	0	0	0	0	0	8	0	0	0	0	0	0	0	0	0	5	0	0	0	0	8	0	0	0	0	14	0	0	0	0	31	0	0	0	174	0
LFQ	95	0	0	0	0	0	0	0	0	0	0	0	0	1	0	0	0	0	0	0	0	0	0	3	0	0	0	0	7	0	0	0	0	13	0	0	0	0	28	0	0	0	188	0
LFQ	96	0	0	0	0	0	0	0	0	0	0	0	0	6	0	0	0	0	0	0	0	0	0	2	0	0	0	0	4	0	0	0	0	14	0	0	0	0	24	0	0	0	190	0
LFQ	97	0	0	0	0	0	0	0	0	0	0	0	0	5	0	0	0	0	0	0	0	0	0	7	0	0	0	0	10	0	0	0	0	12	0	0	0	0	27	0	0	0	179	0
LFQ	98	0	0	0	0	0	0	0	0	0	0	0	0	7	0	0	0	0	0	0	0	0	0	5	0	0	0	0	7	0	0	0	0	11	0	0	0	0	25	0	0	0	185	0
LFQ	99	0	0	0	0	0	0	0	0	0	0	0	0	4	0	0	0	0	0	0	0	0	0	3	0	0	0	0	6	0	0	0	0	20	0	0	0	0	26	0	0	0	181	0
LFQ	100	0	0	0	0	0	0	0	0	0	0	0	0	3	0	0	0	0	0	0	0	0	0	4	0	0	0	0	7	0	0	0	0	12	0	0	0	0	29	0	0	0	185	0
LFQ	101	0	0	0	0	0	0	0	0	0	0	0	0	1	0	0	0	0	0	0	0	0	0	4	0	0	0	0	7	0	0	0	0	13	0	0	0	0	22	0	0	0	193	0
LFQ	102	0	0	0	0	0	0	0	0	0	0	0	0	5	0	0	0	0	0	0	0	0	0	3	0	0	0	0	4	0	0	0	0	11	0	0	0	0	28	0	0	0	189	0
LFQ	103	0	0	0	0	0	0	0	0	0	0	0	0	5	0	0	0	0	0	0	0	0	0	4	0	0	0	0	8	0	0	0	0	12	0	0	0	0	30	0	0	0	181	0
LFQ	104	0	0	0	0	0	0	0	0	0	0	0	0	6	0	0	0	0	0	0	0	0	0	4	0	0	0	0	4	0	0	0	0	10	0	0	0	0	31	0	0	0	185	0
LFQ	105	0	0	0	0	0	0	0	0	0	0	0	0	5	0	0	0	0	0	0	0	0	0	7	0	0	0	0	3	0	0	0	0	9	0	0	0	0	34	0	0	0	182	0
LFQ	106	0	0	0	0	0	0	0	0	0	0	0	0	5	0	0	0	0	0	0	0	0	0	10	0	0	0	0	2	0	0	0	0	6	0	0	0	0	32	0	0	0	185	0
LFQ	107	0	0	0	0	0	0	0	0	0	0	0	0	8	0	0	0	0	0	0	0	0	0	5	0	0	0	0	5	0	0	0	0	10	0	0	0	0	34	0	0	0	178	0
LFQ	108	0	0	0	0	0	0	0	0	0	0	0	0	4	0	0	0	0	0	0	0	0	0	10	0	0	0	0	5	0	0	0	0	9	0	0	0	0	31	0	0	0	181	0
LFQ	109	0	0	0	0	0	0	0	0	0	0	0	0	9	0	0	0	0	0	0	0	0	0	7	0	0	0	0	9	0	0	0	0	11	0	0	0	0	39	0	0	0	165	0
LFQ	110	0	0	2	0	0	0	0	0	0	0	0	0	8	0	0	0	0	0	0	0	0	0	6	0	0	0	0	6	0	0	0	0	16	0	0	0	0	25	0	0	0	177	0
LFQ	111	0	0	0	0	0	0	0	0	0	0	0	0	11	0	0	0	0	0	0	0	0	0	8	0	0	0	0	4	0	0	0	0	7	0	0	0	0	39	0	0	0	171	0
LFQ	112	0	0	0	0	0	0	0	0	0	0	0	0	6	0	0	0	0	0	0	0	0	0	7	0	0	0	0	6	0	0	0	0	21	0	0	0	0	37	0	0	0	163	0
LFQ	113	0	0	0	0	0	0	0	0	0	0	0	0	6	0	0	0	0	0	0	0	0	0	6	0	0	0	0	8	0	0	0	0	7	0	0	0	0	40	0	0	0	173	0
LFQ	114	0	0	0	0	0	0	0	0	0	0	0	0	6	0	0	0	0	0	0	0	0	0	4	0	0	0	0	8	0	0	0	0	13	0	0	0	0	45	0	0	0	164	0
LFQ	115	0	0	0	0	0	0	0	0	0	0	0	0	8	0	0	0	0	0	0	0	0	0	6	0	0	0	0	7	0	0	0	0	15	0	0	0	0	36	0	0	0	168	0
LFQ	116	0	0	0	0	0	0	0	0	0	0	0	0	8	0	0	0	0	0	0	0	0	0	2	0	0	0	0	5	0	0	0	0	14	0	0	0	0	39	0	0	0	172	0
LFQ	117	0	0	0	0	0	0	0	0	0	0	0	0	9	0	0	0	0	0	0	0	0	0	5	0	0	0	0	7	0	0	0	0	13	0	0	0	0	50	0	0	0	156	0
LFQ	118	0	0	0	0	0	0	0	0	0	0	0	0	7	0	0	0	0	0	0	0	0	0	8	0	0	0	0	9	0	0	0	0	12	0	0	0	0	40	0	0	0	164	0
LFQ	119	0	0	0	0	0	0	0	0	0	0	0	0	10	0	0	0	0	0	0	0	0	0	9	0	0	0	0	8	0	0	0	0	15	0	0	0	0	33	0	0	0	165	0
LFQ	120	0	0	0	0	0	0	0	0	0	0	0	0	9	0	0	0	0	0	0	0	0	0	6	0	0	0	0	5	0	0	0	0	16	0	0	0	0	42	0	0	0	162	0
LFQ	121	0	0	0	0	0	0	0	0	0	0	0	0	12	0	0	0	0	0	0	0	0	0	3	0	0	0	0	7	0	0	0	0	10	0	0	0	0	50	0	0	0	158	0
LFQ	122	0	0	0	0	0	0	0	0	0	0	0	0	6	0	0	0	0	0	0	0	0	0	5	0	0	0	0	6	0	0	0	0	21	0	0	0	0	26	0	0	0	176	0
LFQ	123	0	0	0	0	0	0	0	0	0	0	0	0	13	0	0	0	0	0	0	0	0	0	5	0	0	0	0	9	0	0	0	0	9	0	0	0	0	36	0	0	0	168	0
LFQ	124	0	0	0	0	0	0	0	0	0	0	0	0	13	0	0	0	0	0	0	0	0	0	6	0	0	0	0	7	0	0	0	0	12	0	0	0	0	50	0	0	0	152	0
LFQ	125	0	0	0	0	0	0	0	0	0	0	0	0	10	0	0	0	0	0	0	0	0	0	6	0	0	0	0	9	0	0	0	0	17	0	0	0	0	41	0	0	0	157	0
LFQ	126	0	0	0	0	0	0	0	0	0	0	0	0	9	0	0	0	0	0	0	0	0	0	9	0	0	0	0	9	0	0	0	0	16	0	0	0	0	44	0	0	0	153	0
LFQ	127	0	0	0	0	0	0	0	0	0	0	0	0	15	0	0	0	0	0	0	0	0	0	7	0	0	0	0	8	0	0	0	0	10	0	0	0	0	56	0	0	0	144	0
LFQ	128	0	0	0	0	0	0	0	0	3	0	0	0	18	0	0	0	0	0	0	0	0	0	5	0	0	0	0	11	0	0	0	0	13	0	0	0	0	49	0	0	0	141	0
LFQ	129	0	0	0	0	0	0	0	0	0	0	0	0	14	0	0	0	0	0	0	0	0	0	10	0	0	0	0	9	0	0	0	0	18	0	0	0	0	48	0	0	0	141	0
LFQ	130	0	0	0	0	0	0	0	0	0	0	0	0	11	0	0	0	0	0	0	0	0	0	13	0	0	0	0	4	0	0	0	0	20	0	0	0	0	36	0	0	0	156	0
LFQ	131	0	0	0	0	0	0	0	0	1	0	0	0	8	0	0	0	0	0	0	0	0	0	4	0	0	0	0	13	0	0	0	0	24	0	0	0	0	48	0	0	0	142	0
LFQ	132	0	0	0	0	0	0	0	0	3	0	0	0	9	0	0	0	0	0	0	0	0	0	9	0	0	0	0	9	0	0	0	0	30	0	0	0	0	39	0	0	0	141	0
LFQ	133	0	0	0	0	0	0	0	0	2	0	0	0	9	0	0	0	0	0	0	0	0	0	8	0	0	0	0	11	0	0	0	0	24	0	0	0	0	36	0	0	0	150	0
LFQ	134	0	0	0	0	0	0	0	0	0	0	0	0	8	0	0	0	0	0	0	0	0	0	5	0	0	0	0	8	0	0	0	0	28	0	0	0	0	42	0	0	0	149	0
LFQ	135	0	0	0	0	0	0	0	0	1	0	0	0	10	0	0	0	0	0	0	0	0	0	6	0	0	0	0	10	0	0	0	0	19	0	0	0	0	33	0	0	0	160	0
LFQ	136	0	0	0	0	0	0	0	0	2	0	0	0	8	0	0	0	0	0	0	0	0	0	9	0	0	0	0	10	0	0	0	0	25	0	0	0	0	39	0	0	0	146	0
LFQ	137	0	0	0	0	0	0	0	0	2	0	0	0	13	0	0	0	0	0	0	0	0	0	8	0	0	0	0	17	0	0	0	0	19	0	0	0	0	30	0	0	0	150	0
LFQ	138	0	0	0	0	0	0	0	0	0	0	0	0	19	0	0	0	0	0	0	0	0	0	3	0	0	0	0	11	0	0	0	0	27	0	0	0	0	40	0	0	0	139	0
LFQ	139	0	0	0	0	0	0	0	0	3	0	0	0	15	0	0	0	0	0	0	0	0	0	5	0	0	0	0	11	0	0	0	0	21	0	0	0	0	49	0	0	0	135	0
LFQ	140	0	0	0	0	0	0	0	0	1	0	0	0	15	0	0	0	0	0	0	0	0	0	11	0	0	0	0	12	0	0	0	0	27	0	0	0	0	40	0	0	0	133	0
LFQ	141	0	0	0	0	0	0	0	0	1	0	0	0	9	0	0	0	0	0	0	0	0	0	16	0	0	0	0	14	0	0	0	0	26	0	0	0	0	41	0	0	0	132	0
LFQ	142	0	0	0	0	0	0	0	0	2	0	0	0	11	0	0	0	0	0	0	0	0	0	5	0	0	0	0	12	0	0	0	0	32	0	0	0	0	39	0	0	0	138	0
LFQ	143	0	0	0	0	0	0	0	0	0	0	0	0	8	0	0	0	0	0	0	0	0	0	5	0	0	0	0	14	0	0	0	0	29	0	0	0	0	49	0	0	0	134	0
LFQ	144	0	0	0	0	0	0	0	0	3	0	0	0	11	0	0	0	0	0	0	0	0	0	14	0	0	0	0	13	0	0	0	0	25	0	0	0	0	33	0	0	0	140	0
LFQ	145	0	0	0	0	0	0	0	0	1	0	0	0	12	0	0	0	0	0	0	0	0	0	5	0	0	0	0	18	0	0	0	0	28	0	0	0	0	34	0	0	0	141	0
LFQ	146	0	0	0	0	0	0	0	0	1	0	0	0	10	0	0	0	0	0	0	0	0	0	9	0	0	0	0	15	0	0	0	0	22	0	0	0	0	35	0	0	0	147	0
LFQ	147	0	0	0	0	0	0	0	0	1	0	0	0	19	0	0	0	0	0	0	0	0	0	8	0	0	0	0	14	0	0	0	0	23	0	0	0	0	31	0	0	0	143	0
LFQ	148	0	0	0	0	0	0	0	0	0	0	0	0	13	0	0	0	0	0	0	0	0	0	11	0	0	0	0	14	0	0	0	0	28	0	0	0	0	44	0	0	0	129	0
LFQ	149	0	0	0	0	0	0	0	0	2	0	0	0	8	0	0	0	0	0	0	0	0	0	8	0	0	0	0	13	0	0	0	0	23	0	0	0	0	51	0	0	0	127	0
LFQ	150	0	0	0	0	0	0	0	0	0	0	0	0	11	0	0	0	0	0	0	0	0	0	6	0	0	0	0	18	0	0	0	0	24	0	0	0	0	48	0	0	0	122	0
LFQ	151	0	0	0	0	0	0	0	0	0	0	0	0	0	0	0	0	0	0	0	0	0	0	22	0	0	0	0	24	0	0	0	0	28	0	0	0	0	53	0	0	0	80	0
# GC Content of first fragments. Use `grep ^GCF | cut -f 2-` to extract this part.
GCF	9.05	0
GCF	18.84	1
GCF	19.85	0
GCF	20.60	2
GCF	21.61	0
GCF	22.61	1
GCF	24.12	0
GCF	25.38	4
GCF	25.88	8
GCF	26.88	6
GCF	27.89	10
GCF	28.39	3
GCF	29.15	15
GCF	29.90	12
GCF	30.40	8
GCF	30.90	7
GCF	31.41	6
GCF	31.91	13
GCF	32.41	16
GCF	32.91	15
GCF	33.42	12
GCF	33.92	14
GCF	34.67	15
GCF	35.43	14
GCF	35.93	9
GCF	36.43	12
GCF	36.93	9
GCF	37.69	7
GCF	38.44	10
GCF	38.94	9
GCF	39.45	8
GCF	39.95	11
GCF	40.95	6
GCF	42.46	2
GCF	43.47	3
GCF	43.97	5
GCF	44.47	1
GCF	44.97	0
GCF	45.98	1
GCF	49.50	0
GCF	52.51	1
# GC Content of last fragments. Use `grep ^GCL | cut -f 2-` to extract this part.
GCL	10.80	0
GCL	21.86	2
GCL	22.61	3
GCL	23.37	0
GCL	23.87	2
GCL	24.37	3
GCL	24.87	2
GCL	25.38	1
GCL	25.88	3
GCL	26.38	4
GCL	26.88	3
GCL	27.39	8
GCL	27.89	5
GCL	28.39	6
GCL	29.15	7
GCL	29.90	8
GCL	30.40	12
GCL	30.90	6
GCL	31.41	5
GCL	31.91	9
GCL	32.41	8
GCL	32.91	19
GCL	33.42	18
GCL	33.92	9
GCL	34.42	21
GCL	35.18	11
GCL	35.93	9
GCL	36.43	16
GCL	36.93	10
GCL	37.44	13
GCL	37.94	10
GCL	38.44	7
GCL	38.94	10
GCL	39.45	9
GCL	39.95	7
GCL	40.45	5
GCL	40.95	1
GCL	41.46	2
GCL	41.96	4
GCL	42.46	2
GCL	42.96	0
GCL	43.97	2
GCL	44.97	0
GCL	45.48	1
GCL	45.98	2
GCL	46.48	1
GCL	46.98	0
GCL	47.74	1
GCL	48.74	0
GCL	49.50	1
GCL	50.25	0
GCL	51.01	1
GCL	51.51	0
GCL	52.01	1
# ACGT content per cycle. Use `grep ^GCC | cut -f 2-` to extract this part. The columns are: cycle; A,C,G,T base counts as a percentage of all A/C/G/T bases [%]; and N and O counts as a percentage of all A/C/G/T bases [%]
GCC	1	37.98	11.11	15.76	35.15	1.01	0.00
GCC	2	28.00	22.80	19.40	29.80	0.00	0.00
GCC	3	33.40	14.60	15.00	37.00	0.00	0.00
GCC	4	31.60	15.00	18.40	35.00	0.00	0.00
GCC	5	33.40	16.20	20.00	30.40	0.00	0.00
GCC	6	31.20	13.80	19.20	35.80	0.00	0.00
GCC	7	33.20	13.40	15.80	37.60	0.00	0.00
GCC	8	27.40	17.20	20.00	35.40	0.00	0.00
GCC	9	31.60	17.40	15.40	35.60	0.00	0.00
GCC	10	36.40	13.20	16.20	34.20	0.00	0.00
GCC	11	30.40	16.60	19.20	33.80	0.00	0.00
GCC	12	31.40	18.00	20.20	30.40	0.00	0.00
GCC	13	36.00	14.40	19.00	30.60	0.00	0.00
GCC	14	33.40	16.60	17.20	32.80	0.00	0.00
GCC	15	34.20	15.00	16.40	34.40	0.00	0.00
GCC	16	34.20	12.00	17.60	36.20	0.00	0.00
GCC	17	34.80	18.40	17.00	29.80	0.00	0.00
GCC	18	35.40	16.20	16.00	32.40	0.00	0.00
GCC	19	32.40	14.20	19.00	34.40	0.00	0.00
GCC	20	41.00	11.40	18.20	29.40	0.00	0.00
GCC	21	32.40	16.00	17.20	34.40	0.00	0.00
GCC	22	32.60	15.40	21.40	30.60	0.00	0.00
GCC	23	31.80	19.40	15.80	33.00	0.00	0.00
GCC	24	29.40	19.60	16.60	34.40	0.00	0.00
GCC	25	35.00	15.80	17.60	31.60	0.00	0.00
GCC	26	33.20	15.60	18.20	33.00	0.00	0.00
GCC	27	33.67	12.22	17.84	36.27	0.20	0.00
GCC	28	30.80	18.20	16.40	34.60	0.00	0.00
GCC	29	32.40	15.80	20.00	31.80	0.00	0.00
GCC	30	30.80	12.80	18.80	37.60	0.00	0.00
GCC	31	31.60	18.20	15.80	34.40	0.00	0.00
GCC	32	33.40	18.40	16.40	31.80	0.00	0.00
GCC	33	28.00	19.60	17.60	34.80	0.00	0.00
GCC	34	31.80	17.60	15.60	35.00	0.00	0.00
GCC	35	31.00	17.20	19.20	32.60	0.00	0.00
GCC	36	31.40	13.60	18.40	36.60	0.00	0.00
GCC	37	34.20	15.00	21.20	29.60	0.00	0.00
GCC	38	33.40	17.40	18.20	31.00	0.00	0.00
GCC	39	33.20	15.60	16.60	34.60	0.00	0.00
GCC	40	37.20	12.20	15.40	35.20	0.00	0.00
GCC	41	35.80	16.60	16.80	30.80	0.00	0.00
GCC	42	28.60	17.60	18.20	35.60	0.00	0.00
GCC	43	31.60	18.00	17.20	33.20	0.00	0.00
GCC	44	38.80	18.80	13.80	28.60	0.00	0.00
GCC	45	34.20	16.00	15.80	34.00	0.00	0.00
GCC	46	35.20	15.80	16.80	32.20	0.00	0.00
GCC	47	37.20	11.40	20.40	31.00	0.00	0.00
GCC	48	37.40	16.00	17.20	29.40	0.00	0.00
GCC	49	27.20	18.80	17.40	36.60	0.00	0.00
GCC	50	38.40	13.20	19.40	29.00	0.00	0.00
GCC	51	34.60	21.80	12.60	31.00	0.00	0.00
GCC	52	35.00	13.80	17.00	34.20	0.00	0.00
GCC	53	31.20	17.80	20.40	30.60	0.00	0.00
GCC	54	30.00	14.80	17.60	37.60	0.00	0.00
GCC	55	32.60	19.00	17.20	31.20	0.00	0.00
GCC	56	31.60	20.40	16.60	31.40	0.00	0.00
GCC	57	31.40	19.80	21.40	27.40	0.00	0.00
GCC	58	33.20	17.60	15.80	33.40	0.00	0.00
GCC	59	36.80	15.00	16.40	31.80	0.00	0.00
GCC	60	32.00	18.60	14.40	35.00	0.00	0.00
GCC	61	34.60	15.40	20.20	29.80	0.00	0.00
GCC	62	32.60	16.40	17.60	33.40	0.00	0.00
GCC	63	31.40	17.60	19.80	31.20	0.00	0.00
GCC	64	31.60	16.00	16.00	36.40	0.00	0.00
GCC	65	33.60	18.60	16.80	31.00	0.00	0.00
GCC	66	29.20	18.60	15.00	37.20	0.00	0.00
GCC	67	37.20	13.40	15.40	34.00	0.00	0.00
GCC	68	32.80	18.00	17.60	31.60	0.00	0.00
GCC	69	35.60	13.40	17.20	33.80	0.00	0.00
GCC	70	33.80	18.00	17.80	30.40	0.00	0.00
GCC	71	31.60	20.20	20.20	28.00	0.00	0.00
GCC	72	31.60	16.60	20.60	31.20	0.00	0.00
GCC	73	37.00	16.20	15.20	31.60	0.00	0.00
GCC	74	32.00	14.40	21.00	32.60	0.00	0.00
GCC	75	38.60	13.80	16.40	31.20	0.00	0.00
GCC	76	36.80	17.80	17.20	28.20	0.00	0.00
GCC	77	28.40	18.40	19.00	34.20	0.00	0.00
GCC	78	33.60	17.00	16.20	33.20	0.00	0.00
GCC	79	31.00	14.80	19.00	35.20	0.00	0.00
GCC	80	36.40	15.20	19.80	28.60	0.00	0.00
GCC	81	31.00	17.20	17.00	34.80	0.00	0.00
GCC	82	33.40	13.00	20.80	32.80	0.00	0.00
GCC	83	31.80	20.00	17.40	30.80	0.00	0.00
GCC	84	32.00	13.40	21.60	33.00	0.00	0.00
GCC	85	32.40	18.00	17.40	32.20	0.00	0.00
GCC	86	25.60	20.60	17.80	36.00	0.00	0.00
GCC	87	32.20	15.40	20.60	31.80	0.00	0.00
GCC	88	33.40	11.80	20.40	34.40	0.00	0.00
GCC	89	31.00	15.20	16.80	37.00	0.00	0.00
GCC	90	34.80	15.60	20.00	29.60	0.00	0.00
GCC	91	34.20	16.00	17.40	32.40	0.00	0.00
GCC	92	32.60	14.20	19.00	34.20	0.00	0.00
GCC	93	31.80	13.20	17.20	37.80	0.00	0.00
GCC	94	27.60	19.80	16.20	36.40	0.00	0.00
GCC	95	33.40	16.60	17.60	32.40	0.00	0.00
GCC	96	32.60	16.20	17.80	33.40	0.00	0.00
GCC	97	29.40	20.80	16.40	33.40	0.00	0.00
GCC	98	36.00	13.60	20.20	30.20	0.00	0.00
GCC	99	31.40	16.60	17.40	34.60	0.00	0.00
GCC	100	32.00	14.00	15.20	38.80	0.00	0.00
GCC	101	37.20	16.00	19.40	27.40	0.00	0.00
GCC	102	30.80	19.60	14.80	34.80	0.00	0.00
GCC	103	32.40	14.40	19.20	34.00	0.00	0.00
GCC	104	30.40	18.60	19.00	32.00	0.00	0.00
GCC	105	36.00	16.40	15.60	32.00	0.00	0.00
GCC	106	32.00	18.20	17.20	32.60	0.00	0.00
GCC	107	30.80	14.00	19.60	35.60	0.00	0.00
GCC	108	36.40	17.00	18.80	27.80	0.00	0.00
GCC	109	36.20	16.40	14.60	32.80	0.00	0.00
GCC	110	30.92	16.67	20.68	31.73	0.40	0.00
GCC	111	32.20	15.20	17.40	35.20	0.00	0.00
GCC	112	34.60	13.80	17.80	33.80	0.00	0.00
GCC	113	32.60	15.80	20.00	31.60	0.00	0.00
GCC	114	25.00	22.20	19.60	33.20	0.00	0.00
GCC	115	30.40	19.80	20.20	29.60	0.00	0.00
GCC	116	35.80	18.40	17.20	28.60	0.00	0.00
GCC	117	38.00	15.60	16.40	30.00	0.00	0.00
GCC	118	35.20	14.20	15.40	35.20	0.00	0.00
GCC	119	35.20	15.20	15.60	34.00	0.00	0.00
GCC	120	29.60	11.40	22.00	37.00	0.00	0.00
GCC	121	30.00	16.00	17.80	36.20	0.00	0.00
GCC	122	30.40	17.40	20.20	32.00	0.00	0.00
GCC	123	27.80	14.40	17.40	40.40	0.00	0.00
GCC	124	34.60	16.40	14.20	34.80	0.00	0.00
GCC	125	36.40	14.80	18.60	30.20	0.00	0.00
GCC	126	30.20	17.80	18.00	34.00	0.00	0.00
GCC	127	34.00	15.80	14.60	35.60	0.00	0.00
GCC	128	32.80	15.40	20.40	31.40	0.00	0.00
GCC	129	33.60	16.80	15.80	33.80	0.00	0.00
GCC	130	34.60	16.00	19.00	30.40	0.00	0.00
GCC	131	38.40	15.20	16.20	30.20	0.00	0.00
GCC	132	29.60	20.00	18.60	31.80	0.00	0.00
GCC	133	31.40	17.60	19.20	31.80	0.00	0.00
GCC	134	31.20	18.40	20.20	30.20	0.00	0.00
GCC	135	34.07	16.03	16.43	33.47	0.00	0.00
GCC	136	38.88	15.43	16.03	29.66	0.00	0.00
GCC	137	36.27	16.83	17.43	29.46	0.00	0.00
GCC	138	34.27	14.63	15.83	35.27	0.00	0.00
GCC	139	30.86	13.03	20.24	35.87	0.00	0.00
GCC	140	28.46	13.63	20.44	37.47	0.00	0.00
GCC	141	30.06	17.64	18.44	33.87	0.00	0.00
GCC	142	34.47	16.03	16.83	32.67	0.00	0.00
GCC	143	30.86	14.63	16.63	37.88	0.00	0.00
GCC	144	35.67	17.03	15.03	32.26	0.00	0.00
GCC	145	33.07	16.83	16.63	33.47	0.00	0.00
GCC	146	29.66	16.43	16.23	37.68	0.00	0.00
GCC	147	35.47	12.42	20.64	31.46	0.00	0.00
GCC	148	34.34	15.26	16.67	33.73	0.00	0.00
GCC	149	37.40	14.88	14.46	33.26	0.00	0.00
GCC	150	34.93	17.26	15.59	32.22	0.00	0.00
GCC	151	31.76	10.81	19.14	38.29	0.00	0.00
# ACGT content per cycle, read oriented. Use `grep ^GCT | cut -f 2-` to extract this part. The columns are: cycle; A,C,G,T base counts as a percentage of all A/C/G/T bases [%]
GCT	1	38.38	10.51	16.36	34.75
GCT	2	30.40	16.00	26.20	27.40
GCT	3	35.00	13.40	16.20	35.40
GCT	4	34.20	14.80	18.60	32.40
GCT	5	37.00	16.20	20.00	26.80
GCT	6	37.40	14.80	18.20	29.60
GCT	7	33.60	13.00	16.20	37.20
GCT	8	26.60	17.60	19.60	36.20
GCT	9	29.60	15.80	17.00	37.60
GCT	10	35.60	12.80	16.60	35.00
GCT	11	37.20	15.80	20.00	27.00
GCT	12	31.40	20.00	18.20	30.40
GCT	13	32.20	18.60	14.80	34.40
GCT	14	32.00	16.00	17.80	34.20
GCT	15	35.40	15.80	15.60	33.20
GCT	16	40.00	12.20	17.40	30.40
GCT	17	29.80	13.80	21.60	34.80
GCT	18	34.60	16.60	15.60	33.20
GCT	19	32.40	16.20	17.00	34.40
GCT	20	35.60	16.40	13.20	34.80
GCT	21	30.00	16.00	17.20	36.80
GCT	22	29.80	17.40	19.40	33.40
GCT	23	31.60	19.60	15.60	33.20
GCT	24	28.80	15.80	20.40	35.00
GCT	25	30.80	16.00	17.40	35.80
GCT	26	37.20	17.60	16.20	29.00
GCT	27	33.87	14.83	15.23	36.07
GCT	28	32.80	17.40	17.20	32.60
GCT	29	32.60	16.40	19.40	31.60
GCT	30	33.60	17.20	14.40	34.80
GCT	31	33.00	17.60	16.40	33.00
GCT	32	33.20	16.20	18.60	32.00
GCT	33	28.40	20.00	17.20	34.40
GCT	34	34.40	15.40	17.80	32.40
GCT	35	33.60	16.60	19.80	30.00
GCT	36	33.20	15.40	16.60	34.80
GCT	37	33.00	19.40	16.80	30.80
GCT	38	30.60	15.00	20.60	33.80
GCT	39	33.40	15.40	16.80	34.40
GCT	40	35.60	13.40	14.20	36.80
GCT	41	32.20	16.60	16.80	34.40
GCT	42	30.80	16.20	19.60	33.40
GCT	43	32.00	17.20	18.00	32.80
GCT	44	37.00	19.00	13.60	30.40
GCT	45	34.60	16.80	15.00	33.60
GCT	46	33.80	18.40	14.20	33.60
GCT	47	35.40	16.00	15.80	32.80
GCT	48	33.20	17.40	15.80	33.60
GCT	49	32.00	16.00	20.20	31.80
GCT	50	31.80	16.20	16.40	35.60
GCT	51	33.40	18.20	16.20	32.20
GCT	52	36.80	14.00	16.80	32.40
GCT	53	29.00	19.20	19.00	32.80
GCT	54	34.40	16.00	16.40	33.20
GCT	55	30.00	19.60	16.60	33.80
GCT	56	34.80	18.80	18.20	28.20
GCT	57	28.80	18.40	22.80	30.00
GCT	58	33.60	18.00	15.40	33.00
GCT	59	37.00	16.00	15.40	31.60
GCT	60	34.00	17.80	15.20	33.00
GCT	61	30.80	18.00	17.60	33.60
GCT	62	30.40	17.40	16.60	35.60
GCT	63	30.60	19.60	17.80	32.00
GCT	64	34.80	17.20	14.80	33.20
GCT	65	29.40	15.20	20.20	35.20
GCT	66	32.60	14.00	19.60	33.80
GCT	67	35.00	12.00	16.80	36.20
GCT	68	31.80	13.80	21.80	32.60
GCT	69	33.20	13.40	17.20	36.20
GCT	70	29.20	19.40	16.40	35.00
GCT	71	33.60	23.00	17.40	26.00
GCT	72	30.60	18.80	18.40	32.20
GCT	73	32.40	14.80	16.60	36.20
GCT	74	30.40	18.00	17.40	34.20
GCT	75	36.20	18.60	11.60	33.60
GCT	76	34.60	17.60	17.40	30.40
GCT	77	30.80	17.60	19.80	31.80
GCT	78	33.60	17.80	15.40	33.20
GCT	79	31.20	16.20	17.60	35.00
GCT	80	32.40	18.00	17.00	32.60
GCT	81	28.20	16.40	17.80	37.60
GCT	82	31.20	17.20	16.60	35.00
GCT	83	30.60	18.00	19.40	32.00
GCT	84	33.20	18.60	16.40	31.80
GCT	85	31.80	19.00	16.40	32.80
GCT	86	31.20	19.80	18.60	30.40
GCT	87	34.00	19.60	16.40	30.00
GCT	88	29.60	16.80	15.40	38.20
GCT	89	30.40	15.00	17.00	37.60
GCT	90	34.20	17.00	18.60	30.20
GCT	91	33.40	16.80	16.60	33.20
GCT	92	28.20	17.40	15.80	38.60
GCT	93	32.60	13.20	17.20	37.00
GCT	94	34.00	16.20	19.80	30.00
GCT	95	30.40	16.00	18.20	35.40
GCT	96	34.00	18.00	16.00	32.00
GCT	97	32.40	17.40	19.80	30.40
GCT	98	28.60	19.00	14.80	37.60
GCT	99	27.20	18.80	15.20	38.80
GCT	100	32.00	18.00	11.20	38.80
GCT	101	30.00	16.00	19.40	34.60
GCT	102	32.80	17.20	17.20	32.80
GCT	103	34.60	15.80	17.80	31.80
GCT	104	31.60	18.60	19.00	30.80
GCT	105	31.20	17.20	14.80	36.80
GCT	106	34.00	16.60	18.80	30.60
GCT	107	34.80	14.80	18.80	31.60
GCT	108	32.40	17.80	18.00	31.80
GCT	109	34.60	16.80	14.20	34.40
GCT	110	32.73	18.27	19.08	29.92
GCT	111	32.40	17.00	15.60	35.00
GCT	112	35.40	15.40	16.20	33.00
GCT	113	32.80	17.60	18.20	31.40
GCT	114	28.20	16.60	25.20	30.00
GCT	115	28.20	20.00	20.00	31.80
GCT	116	33.00	18.00	17.60	31.40
GCT	117	30.80	17.20	14.80	37.20
GCT	118	35.60	15.40	14.20	34.80
GCT	119	30.60	13.40	17.40	38.60
GCT	120	32.40	14.20	19.20	34.20
GCT	121	29.20	19.20	14.60	37.00
GCT	122	33.00	14.80	22.80	29.40
GCT	123	30.40	16.20	15.60	37.80
GCT	124	33.00	17.20	13.40	36.40
GCT	125	28.00	18.00	15.40	38.60
GCT	126	32.20	16.60	19.20	32.00
GCT	127	35.80	11.60	18.80	33.80
GCT	128	31.00	21.60	14.20	33.20
GCT	129	37.40	15.80	16.80	30.00
GCT	130	33.80	18.80	16.20	31.20
GCT	131	33.60	15.60	15.80	35.00
GCT	132	28.60	17.40	21.20	32.80
GCT	133	37.00	19.60	17.20	26.20
GCT	134	26.40	21.20	17.40	35.00
GCT	135	30.66	18.64	13.83	36.87
GCT	136	35.07	12.83	18.64	33.47
GCT	137	32.87	17.43	16.83	32.87
GCT	138	33.07	15.43	15.03	36.47
GCT	139	31.46	18.04	15.23	35.27
GCT	140	29.86	16.23	17.84	36.07
GCT	141	36.27	17.84	18.24	27.66
GCT	142	38.68	17.84	15.03	28.46
GCT	143	35.07	14.43	16.83	33.67
GCT	144	34.67	18.44	13.63	33.27
GCT	145	32.67	15.63	17.84	33.87
GCT	146	34.47	16.43	16.23	32.87
GCT	147	33.07	18.04	15.03	33.87
GCT	148	31.53	19.28	12.65	36.55
GCT	149	35.54	15.70	13.64	35.12
GCT	150	34.30	18.30	14.55	32.85
GCT	151	37.39	13.74	16.22	32.66
# ACGT content per cycle for first fragments. Use `grep ^FBC | cut -f 2-` to extract this part. The columns are: cycle; A,C,G,T base counts as a percentage of all A/C/G/T bases [%]; and N and O counts as a percentage of all A/C/G/T bases [%]
FBC	1	38.22	12.74	16.99	32.05	0.39	0.00
FBC	2	29.23	23.08	18.08	29.62	0.00	0.00
FBC	3	36.15	16.15	12.69	35.00	0.00	0.00
FBC	4	28.46	17.31	17.69	36.54	0.00	0.00
FBC	5	34.23	14.62	20.77	30.38	0.00	0.00
FBC	6	31.15	13.85	21.15	33.85	0.00	0.00
FBC	7	32.69	13.85	18.46	35.00	0.00	0.00
FBC	8	29.62	16.92	18.85	34.62	0.00	0.00
FBC	9	32.69	20.00	16.54	30.77	0.00	0.00
FBC	10	32.69	13.08	18.85	35.38	0.00	0.00
FBC	11	30.00	16.54	18.08	35.38	0.00	0.00
FBC	12	30.77	18.08	18.85	32.31	0.00	0.00
FBC	13	33.46	16.15	15.77	34.62	0.00	0.00
FBC	14	35.38	18.08	16.15	30.38	0.00	0.00
FBC	15	38.08	14.23	14.62	33.08	0.00	0.00
FBC	16	35.77	14.23	18.08	31.92	0.00	0.00
FBC	17	34.62	19.23	15.77	30.38	0.00	0.00
FBC	18	34.23	18.85	11.54	35.38	0.00	0.00
FBC	19	33.46	15.00	16.15	35.38	0.00	0.00
FBC	20	46.92	10.00	16.15	26.92	0.00	0.00
FBC	21	34.62	16.15	15.38	33.85	0.00	0.00
FBC	22	30.38	15.77	25.00	28.85	0.00	0.00
FBC	23	34.62	18.46	16.15	30.77	0.00	0.00
FBC	24	32.31	18.08	15.00	34.62	0.00	0.00
FBC	25	33.85	15.77	18.46	31.92	0.00	0.00
FBC	26	30.38	12.69	21.54	35.38	0.00	0.00
FBC	27	32.69	11.54	18.46	37.31	0.00	0.00
FBC	28	28.08	19.62	19.62	32.69	0.00	0.00
FBC	29	28.85	12.31	18.46	40.38	0.00	0.00
FBC	30	32.31	11.92	18.08	37.69	0.00	0.00
FBC	31	33.85	18.46	15.38	32.31	0.00	0.00
FBC	32	34.62	18.85	17.31	29.23	0.00	0.00
FBC	33	31.15	17.69	16.54	34.62	0.00	0.00
FBC	34	31.54	17.31	13.46	37.69	0.00	0.00
FBC	35	30.77	19.62	20.38	29.23	0.00	0.00
FBC	36	30.00	13.08	20.00	36.92	0.00	0.00
FBC	37	37.31	13.46	23.85	25.38	0.00	0.00
FBC	38	32.31	18.08	17.31	32.31	0.00	0.00
FBC	39	31.92	17.31	15.38	35.38	0.00	0.00
FBC	40	37.31	11.15	15.00	36.54	0.00	0.00
FBC	41	33.08	15.00	17.31	34.62	0.00	0.00
FBC	42	26.92	16.92	19.62	36.54	0.00	0.00
FBC	43	32.31	16.15	18.46	33.08	0.00	0.00
FBC	44	36.15	22.69	12.69	28.46	0.00	0.00
FBC	45	34.62	15.00	13.85	36.54	0.00	0.00
FBC	46	41.54	17.69	14.23	26.54	0.00	0.00
FBC	47	37.69	12.31	18.46	31.54	0.00	0.00
FBC	48	35.38	18.85	18.08	27.69	0.00	0.00
FBC	49	27.69	17.69	17.31	37.31	0.00	0.00
FBC	50	37.69	10.77	21.15	30.38	0.00	0.00
FBC	51	36.54	21.54	10.00	31.92	0.00	0.00
FBC	52	35.00	13.85	19.23	31.92	0.00	0.00
FBC	53	30.00	14.62	23.46	31.92	0.00	0.00
FBC	54	30.77	14.23	17.69	37.31	0.00	0.00
FBC	55	30.38	18.46	20.00	31.15	0.00	0.00
FBC	56	34.62	17.69	18.46	29.23	0.00	0.00
FBC	57	29.23	22.31	20.00	28.46	0.00	0.00
FBC	58	31.92	16.15	17.31	34.62	0.00	0.00
FBC	59	36.54	12.31	17.31	33.85	0.00	0.00
FBC	60	29.62	19.23	13.08	38.08	0.00	0.00
FBC	61	33.85	16.15	21.92	28.08	0.00	0.00
FBC	62	35.38	18.08	15.77	30.77	0.00	0.00
FBC	63	30.38	17.69	19.62	32.31	0.00	0.00
FBC	64	30.77	16.92	18.08	34.23	0.00	0.00
FBC	65	36.15	18.85	16.15	28.85	0.00	0.00
FBC	66	29.62	19.23	15.77	35.38	0.00	0.00
FBC	67	37.69	11.54	16.54	34.23	0.00	0.00
FBC	68	27.31	16.54	20.77	35.38	0.00	0.00
FBC	69	36.54	13.85	16.54	33.08	0.00	0.00
FBC	70	33.85	20.38	16.15	29.62	0.00	0.00
FBC	71	33.85	18.08	19.23	28.85	0.00	0.00
FBC	72	31.15	15.00	19.62	34.23	0.00	0.00
FBC	73	35.38	15.77	13.46	35.38	0.00	0.00
FBC	74	33.08	12.69	20.38	33.85	0.00	0.00
FBC	75	36.15	13.08	17.69	33.08	0.00	0.00
FBC	76	35.38	16.54	17.31	30.77	0.00	0.00
FBC	77	22.31	24.23	19.23	34.23	0.00	0.00
FBC	78	30.77	17.69	19.23	32.31	0.00	0.00
FBC	79	33.85	14.62	19.62	31.92	0.00	0.00
FBC	80	37.69	15.00	18.46	28.85	0.00	0.00
FBC	81	31.54	16.54	18.08	33.85	0.00	0.00
FBC	82	33.08	13.08	20.38	33.46	0.00	0.00
FBC	83	30.00	19.62	18.08	32.31	0.00	0.00
FBC	84	35.00	13.08	19.23	32.69	0.00	0.00
FBC	85	37.31	15.38	17.69	29.62	0.00	0.00
FBC	86	26.54	20.77	15.77	36.92	0.00	0.00
FBC	87	30.77	15.00	18.46	35.77	0.00	0.00
FBC	88	31.92	12.31	21.15	34.62	0.00	0.00
FBC	89	32.69	16.92	16.92	33.46	0.00	0.00
FBC	90	37.31	16.54	18.46	27.69	0.00	0.00
FBC	91	35.77	15.38	14.23	34.62	0.00	0.00
FBC	92	36.15	15.00	18.08	30.77	0.00	0.00
FBC	93	29.62	13.85	18.85	37.69	0.00	0.00
FBC	94	28.08	18.46	16.92	36.54	0.00	0.00
FBC	95	35.77	16.54	16.92	30.77	0.00	0.00
FBC	96	29.62	18.08	18.85	33.46	0.00	0.00
FBC	97	30.00	19.23	16.54	34.23	0.00	0.00
FBC	98	40.38	12.69	18.85	28.08	0.00	0.00
FBC	99	31.15	16.15	18.46	34.23	0.00	0.00
FBC	100	31.54	15.00	16.15	37.31	0.00	0.00
FBC	101	37.31	16.15	17.69	28.85	0.00	0.00
FBC	102	27.69	21.92	14.62	35.77	0.00	0.00
FBC	103	34.62	13.46	18.08	33.85	0.00	0.00
FBC	104	27.69	19.62	15.77	36.92	0.00	0.00
FBC	105	33.46	15.77	17.69	33.08	0.00	0.00
FBC	106	33.08	18.08	16.54	32.31	0.00	0.00
FBC	107	34.62	12.31	16.15	36.92	0.00	0.00
FBC	108	36.54	16.15	18.08	29.23	0.00	0.00
FBC	109	33.08	15.00	17.31	34.62	0.00	0.00
FBC	110	31.54	11.92	25.77	30.77	0.00	0.00
FBC	111	35.00	13.08	16.92	35.00	0.00	0.00
FBC	112	35.38	14.23	15.38	35.00	0.00	0.00
FBC	113	35.38	14.23	16.54	33.85	0.00	0.00
FBC	114	26.54	22.31	17.31	33.85	0.00	0.00
FBC	115	32.69	15.00	20.38	31.92	0.00	0.00
FBC	116	36.92	17.31	18.08	27.69	0.00	0.00
FBC	117	36.92	18.85	17.31	26.92	0.00	0.00
FBC	118	36.92	13.46	15.77	33.85	0.00	0.00
FBC	119	37.31	12.69	15.38	34.62	0.00	0.00
FBC	120	25.77	11.15	22.69	40.38	0.00	0.00
FBC	121	31.15	15.77	20.00	33.08	0.00	0.00
FBC	122	31.15	18.46	20.00	30.38	0.00	0.00
FBC	123	26.92	16.54	16.15	40.38	0.00	0.00
FBC	124	37.31	17.69	13.85	31.15	0.00	0.00
FBC	125	39.23	12.69	18.46	29.62	0.00	0.00
FBC	126	28.08	17.69	18.46	35.77	0.00	0.00
FBC	127	29.62	16.15	15.38	38.85	0.00	0.00
FBC	128	30.38	14.62	21.15	33.85	0.00	0.00
FBC	129	28.85	18.46	18.46	34.23	0.00	0.00
FBC	130	34.62	18.46	16.15	30.77	0.00	0.00
FBC	131	34.62	16.15	16.92	32.31	0.00	0.00
FBC	132	30.38	21.15	16.92	31.54	0.00	0.00
FBC	133	30.00	16.15	20.00	33.85	0.00	0.00
FBC	134	33.85	17.69	18.08	30.38	0.00	0.00
FBC	135	34.62	14.23	17.69	33.46	0.00	0.00
FBC	136	37.69	15.77	14.62	31.92	0.00	0.00
FBC	137	37.31	16.54	15.38	30.77	0.00	0.00
FBC	138	33.08	16.15	14.62	36.15	0.00	0.00
FBC	139	32.69	12.31	17.31	37.69	0.00	0.00
FBC	140	28.85	13.08	19.62	38.46	0.00	0.00
FBC	141	34.62	14.62	18.85	31.92	0.00	0.00
FBC	142	35.77	15.38	13.85	35.00	0.00	0.00
FBC	143	30.38	17.31	13.08	39.23	0.00	0.00
FBC	144	35.00	18.08	14.62	32.31	0.00	0.00
FBC	145	34.62	15.00	16.54	33.85	0.00	0.00
FBC	146	31.92	13.46	14.62	40.00	0.00	0.00
FBC	147	34.23	14.62	22.31	28.85	0.00	0.00
FBC	148	34.36	16.22	17.37	32.05	0.00	0.00
FBC	149	40.08	13.89	13.49	32.54	0.00	0.00
FBC	150	36.90	17.46	16.27	29.37	0.00	0.00
FBC	151	29.96	8.44	19.83	41.77	0.00	0.00
# ACGT raw counters for first fragments. Use `grep ^FTC | cut -f 2-` to extract this part. The columns are: A,C,G,T,N base counters
FTC	13003	6306	6890	13020	1
# ACGT content per cycle for last fragments. Use `grep ^LBC | cut -f 2-` to extract this part. The columns are: cycle; A,C,G,T base counts as a percentage of all A/C/G/T bases [%]; and N and O counts as a percentage of all A/C/G/T bases [%]
LBC	1	37.71	9.32	14.41	38.56	1.69	0.00
LBC	2	26.67	22.50	20.83	30.00	0.00	0.00
LBC	3	30.42	12.92	17.50	39.17	0.00	0.00
LBC	4	35.00	12.50	19.17	33.33	0.00	0.00
LBC	5	32.50	17.92	19.17	30.42	0.00	0.00
LBC	6	31.25	13.75	17.08	37.92	0.00	0.00
LBC	7	33.75	12.92	12.92	40.42	0.00	0.00
LBC	8	25.00	17.50	21.25	36.25	0.00	0.00
LBC	9	30.42	14.58	14.17	40.83	0.00	0.00
LBC	10	40.42	13.33	13.33	32.92	0.00	0.00
LBC	11	30.83	16.67	20.42	32.08	0.00	0.00
LBC	12	32.08	17.92	21.67	28.33	0.00	0.00
LBC	13	38.75	12.50	22.50	26.25	0.00	0.00
LBC	14	31.25	15.00	18.33	35.42	0.00	0.00
LBC	15	30.00	15.83	18.33	35.83	0.00	0.00
LBC	16	32.50	9.58	17.08	40.83	0.00	0.00
LBC	17	35.00	17.50	18.33	29.17	0.00	0.00
LBC	18	36.67	13.33	20.83	29.17	0.00	0.00
LBC	19	31.25	13.33	22.08	33.33	0.00	0.00
LBC	20	34.58	12.92	20.42	32.08	0.00	0.00
LBC	21	30.00	15.83	19.17	35.00	0.00	0.00
LBC	22	35.00	15.00	17.50	32.50	0.00	0.00
LBC	23	28.75	20.42	15.42	35.42	0.00	0.00
LBC	24	26.25	21.25	18.33	34.17	0.00	0.00
LBC	25	36.25	15.83	16.67	31.25	0.00	0.00
LBC	26	36.25	18.75	14.58	30.42	0.00	0.00
LBC	27	34.73	12.97	17.15	35.15	0.42	0.00
LBC	28	33.75	16.67	12.92	36.67	0.00	0.00
LBC	29	36.25	19.58	21.67	22.50	0.00	0.00
LBC	30	29.17	13.75	19.58	37.50	0.00	0.00
LBC	31	29.17	17.92	16.25	36.67	0.00	0.00
LBC	32	32.08	17.92	15.42	34.58	0.00	0.00
LBC	33	24.58	21.67	18.75	35.00	0.00	0.00
LBC	34	32.08	17.92	17.92	32.08	0.00	0.00
LBC	35	31.25	14.58	17.92	36.25	0.00	0.00
LBC	36	32.92	14.17	16.67	36.25	0.00	0.00
LBC	37	30.83	16.67	18.33	34.17	0.00	0.00
LBC	38	34.58	16.67	19.17	29.58	0.00	0.00
LBC	39	34.58	13.75	17.92	33.75	0.00	0.00
LBC	40	37.08	13.33	15.83	33.75	0.00	0.00
LBC	41	38.75	18.33	16.25	26.67	0.00	0.00
LBC	42	30.42	18.33	16.67	34.58	0.00	0.00
LBC	43	30.83	20.00	15.83	33.33	0.00	0.00
LBC	44	41.67	14.58	15.00	28.75	0.00	0.00
LBC	45	33.75	17.08	17.92	31.25	0.00	0.00
LBC	46	28.33	13.75	19.58	38.33	0.00	0.00
LBC	47	36.67	10.42	22.50	30.42	0.00	0.00
LBC	48	39.58	12.92	16.25	31.25	0.00	0.00
LBC	49	26.67	20.00	17.50	35.83	0.00	0.00
LBC	50	39.17	15.83	17.50	27.50	0.00	0.00
LBC	51	32.50	22.08	15.42	30.00	0.00	0.00
LBC	52	35.00	13.75	14.58	36.67	0.00	0.00
LBC	53	32.50	21.25	17.08	29.17	0.00	0.00
LBC	54	29.17	15.42	17.50	37.92	0.00	0.00
LBC	55	35.00	19.58	14.17	31.25	0.00	0.00
LBC	56	28.33	23.33	14.58	33.75	0.00	0.00
LBC	57	33.75	17.08	22.92	26.25	0.00	0.00
LBC	58	34.58	19.17	14.17	32.08	0.00	0.00
LBC	59	37.08	17.92	15.42	29.58	0.00	0.00
LBC	60	34.58	17.92	15.83	31.67	0.00	0.00
LBC	61	35.42	14.58	18.33	31.67	0.00	0.00
LBC	62	29.58	14.58	19.58	36.25	0.00	0.00
LBC	63	32.50	17.50	20.00	30.00	0.00	0.00
LBC	64	32.50	15.00	13.75	38.75	0.00	0.00
LBC	65	30.83	18.33	17.50	33.33	0.00	0.00
LBC	66	28.75	17.92	14.17	39.17	0.00	0.00
LBC	67	36.67	15.42	14.17	33.75	0.00	0.00
LBC	68	38.75	19.58	14.17	27.50	0.00	0.00
LBC	69	34.58	12.92	17.92	34.58	0.00	0.00
LBC	70	33.75	15.42	19.58	31.25	0.00	0.00
LBC	71	29.17	22.50	21.25	27.08	0.00	0.00
LBC	72	32.08	18.33	21.67	27.92	0.00	0.00
LBC	73	38.75	16.67	17.08	27.50	0.00	0.00
LBC	74	30.83	16.25	21.67	31.25	0.00	0.00
LBC	75	41.25	14.58	15.00	29.17	0.00	0.00
LBC	76	38.33	19.17	17.08	25.42	0.00	0.00
LBC	77	35.00	12.08	18.75	34.17	0.00	0.00
LBC	78	36.67	16.25	12.92	34.17	0.00	0.00
LBC	79	27.92	15.00	18.33	38.75	0.00	0.00
LBC	80	35.00	15.42	21.25	28.33	0.00	0.00
LBC	81	30.42	17.92	15.83	35.83	0.00	0.00
LBC	82	33.75	12.92	21.25	32.08	0.00	0.00
LBC	83	33.75	20.42	16.67	29.17	0.00	0.00
LBC	84	28.75	13.75	24.17	33.33	0.00	0.00
LBC	85	27.08	20.83	17.08	35.00	0.00	0.00
LBC	86	24.58	20.42	20.00	35.00	0.00	0.00
LBC	87	33.75	15.83	22.92	27.50	0.00	0.00
LBC	88	35.00	11.25	19.58	34.17	0.00	0.00
LBC	89	29.17	13.33	16.67	40.83	0.00	0.00
LBC	90	32.08	14.58	21.67	31.67	0.00	0.00
LBC	91	32.50	16.67	20.83	30.00	0.00	0.00
LBC	92	28.75	13.33	20.00	37.92	0.00	0.00
LBC	93	34.17	12.50	15.42	37.92	0.00	0.00
LBC	94	27.08	21.25	15.42	36.25	0.00	0.00
LBC	95	30.83	16.67	18.33	34.17	0.00	0.00
LBC	96	35.83	14.17	16.67	33.33	0.00	0.00
LBC	97	28.75	22.50	16.25	32.50	0.00	0.00
LBC	98	31.25	14.58	21.67	32.50	0.00	0.00
LBC	99	31.67	17.08	16.25	35.00	0.00	0.00
LBC	100	32.50	12.92	14.17	40.42	0.00	0.00
LBC	101	37.08	15.83	21.25	25.83	0.00	0.00
LBC	102	34.17	17.08	15.00	33.75	0.00	0.00
LBC	103	30.00	15.42	20.42	34.17	0.00	0.00
LBC	104	33.33	17.50	22.50	26.67	0.00	0.00
LBC	105	38.75	17.08	13.33	30.83	0.00	0.00
LBC	106	30.83	18.33	17.92	32.92	0.00	0.00
LBC	107	26.67	15.83	23.33	34.17	0.00	0.00
LBC	108	36.25	17.92	19.58	26.25	0.00	0.00
LBC	109	39.58	17.92	11.67	30.83	0.00	0.00
LBC	110	30.25	21.85	15.13	32.77	0.84	0.00
LBC	111	29.17	17.50	17.92	35.42	0.00	0.00
LBC	112	33.75	13.33	20.42	32.50	0.00	0.00
LBC	113	29.58	17.50	23.75	29.17	0.00	0.00
LBC	114	23.33	22.08	22.08	32.50	0.00	0.00
LBC	115	27.92	25.00	20.00	27.08	0.00	0.00
LBC	116	34.58	19.58	16.25	29.58	0.00	0.00
LBC	117	39.17	12.08	15.42	33.33	0.00	0.00
LBC	118	33.33	15.00	15.00	36.67	0.00	0.00
LBC	119	32.92	17.92	15.83	33.33	0.00	0.00
LBC	120	33.75	11.67	21.25	33.33	0.00	0.00
LBC	121	28.75	16.25	15.42	39.58	0.00	0.00
LBC	122	29.58	16.25	20.42	33.75	0.00	0.00
LBC	123	28.75	12.08	18.75	40.42	0.00	0.00
LBC	124	31.67	15.00	14.58	38.75	0.00	0.00
LBC	125	33.33	17.08	18.75	30.83	0.00	0.00
LBC	126	32.50	17.92	17.50	32.08	0.00	0.00
LBC	127	38.75	15.42	13.75	32.08	0.00	0.00
LBC	128	35.42	16.25	19.58	28.75	0.00	0.00
LBC	129	38.75	15.00	12.92	33.33	0.00	0.00
LBC	130	34.58	13.33	22.08	30.00	0.00	0.00
LBC	131	42.50	14.17	15.42	27.92	0.00	0.00
LBC	132	28.75	18.75	20.42	32.08	0.00	0.00
LBC	133	32.92	19.17	18.33	29.58	0.00	0.00
LBC	134	28.33	19.17	22.50	30.00	0.00	0.00
LBC	135	33.47	17.99	15.06	33.47	0.00	0.00
LBC	136	40.17	15.06	17.57	27.20	0.00	0.00
LBC	137	35.15	17.15	19.67	28.03	0.00	0.00
LBC	138	35.56	12.97	17.15	34.31	0.00	0.00
LBC	139	28.87	13.81	23.43	33.89	0.00	0.00
LBC	140	28.03	14.23	21.34	36.40	0.00	0.00
LBC	141	25.10	20.92	17.99	35.98	0.00	0.00
LBC	142	33.05	16.74	20.08	30.13	0.00	0.00
LBC	143	31.38	11.72	20.50	36.40	0.00	0.00
LBC	144	36.40	15.90	15.48	32.22	0.00	0.00
LBC	145	31.38	18.83	16.74	33.05	0.00	0.00
LBC	146	27.20	19.67	17.99	35.15	0.00	0.00
LBC	147	36.82	10.04	18.83	34.31	0.00	0.00
LBC	148	34.31	14.23	15.90	35.56	0.00	0.00
LBC	149	34.48	15.95	15.52	34.05	0.00	0.00
LBC	150	32.75	17.03	14.85	35.37	0.00	0.00
LBC	151	33.82	13.53	18.36	34.30	0.00	0.00
# ACGT raw counters for last fragments. Use `grep ^LTC | cut -f 2-` to extract this part. The columns are: A,C,G,T,N base counters
LTC	11872	5902	6476	11917	7
# Insert sizes. Use `grep ^IS | cut -f 2-` to extract this part. The columns are: insert size, pairs total, inward oriented pairs, outward oriented pairs, other pairs
IS	0	0	0	0	0
IS	1	0	0	0	0
IS	2	0	0	0	0
IS	3	0	0	0	0
IS	4	0	0	0	0
IS	5	0	0	0	0
IS	6	0	0	0	0
IS	7	0	0	0	0
IS	8	0	0	0	0
IS	9	0	0	0	0
IS	10	0	0	0	0
IS	11	0	0	0	0
IS	12	0	0	0	0
IS	13	0	0	0	0
IS	14	0	0	0	0
IS	15	0	0	0	0
IS	16	0	0	0	0
IS	17	0	0	0	0
IS	18	0	0	0	0
IS	19	0	0	0	0
IS	20	0	0	0	0
IS	21	0	0	0	0
IS	22	0	0	0	0
IS	23	0	0	0	0
IS	24	0	0	0	0
IS	25	0	0	0	0
IS	26	0	0	0	0
IS	27	0	0	0	0
IS	28	0	0	0	0
IS	29	0	0	0	0
IS	30	0	0	0	0
IS	31	0	0	0	0
IS	32	0	0	0	0
IS	33	0	0	0	0
IS	34	0	0	0	0
IS	35	0	0	0	0
IS	36	0	0	0	0
IS	37	0	0	0	0
IS	38	0	0	0	0
IS	39	0	0	0	0
IS	40	0	0	0	0
IS	41	0	0	0	0
IS	42	0	0	0	0
IS	43	0	0	0	0
IS	44	0	0	0	0
IS	45	0	0	0	0
IS	46	0	0	0	0
IS	47	0	0	0	0
IS	48	0	0	0	0
IS	49	0	0	0	0
IS	50	0	0	0	0
IS	51	0	0	0	0
IS	52	0	0	0	0
IS	53	0	0	0	0
IS	54	0	0	0	0
IS	55	0	0	0	0
IS	56	0	0	0	0
IS	57	0	0	0	0
IS	58	0	0	0	0
IS	59	0	0	0	0
IS	60	0	0	0	0
IS	61	0	0	0	0
IS	62	0	0	0	0
IS	63	0	0	0	0
IS	64	0	0	0	0
IS	65	0	0	0	0
IS	66	0	0	0	0
IS	67	0	0	0	0
IS	68	0	0	0	0
IS	69	0	0	0	0
IS	70	0	0	0	0
IS	71	0	0	0	0
IS	72	0	0	0	0
IS	73	0	0	0	0
IS	74	0	0	0	0
IS	75	0	0	0	0
IS	76	0	0	0	0
IS	77	0	0	0	0
IS	78	0	0	0	0
IS	79	0	0	0	0
IS	80	0	0	0	0
IS	81	0	0	0	0
IS	82	0	0	0	0
IS	83	0	0	0	0
IS	84	0	0	0	0
IS	85	0	0	0	0
IS	86	0	0	0	0
IS	87	0	0	0	0
IS	88	0	0	0	0
IS	89	0	0	0	0
IS	90	0	0	0	0
IS	91	0	0	0	0
IS	92	0	0	0	0
IS	93	0	0	0	0
IS	94	0	0	0	0
IS	95	0	0	0	0
IS	96	0	0	0	0
IS	97	0	0	0	0
IS	98	0	0	0	0
IS	99	0	0	0	0
IS	100	0	0	0	0
IS	101	0	0	0	0
IS	102	0	0	0	0
IS	103	0	0	0	0
IS	104	0	0	0	0
IS	105	0	0	0	0
IS	106	0	0	0	0
IS	107	0	0	0	0
IS	108	0	0	0	0
IS	109	0	0	0	0
IS	110	0	0	0	0
IS	111	0	0	0	0
IS	112	0	0	0	0
IS	113	0	0	0	0
IS	114	0	0	0	0
IS	115	0	0	0	0
IS	116	0	0	0	0
IS	117	0	0	0	0
IS	118	0	0	0	0
IS	119	0	0	0	0
IS	120	0	0	0	0
IS	121	0	0	0	0
IS	122	0	0	0	0
IS	123	0	0	0	0
IS	124	0	0	0	0
IS	125	0	0	0	0
IS	126	0	0	0	0
IS	127	0	0	0	0
IS	128	0	0	0	0
IS	129	0	0	0	0
IS	130	0	0	0	0
IS	131	0	0	0	0
IS	132	0	0	0	0
IS	133	0	0	0	0
IS	134	0	0	0	0
IS	135	0	0	0	0
IS	136	0	0	0	0
IS	137	0	0	0	0
IS	138	0	0	0	0
IS	139	0	0	0	0
IS	140	0	0	0	0
IS	141	0	0	0	0
IS	142	0	0	0	0
IS	143	0	0	0	0
IS	144	0	0	0	0
IS	145	0	0	0	0
IS	146	0	0	0	0
IS	147	0	0	0	0
IS	148	0	0	0	0
IS	149	0	0	0	0
IS	150	0	0	0	0
IS	151	0	0	0	0
IS	152	0	0	0	0
IS	153	0	0	0	0
IS	154	0	0	0	0
IS	155	0	0	0	0
IS	156	0	0	0	0
IS	157	0	0	0	0
IS	158	0	0	0	0
IS	159	0	0	0	0
IS	160	0	0	0	0
IS	161	0	0	0	0
IS	162	0	0	0	0
IS	163	0	0	0	0
IS	164	0	0	0	0
IS	165	0	0	0	0
IS	166	0	0	0	0
IS	167	0	0	0	0
IS	168	0	0	0	0
IS	169	0	0	0	0
IS	170	0	0	0	0
IS	171	0	0	0	0
IS	172	0	0	0	0
IS	173	0	0	0	0
IS	174	0	0	0	0
IS	175	0	0	0	0
IS	176	0	0	0	0
IS	177	0	0	0	0
IS	178	0	0	0	0
IS	179	0	0	0	0
IS	180	0	0	0	0
IS	181	0	0	0	0
IS	182	0	0	0	0
IS	183	0	0	0	0
IS	184	0	0	0	0
IS	185	0	0	0	0
IS	186	0	0	0	0
IS	187	0	0	0	0
IS	188	0	0	0	0
IS	189	0	0	0	0
IS	190	0	0	0	0
IS	191	0	0	0	0
IS	192	0	0	0	0
IS	193	0	0	0	0
IS	194	0	0	0	0
IS	195	0	0	0	0
IS	196	0	0	0	0
IS	197	0	0	0	0
IS	198	0	0	0	0
IS	199	0	0	0	0
IS	200	0	0	0	0
IS	201	0	0	0	0
IS	202	0	0	0	0
IS	203	0	0	0	0
IS	204	1	1	0	0
IS	205	0	0	0	0
IS	206	0	0	0	0
IS	207	2	2	0	0
IS	208	0	0	0	0
IS	209	0	0	0	0
IS	210	0	0	0	0
IS	211	2	2	0	0
IS	212	0	0	0	0
IS	213	0	0	0	0
IS	214	1	1	0	0
IS	215	1	1	0	0
IS	216	1	1	0	0
IS	217	0	0	0	0
IS	218	0	0	0	0
IS	219	0	0	0	0
IS	220	0	0	0	0
IS	221	0	0	0	0
IS	222	0	0	0	0
IS	223	0	0	0	0
IS	224	0	0	0	0
IS	225	1	1	0	0
IS	226	2	2	0	0
IS	227	2	2	0	0
IS	228	2	2	0	0
IS	229	0	0	0	0
IS	230	0	0	0	0
IS	231	0	0	0	0
IS	232	0	0	0	0
IS	233	0	0	0	0
IS	234	0	0	0	0
IS	235	0	0	0	0
IS	236	3	3	0	0
IS	237	1	1	0	0
IS	238	3	3	0	0
IS	239	1	1	0	0
IS	240	2	2	0	0
IS	241	0	0	0	0
IS	242	4	4	0	0
IS	243	0	0	0	0
IS	244	0	0	0	0
IS	245	1	1	0	0
IS	246	0	0	0	0
IS	247	1	1	0	0
IS	248	2	2	0	0
IS	249	1	1	0	0
IS	250	2	2	0	0
IS	251	0	0	0	0
IS	252	0	0	0	0
IS	253	1	1	0	0
IS	254	0	0	0	0
IS	255	0	0	0	0
IS	256	0	0	0	0
IS	257	1	1	0	0
IS	258	0	0	0	0
IS	259	1	1	0	0
IS	260	0	0	0	0
IS	261	2	2	0	0
IS	262	2	2	0	0
IS	263	1	1	0	0
IS	264	1	1	0	0
IS	265	1	1	0	0
IS	266	1	1	0	0
IS	267	0	0	0	0
IS	268	0	0	0	0
IS	269	0	0	0	0
IS	270	0	0	0	0
IS	271	0	0	0	0
IS	272	1	1	0	0
IS	273	3	3	0	0
IS	274	2	2	0	0
IS	275	1	1	0	0
IS	276	0	0	0	0
IS	277	0	0	0	0
IS	278	0	0	0	0
IS	279	1	1	0	0
IS	280	1	1	0	0
IS	281	1	1	0	0
IS	282	1	1	0	0
IS	283	0	0	0	0
IS	284	0	0	0	0
IS	285	1	1	0	0
IS	286	0	0	0	0
IS	287	0	0	0	0
IS	288	1	1	0	0
IS	289	1	1	0	0
IS	290	0	0	0	0
IS	291	2	2	0	0
IS	292	0	0	0	0
IS	293	0	0	0	0
IS	294	0	0	0	0
IS	295	0	0	0	0
IS	296	0	0	0	0
IS	297	0	0	0	0
IS	298	1	1	0	0
IS	299	0	0	0	0
IS	300	0	0	0	0
IS	301	0	0	0	0
IS	302	0	0	0	0
IS	303	1	1	0	0
IS	304	0	0	0	0
IS	305	0	0	0	0
IS	306	1	1	0	0
IS	307	1	1	0	0
IS	308	0	0	0	0
IS	309	2	2	0	0
IS	310	2	2	0	0
IS	311	1	1	0	0
IS	312	0	0	0	0
IS	313	1	1	0	0
IS	314	0	0	0	0
IS	315	0	0	0	0
IS	316	0	0	0	0
IS	317	1	1	0	0
IS	318	0	0	0	0
IS	319	3	3	0	0
IS	320	1	1	0	0
IS	321	1	1	0	0
IS	322	1	1	0	0
IS	323	0	0	0	0
IS	324	1	1	0	0
IS	325	1	1	0	0
IS	326	6	6	0	0
IS	327	1	1	0	0
IS	328	0	0	0	0
IS	329	0	0	0	0
IS	330	1	1	0	0
IS	331	0	0	0	0
IS	332	2	2	0	0
IS	333	2	2	0	0
IS	334	0	0	0	0
IS	335	1	1	0	0
IS	336	1	1	0	0
IS	337	0	0	0	0
IS	338	0	0	0	0
IS	339	1	1	0	0
IS	340	1	1	0	0
IS	341	1	1	0	0
IS	342	0	0	0	0
IS	343	3	3	0	0
IS	344	0	0	0	0
IS	345	2	2	0	0
IS	346	0	0	0	0
IS	347	1	1	0	0
IS	348	2	2	0	0
IS	349	2	2	0	0
IS	350	1	1	0	0
IS	351	0	0	0	0
IS	352	1	1	0	0
IS	353	3	3	0	0
IS	354	0	0	0	0
IS	355	1	1	0	0
IS	356	0	0	0	0
IS	357	1	1	0	0
IS	358	3	3	0	0
IS	359	0	0	0	0
IS	360	1	1	0	0
IS	361	1	1	0	0
IS	362	2	2	0	0
IS	363	0	0	0	0
IS	364	0	0	0	0
IS	365	1	1	0	0
IS	366	0	0	0	0
IS	367	1	1	0	0
IS	368	0	0	0	0
IS	369	0	0	0	0
IS	370	0	0	0	0
IS	371	1	1	0	0
IS	372	0	0	0	0
IS	373	1	1	0	0
IS	374	0	0	0	0
IS	375	2	2	0	0
IS	376	1	1	0	0
IS	377	2	2	0	0
IS	378	0	0	0	0
IS	379	1	1	0	0
IS	380	0	0	0	0
IS	381	2	2	0	0
IS	382	0	0	0	0
IS	383	0	0	0	0
IS	384	1	1	0	0
IS	385	0	0	0	0
IS	386	0	0	0	0
IS	387	0	0	0	0
IS	388	0	0	0	0
IS	389	3	3	0	0
IS	390	0	0	0	0
IS	391	1	1	0	0
IS	392	0	0	0	0
IS	393	0	0	0	0
IS	394	2	2	0	0
IS	395	1	1	0	0
IS	396	1	1	0	0
IS	397	0	0	0	0
IS	398	1	1	0	0
IS	399	2	2	0	0
IS	400	2	2	0	0
IS	401	0	0	0	0
IS	402	2	2	0	0
IS	403	2	2	0	0
IS	404	0	0	0	0
IS	405	0	0	0	0
IS	406	0	0	0	0
IS	407	2	2	0	0
IS	408	1	1	0	0
IS	409	2	2	0	0
IS	410	1	1	0	0
IS	411	0	0	0	0
IS	412	1	1	0	0
IS	413	0	0	0	0
IS	414	2	2	0	0
IS	415	2	2	0	0
IS	416	1	1	0	0
IS	417	0	0	0	0
IS	418	0	0	0	0
IS	419	1	1	0	0
IS	420	0	0	0	0
IS	421	0	0	0	0
IS	422	0	0	0	0
IS	423	0	0	0	0
IS	424	0	0	0	0
IS	425	0	0	0	0
IS	426	2	2	0	0
IS	427	2	2	0	0
IS	428	2	2	0	0
IS	429	0	0	0	0
IS	430	3	3	0	0
IS	431	0	0	0	0
IS	432	1	1	0	0
IS	433	1	1	0	0
IS	434	1	1	0	0
IS	435	1	1	0	0
IS	436	5	5	0	0
IS	437	5	5	0	0
IS	438	2	2	0	0
IS	439	0	0	0	0
IS	440	0	0	0	0
IS	441	1	1	0	0
IS	442	0	0	0	0
IS	443	2	2	0	0
IS	444	0	0	0	0
IS	445	5	5	0	0
IS	446	1	1	0	0
IS	447	1	1	0	0
IS	448	2	2	0	0
IS	449	1	1	0	0
IS	450	0	0	0	0
IS	451	0	0	0	0
IS	452	3	3	0	0
IS	453	0	0	0	0
IS	454	0	0	0	0
IS	455	0	0	0	0
IS	456	0	0	0	0
IS	457	1	1	0	0
IS	458	3	3	0	0
IS	459	2	2	0	0
IS	460	2	2	0	0
IS	461	1	1	0	0
IS	462	0	0	0	0
IS	463	1	1	0	0
IS	464	0	0	0	0
IS	465	0	0	0	0
IS	466	0	0	0	0
IS	467	1	1	0	0
IS	468	1	1	0	0
IS	469	0	0	0	0
IS	470	2	2	0	0
# Read lengths. Use `grep ^RL | cut -f 2-` to extract this part. The columns are: read length, count
RL	134	1
RL	147	1
RL	148	14
RL	149	3
RL	150	37
RL	151	444
# Read lengths - first fragments. Use `grep ^FRL | cut -f 2-` to extract this part. The columns are: read length, count
FRL	147	1
FRL	148	7
FRL	150	15
FRL	151	237
# Read lengths - last fragments. Use `grep ^LRL | cut -f 2-` to extract this part. The columns are: read length, count
LRL	134	1
LRL	148	7
LRL	149	3
LRL	150	22
LRL	151	207
# Mapping qualities for reads !(UNMAP|SECOND|SUPPL|QCFAIL|DUP). Use `grep ^MAPQ | cut -f 2-` to extract this part. The columns are: mapq, count
MAPQ	0	3
MAPQ	1	4
MAPQ	255	493
# Indel distribution. Use `grep ^ID | cut -f 2-` to extract this part. The columns are: length, number of insertions, number of deletions
ID	1	8	6
# Indels per cycle. Use `grep ^IC | cut -f 2-` to extract this part. The columns are: cycle, number of insertions (fwd), .. (rev) , number of deletions (fwd), .. (rev)
IC	6	0	1	0	0
IC	40	1	0	0	0
IC	41	0	0	1	0
IC	60	1	2	0	0
IC	89	2	0	0	0
IC	94	0	0	0	1
IC	114	0	0	0	2
IC	122	0	0	0	2
IC	142	1	0	0	0
# Coverage distribution. Use `grep ^COV | cut -f 2-` to extract this part.
COV	[1-1]	1	43094
COV	[2-2]	2	13163
COV	[3-3]	3	689
COV	[4-4]	4	810
COV	[5-5]	5	36
COV	[7-7]	7	1
COV	[8-8]	8	59
# GC-depth. Use `grep ^GCD | cut -f 2-` to extract this part. The columns are: GC%, unique sequence percentiles, 10th, 25th, 50th, 75th and 90th depth percentile
GCD	0.0	2.326	0.000	0.000	0.000	0.000	0.000
GCD	1.3	3.488	0.030	0.030	0.030	0.030	0.030
GCD	24.0	4.651	0.008	0.008	0.008	0.008	0.008
GCD	26.0	6.977	0.023	0.023	0.049	0.075	0.075
GCD	27.0	9.302	0.008	0.008	0.026	0.045	0.045
GCD	28.0	10.465	0.008	0.008	0.008	0.008	0.008
GCD	29.0	15.116	0.015	0.015	0.023	0.064	0.075
GCD	30.0	17.442	0.023	0.023	0.041	0.060	0.060
GCD	31.0	26.744	0.008	0.017	0.030	0.075	0.098
GCD	32.0	34.884	0.015	0.030	0.030	0.053	0.060
GCD	33.0	48.837	0.010	0.025	0.049	0.081	0.093
GCD	34.0	60.465	0.015	0.026	0.045	0.060	0.094
GCD	35.0	74.419	0.010	0.030	0.045	0.064	0.102
GCD	36.0	84.884	0.008	0.030	0.045	0.079	0.121
GCD	37.0	90.698	0.015	0.015	0.030	0.045	0.060
GCD	38.0	96.512	0.030	0.038	0.060	0.113	0.113
GCD	39.0	97.674	0.030	0.030	0.030	0.030	0.030
GCD	40.0	100.000	0.015	0.015	0.034	0.053	0.053
