# This file was produced by samtools stats (1.21+htslib-1.21) and can be plotted using plot-bamstats
# This file contains statistics for all reads.
# The command line was:  stats NC.Staphy1.6D_sorted.bam
# CHK, Checksum	[2]Read Names	[3]Sequences	[4]Qualities
# CHK, CRC32 of reads which passed filtering followed by addition (32bit overflow)
CHK	9eabe46e	ff505c9d	9dd4844b
# Summary Numbers. Use `grep ^SN | cut -f 2-` to extract this part.
SN	raw total sequences:	363	# excluding supplementary and secondary reads
SN	filtered sequences:	0
SN	sequences:	363
SN	is sorted:	1
SN	1st fragments:	185
SN	last fragments:	178
SN	reads mapped:	363
SN	reads mapped and paired:	316	# paired-end technology bit set + both mates mapped
SN	reads unmapped:	0
SN	reads properly paired:	316	# proper-pair bit set
SN	reads paired:	363	# paired-end technology bit set
SN	reads duplicated:	0	# PCR or optical duplicate bit set
SN	reads MQ0:	2	# mapped and MQ=0
SN	reads QC failed:	0
SN	non-primary alignments:	48
SN	supplementary alignments:	0
SN	total length:	54742	# ignores clipping
SN	total first fragment length:	27909	# ignores clipping
SN	total last fragment length:	26833	# ignores clipping
SN	bases mapped:	54742	# ignores clipping
SN	bases mapped (cigar):	54742	# more accurate
SN	bases trimmed:	0
SN	bases duplicated:	0
SN	mismatches:	734	# from NM fields
SN	error rate:	1.340835e-02	# mismatches / bases mapped (cigar)
SN	average length:	151
SN	average first fragment length:	151
SN	average last fragment length:	151
SN	maximum length:	151
SN	maximum first fragment length:	151
SN	maximum last fragment length:	151
SN	average quality:	38.6
SN	insert size average:	376.9
SN	insert size standard deviation:	75.8
SN	inward oriented pairs:	158
SN	outward oriented pairs:	0
SN	pairs with other orientation:	0
SN	pairs on different chromosomes:	0
SN	percentage of properly paired reads (%):	87.1
# First Fragment Qualities. Use `grep ^FFQ | cut -f 2-` to extract this part.
# Columns correspond to qualities and rows to cycles. First column is the cycle number.
FFQ	1	0	0	1	0	0	0	0	0	0	0	0	0	4	0	0	0	0	0	0	0	0	0	0	0	0	0	0	3	0	0	0	0	177	0	0	0	0	0	0	0	0	0	0
FFQ	2	0	0	0	0	0	0	0	0	0	0	0	0	5	0	0	0	0	0	0	0	0	0	0	0	0	0	0	4	0	0	0	0	176	0	0	0	0	0	0	0	0	0	0
FFQ	3	0	0	0	0	0	0	0	0	0	0	0	0	1	0	0	0	0	0	0	0	0	0	0	0	0	0	0	4	0	0	0	0	41	0	0	0	0	139	0	0	0	0	0
FFQ	4	0	0	0	0	0	0	0	0	0	0	0	0	1	0	0	0	0	0	0	0	0	0	0	0	0	0	0	7	0	0	0	0	16	0	0	0	0	161	0	0	0	0	0
FFQ	5	0	0	0	0	0	0	0	0	0	0	0	0	1	0	0	0	0	0	0	0	0	0	1	0	0	0	0	1	0	0	0	0	5	0	0	0	0	177	0	0	0	0	0
FFQ	6	0	0	0	0	0	0	0	0	0	0	0	0	0	0	0	0	0	0	0	0	0	0	1	0	0	0	0	1	0	0	0	0	3	0	0	0	0	17	0	0	0	163	0
FFQ	7	0	0	0	0	0	0	0	0	0	0	0	0	0	0	0	0	0	0	0	0	0	0	1	0	0	0	0	2	0	0	0	0	4	0	0	0	0	16	0	0	0	162	0
FFQ	8	0	0	0	0	0	0	0	0	0	0	0	0	1	0	0	0	0	0	0	0	0	0	2	0	0	0	0	2	0	0	0	0	9	0	0	0	0	13	0	0	0	158	0
FFQ	9	0	0	0	0	0	0	0	0	0	0	0	0	2	0	0	0	0	0	0	0	0	0	1	0	0	0	0	3	0	0	0	0	6	0	0	0	0	9	0	0	0	164	0
FFQ	10	0	0	0	0	0	0	0	0	0	0	0	0	1	0	0	0	0	0	0	0	0	0	0	0	0	0	0	3	0	0	0	0	4	0	0	0	0	10	0	0	0	167	0
FFQ	11	0	0	0	0	0	0	0	0	0	0	0	0	2	0	0	0	0	0	0	0	0	0	0	0	0	0	0	0	0	0	0	0	3	0	0	0	0	16	0	0	0	164	0
FFQ	12	0	0	0	0	0	0	0	0	0	0	0	0	2	0	0	0	0	0	0	0	0	0	0	0	0	0	0	2	0	0	0	0	5	0	0	0	0	13	0	0	0	163	0
FFQ	13	0	0	0	0	0	0	0	0	0	0	0	0	0	0	0	0	0	0	0	0	0	0	2	0	0	0	0	4	0	0	0	0	5	0	0	0	0	12	0	0	0	162	0
FFQ	14	0	0	0	0	0	0	0	0	0	0	0	0	2	0	0	0	0	0	0	0	0	0	0	0	0	0	0	2	0	0	0	0	3	0	0	0	0	18	0	0	0	160	0
FFQ	15	0	0	0	0	0	0	0	0	0	0	0	0	1	0	0	0	0	0	0	0	0	0	0	0	0	0	0	1	0	0	0	0	5	0	0	0	0	18	0	0	0	160	0
FFQ	16	0	0	0	0	0	0	0	0	0	0	0	0	1	0	0	0	0	0	0	0	0	0	0	0	0	0	0	2	0	0	0	0	6	0	0	0	0	10	0	0	0	166	0
FFQ	17	0	0	0	0	0	0	0	0	0	0	0	0	2	0	0	0	0	0	0	0	0	0	2	0	0	0	0	0	0	0	0	0	2	0	0	0	0	9	0	0	0	170	0
FFQ	18	0	0	0	0	0	0	0	0	0	0	0	0	3	0	0	0	0	0	0	0	0	0	1	0	0	0	0	1	0	0	0	0	2	0	0	0	0	12	0	0	0	166	0
FFQ	19	0	0	0	0	0	0	0	0	0	0	0	0	1	0	0	0	0	0	0	0	0	0	0	0	0	0	0	0	0	0	0	0	1	0	0	0	0	15	0	0	0	168	0
FFQ	20	0	0	0	0	0	0	0	0	0	0	0	0	0	0	0	0	0	0	0	0	0	0	2	0	0	0	0	0	0	0	0	0	4	0	0	0	0	13	0	0	0	166	0
FFQ	21	0	0	0	0	0	0	0	0	0	0	0	0	0	0	0	0	0	0	0	0	0	0	2	0	0	0	0	1	0	0	0	0	3	0	0	0	0	11	0	0	0	168	0
FFQ	22	0	0	0	0	0	0	0	0	0	0	0	0	3	0	0	0	0	0	0	0	0	0	1	0	0	0	0	1	0	0	0	0	1	0	0	0	0	9	0	0	0	170	0
FFQ	23	0	0	0	0	0	0	0	0	0	0	0	0	1	0	0	0	0	0	0	0	0	0	1	0	0	0	0	1	0	0	0	0	6	0	0	0	0	9	0	0	0	167	0
FFQ	24	0	0	0	0	0	0	0	0	0	0	0	0	2	0	0	0	0	0	0	0	0	0	0	0	0	0	0	1	0	0	0	0	4	0	0	0	0	9	0	0	0	169	0
FFQ	25	0	0	0	0	0	0	0	0	0	0	0	0	3	0	0	0	0	0	0	0	0	0	2	0	0	0	0	1	0	0	0	0	3	0	0	0	0	14	0	0	0	162	0
FFQ	26	0	0	0	0	0	0	0	0	0	0	0	0	2	0	0	0	0	0	0	0	0	0	0	0	0	0	0	1	0	0	0	0	4	0	0	0	0	7	0	0	0	171	0
FFQ	27	0	0	0	0	0	0	0	0	0	0	0	0	1	0	0	0	0	0	0	0	0	0	0	0	0	0	0	5	0	0	0	0	4	0	0	0	0	9	0	0	0	166	0
FFQ	28	0	0	0	0	0	0	0	0	0	0	0	0	1	0	0	0	0	0	0	0	0	0	1	0	0	0	0	3	0	0	0	0	4	0	0	0	0	12	0	0	0	164	0
FFQ	29	0	0	0	0	0	0	0	0	0	0	0	0	3	0	0	0	0	0	0	0	0	0	3	0	0	0	0	0	0	0	0	0	2	0	0	0	0	13	0	0	0	164	0
FFQ	30	0	0	0	0	0	0	0	0	0	0	0	0	4	0	0	0	0	0	0	0	0	0	0	0	0	0	0	2	0	0	0	0	4	0	0	0	0	14	0	0	0	161	0
FFQ	31	0	0	0	0	0	0	0	0	0	0	0	0	0	0	0	0	0	0	0	0	0	0	1	0	0	0	0	2	0	0	0	0	2	0	0	0	0	13	0	0	0	167	0
FFQ	32	0	0	0	0	0	0	0	0	0	0	0	0	3	0	0	0	0	0	0	0	0	0	0	0	0	0	0	1	0	0	0	0	2	0	0	0	0	11	0	0	0	168	0
FFQ	33	0	0	0	0	0	0	0	0	0	0	0	0	1	0	0	0	0	0	0	0	0	0	1	0	0	0	0	3	0	0	0	0	2	0	0	0	0	8	0	0	0	170	0
FFQ	34	0	0	0	0	0	0	0	0	0	0	0	0	3	0	0	0	0	0	0	0	0	0	0	0	0	0	0	1	0	0	0	0	0	0	0	0	0	10	0	0	0	171	0
FFQ	35	0	0	0	0	0	0	0	0	0	0	0	0	1	0	0	0	0	0	0	0	0	0	1	0	0	0	0	4	0	0	0	0	2	0	0	0	0	12	0	0	0	165	0
FFQ	36	0	0	0	0	0	0	0	0	0	0	0	0	4	0	0	0	0	0	0	0	0	0	1	0	0	0	0	1	0	0	0	0	1	0	0	0	0	12	0	0	0	166	0
FFQ	37	0	0	0	0	0	0	0	0	0	0	0	0	1	0	0	0	0	0	0	0	0	0	1	0	0	0	0	3	0	0	0	0	3	0	0	0	0	15	0	0	0	162	0
FFQ	38	0	0	0	0	0	0	0	0	0	0	0	0	1	0	0	0	0	0	0	0	0	0	2	0	0	0	0	2	0	0	0	0	7	0	0	0	0	6	0	0	0	167	0
FFQ	39	0	0	0	0	0	0	0	0	0	0	0	0	2	0	0	0	0	0	0	0	0	0	0	0	0	0	0	4	0	0	0	0	4	0	0	0	0	11	0	0	0	164	0
FFQ	40	0	0	0	0	0	0	0	0	0	0	0	0	3	0	0	0	0	0	0	0	0	0	1	0	0	0	0	3	0	0	0	0	4	0	0	0	0	10	0	0	0	164	0
FFQ	41	0	0	0	0	0	0	0	0	0	0	0	0	6	0	0	0	0	0	0	0	0	0	4	0	0	0	0	1	0	0	0	0	1	0	0	0	0	14	0	0	0	159	0
FFQ	42	0	0	0	0	0	0	0	0	0	0	0	0	2	0	0	0	0	0	0	0	0	0	0	0	0	0	0	3	0	0	0	0	8	0	0	0	0	15	0	0	0	157	0
FFQ	43	0	0	0	0	0	0	0	0	0	0	0	0	2	0	0	0	0	0	0	0	0	0	0	0	0	0	0	8	0	0	0	0	2	0	0	0	0	10	0	0	0	163	0
FFQ	44	0	0	1	0	0	0	0	0	0	0	0	0	0	0	0	0	0	0	0	0	0	0	1	0	0	0	0	2	0	0	0	0	4	0	0	0	0	16	0	0	0	161	0
FFQ	45	0	0	0	0	0	0	0	0	0	0	0	0	3	0	0	0	0	0	0	0	0	0	3	0	0	0	0	1	0	0	0	0	6	0	0	0	0	12	0	0	0	160	0
FFQ	46	0	0	0	0	0	0	0	0	0	0	0	0	2	0	0	0	0	0	0	0	0	0	1	0	0	0	0	4	0	0	0	0	3	0	0	0	0	11	0	0	0	164	0
FFQ	47	0	0	0	0	0	0	0	0	0	0	0	0	2	0	0	0	0	0	0	0	0	0	2	0	0	0	0	1	0	0	0	0	1	0	0	0	0	15	0	0	0	164	0
FFQ	48	0	0	0	0	0	0	0	0	0	0	0	0	1	0	0	0	0	0	0	0	0	0	1	0	0	0	0	2	0	0	0	0	3	0	0	0	0	14	0	0	0	164	0
FFQ	49	0	0	0	0	0	0	0	0	0	0	0	0	1	0	0	0	0	0	0	0	0	0	3	0	0	0	0	1	0	0	0	0	0	0	0	0	0	20	0	0	0	160	0
FFQ	50	0	0	0	0	0	0	0	0	0	0	0	0	2	0	0	0	0	0	0	0	0	0	2	0	0	0	0	3	0	0	0	0	1	0	0	0	0	11	0	0	0	166	0
FFQ	51	0	0	0	0	0	0	0	0	0	0	0	0	1	0	0	0	0	0	0	0	0	0	0	0	0	0	0	1	0	0	0	0	4	0	0	0	0	12	0	0	0	167	0
FFQ	52	0	0	0	0	0	0	0	0	0	0	0	0	1	0	0	0	0	0	0	0	0	0	0	0	0	0	0	3	0	0	0	0	2	0	0	0	0	12	0	0	0	167	0
FFQ	53	0	0	0	0	0	0	0	0	0	0	0	0	1	0	0	0	0	0	0	0	0	0	1	0	0	0	0	3	0	0	0	0	2	0	0	0	0	13	0	0	0	165	0
FFQ	54	0	0	0	0	0	0	0	0	0	0	0	0	1	0	0	0	0	0	0	0	0	0	1	0	0	0	0	4	0	0	0	0	7	0	0	0	0	15	0	0	0	157	0
FFQ	55	0	0	0	0	0	0	0	0	0	0	0	0	1	0	0	0	0	0	0	0	0	0	2	0	0	0	0	3	0	0	0	0	5	0	0	0	0	13	0	0	0	161	0
FFQ	56	0	0	0	0	0	0	0	0	0	0	0	0	0	0	0	0	0	0	0	0	0	0	2	0	0	0	0	7	0	0	0	0	8	0	0	0	0	16	0	0	0	152	0
FFQ	57	0	0	0	0	0	0	0	0	0	0	0	0	2	0	0	0	0	0	0	0	0	0	0	0	0	0	0	2	0	0	0	0	6	0	0	0	0	16	0	0	0	159	0
FFQ	58	0	0	0	0	0	0	0	0	0	0	0	0	3	0	0	0	0	0	0	0	0	0	2	0	0	0	0	4	0	0	0	0	7	0	0	0	0	10	0	0	0	159	0
FFQ	59	0	0	0	0	0	0	0	0	0	0	0	0	2	0	0	0	0	0	0	0	0	0	1	0	0	0	0	4	0	0	0	0	9	0	0	0	0	14	0	0	0	155	0
FFQ	60	0	0	0	0	0	0	0	0	0	0	0	0	4	0	0	0	0	0	0	0	0	0	3	0	0	0	0	3	0	0	0	0	7	0	0	0	0	15	0	0	0	153	0
FFQ	61	0	0	0	0	0	0	0	0	0	0	0	0	4	0	0	0	0	0	0	0	0	0	0	0	0	0	0	4	0	0	0	0	4	0	0	0	0	17	0	0	0	156	0
FFQ	62	0	0	0	0	0	0	0	0	0	0	0	0	1	0	0	0	0	0	0	0	0	0	0	0	0	0	0	2	0	0	0	0	5	0	0	0	0	18	0	0	0	159	0
FFQ	63	0	0	0	0	0	0	0	0	0	0	0	0	0	0	0	0	0	0	0	0	0	0	0	0	0	0	0	2	0	0	0	0	1	0	0	0	0	18	0	0	0	164	0
FFQ	64	0	0	0	0	0	0	0	0	0	0	0	0	1	0	0	0	0	0	0	0	0	0	0	0	0	0	0	3	0	0	0	0	4	0	0	0	0	11	0	0	0	166	0
FFQ	65	0	0	0	0	0	0	0	0	0	0	0	0	1	0	0	0	0	0	0	0	0	0	0	0	0	0	0	2	0	0	0	0	4	0	0	0	0	12	0	0	0	166	0
FFQ	66	0	0	0	0	0	0	0	0	0	0	0	0	2	0	0	0	0	0	0	0	0	0	1	0	0	0	0	6	0	0	0	0	4	0	0	0	0	18	0	0	0	154	0
FFQ	67	0	0	0	0	0	0	0	0	0	0	0	0	2	0	0	0	0	0	0	0	0	0	1	0	0	0	0	5	0	0	0	0	5	0	0	0	0	14	0	0	0	158	0
FFQ	68	0	0	0	0	0	0	0	0	0	0	0	0	3	0	0	0	0	0	0	0	0	0	5	0	0	0	0	1	0	0	0	0	3	0	0	0	0	12	0	0	0	161	0
FFQ	69	0	0	0	0	0	0	0	0	0	0	0	0	5	0	0	0	0	0	0	0	0	0	2	0	0	0	0	4	0	0	0	0	6	0	0	0	0	14	0	0	0	154	0
FFQ	70	0	0	0	0	0	0	0	0	0	0	0	0	2	0	0	0	0	0	0	0	0	0	1	0	0	0	0	4	0	0	0	0	4	0	0	0	0	14	0	0	0	160	0
FFQ	71	0	0	0	0	0	0	0	0	0	0	0	0	1	0	0	0	0	0	0	0	0	0	1	0	0	0	0	2	0	0	0	0	1	0	0	0	0	18	0	0	0	162	0
FFQ	72	0	0	0	0	0	0	0	0	0	0	0	0	3	0	0	0	0	0	0	0	0	0	0	0	0	0	0	4	0	0	0	0	7	0	0	0	0	10	0	0	0	161	0
FFQ	73	0	0	0	0	0	0	0	0	0	0	0	0	6	0	0	0	0	0	0	0	0	0	1	0	0	0	0	5	0	0	0	0	6	0	0	0	0	12	0	0	0	155	0
FFQ	74	0	0	0	0	0	0	0	0	0	0	0	0	6	0	0	0	0	0	0	0	0	0	3	0	0	0	0	6	0	0	0	0	6	0	0	0	0	12	0	0	0	152	0
FFQ	75	0	0	0	0	0	0	0	0	0	0	0	0	3	0	0	0	0	0	0	0	0	0	2	0	0	0	0	3	0	0	0	0	5	0	0	0	0	21	0	0	0	151	0
FFQ	76	0	0	0	0	0	0	0	0	0	0	0	0	4	0	0	0	0	0	0	0	0	0	3	0	0	0	0	3	0	0	0	0	3	0	0	0	0	19	0	0	0	153	0
FFQ	77	0	0	0	0	0	0	0	0	0	0	0	0	1	0	0	0	0	0	0	0	0	0	0	0	0	0	0	7	0	0	0	0	11	0	0	0	0	34	0	0	0	132	0
FFQ	78	0	0	0	0	0	0	0	0	0	0	0	0	0	0	0	0	0	0	0	0	0	0	0	0	0	0	0	1	0	0	0	0	8	0	0	0	0	22	0	0	0	154	0
FFQ	79	0	0	0	0	0	0	0	0	0	0	0	0	7	0	0	0	0	0	0	0	0	0	0	0	0	0	0	4	0	0	0	0	5	0	0	0	0	14	0	0	0	155	0
FFQ	80	0	0	0	0	0	0	0	0	0	0	0	0	9	0	0	0	0	0	0	0	0	0	0	0	0	0	0	3	0	0	0	0	6	0	0	0	0	15	0	0	0	152	0
FFQ	81	0	0	0	0	0	0	0	0	0	0	0	0	3	0	0	0	0	0	0	0	0	0	1	0	0	0	0	6	0	0	0	0	5	0	0	0	0	19	0	0	0	151	0
FFQ	82	0	0	0	0	0	0	0	0	0	0	0	0	2	0	0	0	0	0	0	0	0	0	2	0	0	0	0	6	0	0	0	0	8	0	0	0	0	9	0	0	0	158	0
FFQ	83	0	0	0	0	0	0	0	0	0	0	0	0	4	0	0	0	0	0	0	0	0	0	1	0	0	0	0	3	0	0	0	0	4	0	0	0	0	22	0	0	0	151	0
FFQ	84	0	0	0	0	0	0	0	0	0	0	0	0	3	0	0	0	0	0	0	0	0	0	6	0	0	0	0	4	0	0	0	0	4	0	0	0	0	13	0	0	0	155	0
FFQ	85	0	0	0	0	0	0	0	0	0	0	0	0	2	0	0	0	0	0	0	0	0	0	4	0	0	0	0	2	0	0	0	0	7	0	0	0	0	11	0	0	0	159	0
FFQ	86	0	0	0	0	0	0	0	0	0	0	0	0	1	0	0	0	0	0	0	0	0	0	2	0	0	0	0	5	0	0	0	0	5	0	0	0	0	18	0	0	0	154	0
FFQ	87	0	0	0	0	0	0	0	0	0	0	0	0	3	0	0	0	0	0	0	0	0	0	1	0	0	0	0	3	0	0	0	0	8	0	0	0	0	18	0	0	0	152	0
FFQ	88	0	0	0	0	0	0	0	0	0	0	0	0	2	0	0	0	0	0	0	0	0	0	3	0	0	0	0	5	0	0	0	0	6	0	0	0	0	12	0	0	0	157	0
FFQ	89	0	0	0	0	0	0	0	0	0	0	0	0	3	0	0	0	0	0	0	0	0	0	0	0	0	0	0	6	0	0	0	0	8	0	0	0	0	17	0	0	0	151	0
FFQ	90	0	0	0	0	0	0	0	0	0	0	0	0	0	0	0	0	0	0	0	0	0	0	5	0	0	0	0	1	0	0	0	0	5	0	0	0	0	12	0	0	0	162	0
FFQ	91	0	0	0	0	0	0	0	0	0	0	0	0	2	0	0	0	0	0	0	0	0	0	4	0	0	0	0	2	0	0	0	0	9	0	0	0	0	14	0	0	0	154	0
FFQ	92	0	0	0	0	0	0	0	0	0	0	0	0	5	0	0	0	0	0	0	0	0	0	2	0	0	0	0	4	0	0	0	0	3	0	0	0	0	14	0	0	0	157	0
FFQ	93	0	0	0	0	0	0	0	0	0	0	0	0	7	0	0	0	0	0	0	0	0	0	2	0	0	0	0	2	0	0	0	0	4	0	0	0	0	12	0	0	0	158	0
FFQ	94	0	0	0	0	0	0	0	0	0	0	0	0	6	0	0	0	0	0	0	0	0	0	2	0	0	0	0	6	0	0	0	0	4	0	0	0	0	14	0	0	0	153	0
FFQ	95	0	0	0	0	0	0	0	0	0	0	0	0	4	0	0	0	0	0	0	0	0	0	4	0	0	0	0	4	0	0	0	0	8	0	0	0	0	11	0	0	0	154	0
FFQ	96	0	0	0	0	0	0	0	0	0	0	0	0	3	0	0	0	0	0	0	0	0	0	9	0	0	0	0	0	0	0	0	0	5	0	0	0	0	10	0	0	0	158	0
FFQ	97	0	0	0	0	0	0	0	0	0	0	0	0	2	0	0	0	0	0	0	0	0	0	8	0	0	0	0	4	0	0	0	0	3	0	0	0	0	18	0	0	0	150	0
FFQ	98	0	0	0	0	0	0	0	0	0	0	0	0	3	0	0	0	0	0	0	0	0	0	5	0	0	0	0	1	0	0	0	0	6	0	0	0	0	16	0	0	0	154	0
FFQ	99	0	0	0	0	0	0	0	0	0	0	0	0	3	0	0	0	0	0	0	0	0	0	3	0	0	0	0	0	0	0	0	0	5	0	0	0	0	14	0	0	0	160	0
FFQ	100	0	0	0	0	0	0	0	0	0	0	0	0	1	0	0	0	0	0	0	0	0	0	2	0	0	0	0	4	0	0	0	0	5	0	0	0	0	11	0	0	0	162	0
FFQ	101	0	0	0	0	0	0	0	0	0	0	0	0	3	0	0	0	0	0	0	0	0	0	2	0	0	0	0	1	0	0	0	0	7	0	0	0	0	13	0	0	0	159	0
FFQ	102	0	0	0	0	0	0	0	0	0	0	0	0	3	0	0	0	0	0	0	0	0	0	3	0	0	0	0	3	0	0	0	0	3	0	0	0	0	18	0	0	0	155	0
FFQ	103	0	0	0	0	0	0	0	0	0	0	0	0	4	0	0	0	0	0	0	0	0	0	2	0	0	0	0	5	0	0	0	0	5	0	0	0	0	18	0	0	0	151	0
FFQ	104	0	0	0	0	0	0	0	0	0	0	0	0	1	0	0	0	0	0	0	0	0	0	4	0	0	0	0	4	0	0	0	0	8	0	0	0	0	20	0	0	0	148	0
FFQ	105	0	0	0	0	0	0	0	0	0	0	0	0	3	0	0	0	0	0	0	0	0	0	6	0	0	0	0	2	0	0	0	0	4	0	0	0	0	22	0	0	0	148	0
FFQ	106	0	0	0	0	0	0	0	0	0	0	0	0	3	0	0	0	0	0	0	0	0	0	5	0	0	0	0	2	0	0	0	0	7	0	0	0	0	11	0	0	0	157	0
FFQ	107	0	0	0	0	0	0	0	0	0	0	0	0	5	0	0	0	0	0	0	0	0	0	5	0	0	0	0	1	0	0	0	0	7	0	0	0	0	12	0	0	0	155	0
FFQ	108	0	0	0	0	0	0	0	0	0	0	0	0	1	0	0	0	0	0	0	0	0	0	3	0	0	0	0	2	0	0	0	0	8	0	0	0	0	13	0	0	0	158	0
FFQ	109	0	0	0	0	0	0	0	0	0	0	0	0	3	0	0	0	0	0	0	0	0	0	3	0	0	0	0	1	0	0	0	0	3	0	0	0	0	12	0	0	0	163	0
FFQ	110	0	0	0	0	0	0	0	0	0	0	0	0	2	0	0	0	0	0	0	0	0	0	4	0	0	0	0	2	0	0	0	0	5	0	0	0	0	12	0	0	0	160	0
FFQ	111	0	0	0	0	0	0	0	0	0	0	0	0	3	0	0	0	0	0	0	0	0	0	3	0	0	0	0	2	0	0	0	0	5	0	0	0	0	16	0	0	0	156	0
FFQ	112	0	0	0	0	0	0	0	0	0	0	0	0	1	0	0	0	0	0	0	0	0	0	4	0	0	0	0	3	0	0	0	0	5	0	0	0	0	13	0	0	0	159	0
FFQ	113	0	0	0	0	0	0	0	0	0	0	0	0	2	0	0	0	0	0	0	0	0	0	2	0	0	0	0	1	0	0	0	0	4	0	0	0	0	19	0	0	0	157	0
FFQ	114	0	0	0	0	0	0	0	0	0	0	0	0	2	0	0	0	0	0	0	0	0	0	3	0	0	0	0	3	0	0	0	0	4	0	0	0	0	15	0	0	0	158	0
FFQ	115	0	0	0	0	0	0	0	0	0	0	0	0	3	0	0	0	0	0	0	0	0	0	3	0	0	0	0	4	0	0	0	0	3	0	0	0	0	20	0	0	0	152	0
FFQ	116	0	0	0	0	0	0	0	0	0	0	0	0	1	0	0	0	0	0	0	0	0	0	4	0	0	0	0	5	0	0	0	0	7	0	0	0	0	14	0	0	0	154	0
FFQ	117	0	0	0	0	0	0	0	0	0	0	0	0	4	0	0	0	0	0	0	0	0	0	1	0	0	0	0	2	0	0	0	0	6	0	0	0	0	16	0	0	0	156	0
FFQ	118	0	0	0	0	0	0	0	0	0	0	0	0	4	0	0	0	0	0	0	0	0	0	3	0	0	0	0	4	0	0	0	0	6	0	0	0	0	17	0	0	0	151	0
FFQ	119	0	0	0	0	0	0	0	0	0	0	0	0	5	0	0	0	0	0	0	0	0	0	3	0	0	0	0	3	0	0	0	0	12	0	0	0	0	11	0	0	0	151	0
FFQ	120	0	0	0	0	0	0	0	0	0	0	0	0	0	0	0	0	0	0	0	0	0	0	2	0	0	0	0	4	0	0	0	0	12	0	0	0	0	26	0	0	0	141	0
FFQ	121	0	0	0	0	0	0	0	0	0	0	0	0	4	0	0	0	0	0	0	0	0	0	3	0	0	0	0	3	0	0	0	0	10	0	0	0	0	16	0	0	0	149	0
FFQ	122	0	0	0	0	0	0	0	0	0	0	0	0	1	0	0	0	0	0	0	0	0	0	2	0	0	0	0	1	0	0	0	0	8	0	0	0	0	12	0	0	0	161	0
FFQ	123	0	0	0	0	0	0	0	0	0	0	0	0	6	0	0	0	0	0	0	0	0	0	1	0	0	0	0	2	0	0	0	0	9	0	0	0	0	10	0	0	0	157	0
FFQ	124	0	0	0	0	0	0	0	0	0	0	0	0	2	0	0	0	0	0	0	0	0	0	5	0	0	0	0	3	0	0	0	0	6	0	0	0	0	18	0	0	0	151	0
FFQ	125	0	0	0	0	0	0	0	0	0	0	0	0	6	0	0	0	0	0	0	0	0	0	5	0	0	0	0	1	0	0	0	0	7	0	0	0	0	25	0	0	0	141	0
FFQ	126	0	0	0	0	0	0	0	0	0	0	0	0	4	0	0	0	0	0	0	0	0	0	5	0	0	0	0	3	0	0	0	0	7	0	0	0	0	12	0	0	0	154	0
FFQ	127	0	0	0	0	0	0	0	0	0	0	0	0	4	0	0	0	0	0	0	0	0	0	4	0	0	0	0	1	0	0	0	0	7	0	0	0	0	24	0	0	0	145	0
FFQ	128	0	0	0	0	0	0	0	0	0	0	0	0	3	0	0	0	0	0	0	0	0	0	5	0	0	0	0	8	0	0	0	0	8	0	0	0	0	21	0	0	0	140	0
FFQ	129	0	0	0	0	0	0	0	0	0	0	0	0	2	0	0	0	0	0	0	0	0	0	9	0	0	0	0	5	0	0	0	0	8	0	0	0	0	16	0	0	0	145	0
FFQ	130	0	0	0	0	0	0	0	0	0	0	0	0	4	0	0	0	0	0	0	0	0	0	3	0	0	0	0	1	0	0	0	0	9	0	0	0	0	26	0	0	0	142	0
FFQ	131	0	0	0	0	0	0	0	0	0	0	0	0	6	0	0	0	0	0	0	0	0	0	1	0	0	0	0	3	0	0	0	0	11	0	0	0	0	20	0	0	0	144	0
FFQ	132	0	0	0	0	0	0	0	0	0	0	0	0	4	0	0	0	0	0	0	0	0	0	8	0	0	0	0	4	0	0	0	0	10	0	0	0	0	23	0	0	0	136	0
FFQ	133	0	0	0	0	0	0	0	0	0	0	0	0	4	0	0	0	0	0	0	0	0	0	2	0	0	0	0	8	0	0	0	0	6	0	0	0	0	25	0	0	0	140	0
FFQ	134	0	0	0	0	0	0	0	0	0	0	0	0	6	0	0	0	0	0	0	0	0	0	2	0	0	0	0	4	0	0	0	0	15	0	0	0	0	21	0	0	0	137	0
FFQ	135	0	0	0	0	0	0	0	0	0	0	0	0	8	0	0	0	0	0	0	0	0	0	5	0	0	0	0	3	0	0	0	0	11	0	0	0	0	23	0	0	0	135	0
FFQ	136	0	0	0	0	0	0	0	0	0	0	0	0	7	0	0	0	0	0	0	0	0	0	1	0	0	0	0	6	0	0	0	0	14	0	0	0	0	29	0	0	0	128	0
FFQ	137	0	0	0	0	0	0	0	0	0	0	0	0	9	0	0	0	0	0	0	0	0	0	2	0	0	0	0	5	0	0	0	0	5	0	0	0	0	31	0	0	0	133	0
FFQ	138	0	0	0	0	0	0	0	0	0	0	0	0	4	0	0	0	0	0	0	0	0	0	4	0	0	0	0	4	0	0	0	0	10	0	0	0	0	26	0	0	0	137	0
FFQ	139	0	0	0	0	0	0	0	0	0	0	0	0	3	0	0	0	0	0	0	0	0	0	5	0	0	0	0	3	0	0	0	0	11	0	0	0	0	28	0	0	0	135	0
FFQ	140	0	0	0	0	0	0	0	0	0	0	0	0	3	0	0	0	0	0	0	0	0	0	4	0	0	0	0	1	0	0	0	0	12	0	0	0	0	23	0	0	0	142	0
FFQ	141	0	0	0	0	0	0	0	0	0	0	0	0	1	0	0	0	0	0	0	0	0	0	2	0	0	0	0	3	0	0	0	0	14	0	0	0	0	29	0	0	0	136	0
FFQ	142	0	0	0	0	0	0	0	0	0	0	0	0	8	0	0	0	0	0	0	0	0	0	3	0	0	0	0	2	0	0	0	0	6	0	0	0	0	32	0	0	0	134	0
FFQ	143	0	0	0	0	0	0	0	0	0	0	0	0	6	0	0	0	0	0	0	0	0	0	5	0	0	0	0	3	0	0	0	0	7	0	0	0	0	27	0	0	0	137	0
FFQ	144	0	0	0	0	0	0	0	0	0	0	0	0	4	0	0	0	0	0	0	0	0	0	5	0	0	0	0	3	0	0	0	0	6	0	0	0	0	32	0	0	0	135	0
FFQ	145	0	0	0	0	0	0	0	0	0	0	0	0	3	0	0	0	0	0	0	0	0	0	2	0	0	0	0	9	0	0	0	0	9	0	0	0	0	27	0	0	0	135	0
FFQ	146	0	0	0	0	0	0	0	0	0	0	0	0	8	0	0	0	0	0	0	0	0	0	4	0	0	0	0	3	0	0	0	0	9	0	0	0	0	30	0	0	0	131	0
FFQ	147	0	0	0	0	0	0	0	0	0	0	0	0	5	0	0	0	0	0	0	0	0	0	5	0	0	0	0	4	0	0	0	0	8	0	0	0	0	26	0	0	0	137	0
FFQ	148	0	0	0	0	0	0	0	0	0	0	0	0	8	0	0	0	0	0	0	0	0	0	5	0	0	0	0	4	0	0	0	0	12	0	0	0	0	27	0	0	0	128	0
FFQ	149	0	0	0	0	0	0	0	0	0	0	0	0	6	0	0	0	0	0	0	0	0	0	6	0	0	0	0	6	0	0	0	0	12	0	0	0	0	32	0	0	0	120	0
FFQ	150	0	0	0	0	0	0	0	0	0	0	0	0	2	0	0	0	0	0	0	0	0	0	4	0	0	0	0	2	0	0	0	0	17	0	0	0	0	30	0	0	0	125	0
FFQ	151	0	0	0	0	0	0	0	0	0	0	0	0	0	0	0	0	0	0	0	0	0	0	7	0	0	0	0	7	0	0	0	0	18	0	0	0	0	45	0	0	0	91	0
# Last Fragment Qualities. Use `grep ^LFQ | cut -f 2-` to extract this part.
# Columns correspond to qualities and rows to cycles. First column is the cycle number.
LFQ	1	0	0	1	0	0	0	0	0	0	0	0	0	6	0	0	0	0	0	0	0	0	0	0	0	0	0	0	9	0	0	0	0	162	0	0	0	0	0	0	0	0	0	0
LFQ	2	0	0	0	0	0	0	0	0	0	0	0	0	6	0	0	0	0	0	0	0	0	0	0	0	0	0	0	11	0	0	0	0	161	0	0	0	0	0	0	0	0	0	0
LFQ	3	0	0	0	0	0	0	0	0	0	0	0	0	10	0	0	0	0	0	0	0	0	0	0	0	0	0	0	8	0	0	0	0	48	0	0	0	0	112	0	0	0	0	0
LFQ	4	0	0	0	0	0	0	0	0	0	0	0	0	9	0	0	0	0	0	0	0	0	0	1	0	0	0	0	4	0	0	0	0	19	0	0	0	0	145	0	0	0	0	0
LFQ	5	0	0	0	0	0	0	0	0	0	0	0	0	4	0	0	0	0	0	0	0	0	0	1	0	0	0	0	4	0	0	0	0	9	0	0	0	0	160	0	0	0	0	0
LFQ	6	0	0	0	0	0	0	0	0	0	0	0	0	3	0	0	0	0	0	0	0	0	0	0	0	0	0	0	4	0	0	0	0	13	0	0	0	0	28	0	0	0	130	0
LFQ	7	0	0	0	0	0	0	0	0	0	0	0	0	3	0	0	0	0	0	0	0	0	0	1	0	0	0	0	6	0	0	0	0	8	0	0	0	0	21	0	0	0	139	0
LFQ	8	0	0	0	0	0	0	0	0	0	0	0	0	5	0	0	0	0	0	0	0	0	0	1	0	0	0	0	3	0	0	0	0	10	0	0	0	0	24	0	0	0	135	0
LFQ	9	0	0	0	0	0	0	0	0	0	0	0	0	4	0	0	0	0	0	0	0	0	0	1	0	0	0	0	2	0	0	0	0	10	0	0	0	0	18	0	0	0	143	0
LFQ	10	0	0	0	0	0	0	0	0	0	0	0	0	5	0	0	0	0	0	0	0	0	0	1	0	0	0	0	3	0	0	0	0	1	0	0	0	0	23	0	0	0	145	0
LFQ	11	0	0	0	0	0	0	0	0	0	0	0	0	0	0	0	0	0	0	0	0	0	0	2	0	0	0	0	5	0	0	0	0	5	0	0	0	0	14	0	0	0	152	0
LFQ	12	0	0	0	0	0	0	0	0	0	0	0	0	3	0	0	0	0	0	0	0	0	0	1	0	0	0	0	2	0	0	0	0	10	0	0	0	0	17	0	0	0	145	0
LFQ	13	0	0	0	0	0	0	0	0	0	0	0	0	6	0	0	0	0	0	0	0	0	0	0	0	0	0	0	4	0	0	0	0	5	0	0	0	0	17	0	0	0	146	0
LFQ	14	0	0	0	0	0	0	0	0	0	0	0	0	4	0	0	0	0	0	0	0	0	0	2	0	0	0	0	1	0	0	0	0	6	0	0	0	0	21	0	0	0	144	0
LFQ	15	0	0	0	0	0	0	0	0	0	0	0	0	5	0	0	0	0	0	0	0	0	0	0	0	0	0	0	2	0	0	0	0	3	0	0	0	0	25	0	0	0	143	0
LFQ	16	0	0	0	0	0	0	0	0	0	0	0	0	4	0	0	0	0	0	0	0	0	0	1	0	0	0	0	4	0	0	0	0	0	0	0	0	0	17	0	0	0	152	0
LFQ	17	0	0	0	0	0	0	0	0	0	0	0	0	5	0	0	0	0	0	0	0	0	0	2	0	0	0	0	1	0	0	0	0	9	0	0	0	0	18	0	0	0	143	0
LFQ	18	0	0	0	0	0	0	0	0	0	0	0	0	7	0	0	0	0	0	0	0	0	0	4	0	0	0	0	1	0	0	0	0	2	0	0	0	0	20	0	0	0	144	0
LFQ	19	0	0	0	0	0	0	0	0	0	0	0	0	5	0	0	0	0	0	0	0	0	0	4	0	0	0	0	5	0	0	0	0	5	0	0	0	0	19	0	0	0	140	0
LFQ	20	0	0	0	0	0	0	0	0	0	0	0	0	5	0	0	0	0	0	0	0	0	0	3	0	0	0	0	3	0	0	0	0	5	0	0	0	0	15	0	0	0	147	0
LFQ	21	0	0	0	0	0	0	0	0	0	0	0	0	4	0	0	0	0	0	0	0	0	0	3	0	0	0	0	2	0	0	0	0	5	0	0	0	0	15	0	0	0	149	0
LFQ	22	0	0	0	0	0	0	0	0	0	0	0	0	6	0	0	0	0	0	0	0	0	0	4	0	0	0	0	7	0	0	0	0	3	0	0	0	0	22	0	0	0	136	0
LFQ	23	0	0	0	0	0	0	0	0	0	0	0	0	8	0	0	0	0	0	0	0	0	0	1	0	0	0	0	3	0	0	0	0	6	0	0	0	0	19	0	0	0	141	0
LFQ	24	0	0	0	0	0	0	0	0	0	0	0	0	4	0	0	0	0	0	0	0	0	0	5	0	0	0	0	2	0	0	0	0	5	0	0	0	0	12	0	0	0	150	0
LFQ	25	0	0	0	0	0	0	0	0	0	0	0	0	4	0	0	0	0	0	0	0	0	0	5	0	0	0	0	5	0	0	0	0	3	0	0	0	0	25	0	0	0	136	0
LFQ	26	0	0	0	0	0	0	0	0	0	0	0	0	5	0	0	0	0	0	0	0	0	0	1	0	0	0	0	4	0	0	0	0	4	0	0	0	0	27	0	0	0	137	0
LFQ	27	0	0	1	0	0	0	0	0	0	0	0	0	2	0	0	0	0	0	0	0	0	0	5	0	0	0	0	3	0	0	0	0	5	0	0	0	0	19	0	0	0	143	0
LFQ	28	0	0	0	0	0	0	0	0	0	0	0	0	3	0	0	0	0	0	0	0	0	0	4	0	0	0	0	3	0	0	0	0	12	0	0	0	0	21	0	0	0	135	0
LFQ	29	0	0	0	0	0	0	0	0	0	0	0	0	7	0	0	0	0	0	0	0	0	0	1	0	0	0	0	5	0	0	0	0	4	0	0	0	0	22	0	0	0	139	0
LFQ	30	0	0	0	0	0	0	0	0	0	0	0	0	2	0	0	0	0	0	0	0	0	0	5	0	0	0	0	3	0	0	0	0	5	0	0	0	0	25	0	0	0	138	0
LFQ	31	0	0	0	0	0	0	0	0	0	0	0	0	7	0	0	0	0	0	0	0	0	0	2	0	0	0	0	4	0	0	0	0	5	0	0	0	0	16	0	0	0	144	0
LFQ	32	0	0	0	0	0	0	0	0	0	0	0	0	6	0	0	0	0	0	0	0	0	0	3	0	0	0	0	3	0	0	0	0	2	0	0	0	0	18	0	0	0	146	0
LFQ	33	0	0	0	0	0	0	0	0	0	0	0	0	2	0	0	0	0	0	0	0	0	0	3	0	0	0	0	6	0	0	0	0	4	0	0	0	0	14	0	0	0	149	0
LFQ	34	0	0	0	0	0	0	0	0	0	0	0	0	3	0	0	0	0	0	0	0	0	0	4	0	0	0	0	1	0	0	0	0	5	0	0	0	0	15	0	0	0	150	0
LFQ	35	0	0	0	0	0	0	0	0	0	0	0	0	4	0	0	0	0	0	0	0	0	0	0	0	0	0	0	5	0	0	0	0	4	0	0	0	0	19	0	0	0	146	0
LFQ	36	0	0	0	0	0	0	0	0	0	0	0	0	7	0	0	0	0	0	0	0	0	0	1	0	0	0	0	5	0	0	0	0	7	0	0	0	0	24	0	0	0	134	0
LFQ	37	0	0	0	0	0	0	0	0	0	0	0	0	8	0	0	0	0	0	0	0	0	0	1	0	0	0	0	7	0	0	0	0	7	0	0	0	0	25	0	0	0	130	0
LFQ	38	0	0	0	0	0	0	0	0	0	0	0	0	7	0	0	0	0	0	0	0	0	0	5	0	0	0	0	5	0	0	0	0	8	0	0	0	0	24	0	0	0	129	0
LFQ	39	0	0	0	0	0	0	0	0	0	0	0	0	5	0	0	0	0	0	0	0	0	0	2	0	0	0	0	6	0	0	0	0	9	0	0	0	0	22	0	0	0	134	0
LFQ	40	0	0	0	0	0	0	0	0	0	0	0	0	5	0	0	0	0	0	0	0	0	0	4	0	0	0	0	3	0	0	0	0	8	0	0	0	0	28	0	0	0	130	0
LFQ	41	0	0	0	0	0	0	0	0	0	0	0	0	4	0	0	0	0	0	0	0	0	0	5	0	0	0	0	7	0	0	0	0	3	0	0	0	0	15	0	0	0	144	0
LFQ	42	0	0	0	0	0	0	0	0	0	0	0	0	2	0	0	0	0	0	0	0	0	0	2	0	0	0	0	5	0	0	0	0	5	0	0	0	0	28	0	0	0	136	0
LFQ	43	0	0	0	0	0	0	0	0	0	0	0	0	1	0	0	0	0	0	0	0	0	0	2	0	0	0	0	9	0	0	0	0	6	0	0	0	0	23	0	0	0	137	0
LFQ	44	0	0	0	0	0	0	0	0	0	0	0	0	6	0	0	0	0	0	0	0	0	0	5	0	0	0	0	4	0	0	0	0	7	0	0	0	0	23	0	0	0	133	0
LFQ	45	0	0	0	0	0	0	0	0	0	0	0	0	4	0	0	0	0	0	0	0	0	0	2	0	0	0	0	6	0	0	0	0	12	0	0	0	0	25	0	0	0	129	0
LFQ	46	0	0	0	0	0	0	0	0	0	0	0	0	7	0	0	0	0	0	0	0	0	0	4	0	0	0	0	6	0	0	0	0	6	0	0	0	0	19	0	0	0	136	0
LFQ	47	0	0	0	0	0	0	0	0	0	0	0	0	5	0	0	0	0	0	0	0	0	0	2	0	0	0	0	13	0	0	0	0	4	0	0	0	0	29	0	0	0	125	0
LFQ	48	0	0	0	0	0	0	0	0	0	0	0	0	3	0	0	0	0	0	0	0	0	0	5	0	0	0	0	7	0	0	0	0	10	0	0	0	0	25	0	0	0	128	0
LFQ	49	0	0	0	0	0	0	0	0	0	0	0	0	1	0	0	0	0	0	0	0	0	0	4	0	0	0	0	5	0	0	0	0	9	0	0	0	0	34	0	0	0	125	0
LFQ	50	0	0	0	0	0	0	0	0	0	0	0	0	6	0	0	0	0	0	0	0	0	0	1	0	0	0	0	4	0	0	0	0	2	0	0	0	0	31	0	0	0	134	0
LFQ	51	0	0	0	0	0	0	0	0	0	0	0	0	8	0	0	0	0	0	0	0	0	0	3	0	0	0	0	3	0	0	0	0	6	0	0	0	0	27	0	0	0	131	0
LFQ	52	0	0	0	0	0	0	0	0	0	0	0	0	8	0	0	0	0	0	0	0	0	0	6	0	0	0	0	5	0	0	0	0	2	0	0	0	0	27	0	0	0	130	0
LFQ	53	0	0	0	0	0	0	0	0	0	0	0	0	8	0	0	0	0	0	0	0	0	0	2	0	0	0	0	4	0	0	0	0	11	0	0	0	0	26	0	0	0	127	0
LFQ	54	0	0	0	0	0	0	0	0	0	0	0	0	7	0	0	0	0	0	0	0	0	0	1	0	0	0	0	8	0	0	0	0	11	0	0	0	0	15	0	0	0	136	0
LFQ	55	0	0	0	0	0	0	0	0	0	0	0	0	4	0	0	0	0	0	0	0	0	0	3	0	0	0	0	2	0	0	0	0	13	0	0	0	0	21	0	0	0	135	0
LFQ	56	0	0	0	0	0	0	0	0	0	0	0	0	5	0	0	0	0	0	0	0	0	0	5	0	0	0	0	8	0	0	0	0	8	0	0	0	0	24	0	0	0	128	0
LFQ	57	0	0	0	0	0	0	0	0	0	0	0	0	2	0	0	0	0	0	0	0	0	0	1	0	0	0	0	6	0	0	0	0	10	0	0	0	0	20	0	0	0	139	0
LFQ	58	0	0	0	0	0	0	0	0	0	0	0	0	5	0	0	0	0	0	0	0	0	0	6	0	0	0	0	8	0	0	0	0	7	0	0	0	0	20	0	0	0	132	0
LFQ	59	0	0	0	0	0	0	0	0	0	0	0	0	3	0	0	0	0	0	0	0	0	0	8	0	0	0	0	4	0	0	0	0	8	0	0	0	0	21	0	0	0	134	0
LFQ	60	0	0	0	0	0	0	0	0	0	0	0	0	2	0	0	0	0	0	0	0	0	0	3	0	0	0	0	4	0	0	0	0	14	0	0	0	0	18	0	0	0	137	0
LFQ	61	0	0	0	0	0	0	0	0	0	0	0	0	6	0	0	0	0	0	0	0	0	0	3	0	0	0	0	3	0	0	0	0	11	0	0	0	0	21	0	0	0	134	0
LFQ	62	0	0	0	0	0	0	0	0	0	0	0	0	3	0	0	0	0	0	0	0	0	0	4	0	0	0	0	3	0	0	0	0	9	0	0	0	0	24	0	0	0	135	0
LFQ	63	0	0	0	0	0	0	0	0	0	0	0	0	7	0	0	0	0	0	0	0	0	0	3	0	0	0	0	7	0	0	0	0	8	0	0	0	0	15	0	0	0	138	0
LFQ	64	0	0	0	0	0	0	0	0	0	0	0	0	9	0	0	0	0	0	0	0	0	0	6	0	0	0	0	3	0	0	0	0	4	0	0	0	0	21	0	0	0	135	0
LFQ	65	0	0	0	0	0	0	0	0	0	0	0	0	6	0	0	0	0	0	0	0	0	0	5	0	0	0	0	4	0	0	0	0	9	0	0	0	0	16	0	0	0	138	0
LFQ	66	0	0	0	0	0	0	0	0	0	0	0	0	7	0	0	0	0	0	0	0	0	0	4	0	0	0	0	10	0	0	0	0	4	0	0	0	0	20	0	0	0	133	0
LFQ	67	0	0	0	0	0	0	0	0	0	0	0	0	6	0	0	0	0	0	0	0	0	0	8	0	0	0	0	5	0	0	0	0	7	0	0	0	0	21	0	0	0	131	0
LFQ	68	0	0	0	0	0	0	0	0	0	0	0	0	7	0	0	0	0	0	0	0	0	0	2	0	0	0	0	6	0	0	0	0	10	0	0	0	0	22	0	0	0	131	0
LFQ	69	0	0	0	0	0	0	0	0	0	0	0	0	7	0	0	0	0	0	0	0	0	0	2	0	0	0	0	10	0	0	0	0	6	0	0	0	0	28	0	0	0	125	0
LFQ	70	0	0	0	0	0	0	0	0	0	0	0	0	6	0	0	0	0	0	0	0	0	0	3	0	0	0	0	5	0	0	0	0	9	0	0	0	0	24	0	0	0	131	0
LFQ	71	0	0	0	0	0	0	0	0	0	0	0	0	2	0	0	0	0	0	0	0	0	0	2	0	0	0	0	4	0	0	0	0	8	0	0	0	0	24	0	0	0	138	0
LFQ	72	0	0	0	0	0	0	0	0	0	0	0	0	2	0	0	0	0	0	0	0	0	0	4	0	0	0	0	4	0	0	0	0	7	0	0	0	0	28	0	0	0	133	0
LFQ	73	0	0	0	0	0	0	0	0	0	0	0	0	3	0	0	0	0	0	0	0	0	0	2	0	0	0	0	4	0	0	0	0	6	0	0	0	0	19	0	0	0	144	0
LFQ	74	0	0	0	0	0	0	0	0	0	0	0	0	5	0	0	0	0	0	0	0	0	0	3	0	0	0	0	6	0	0	0	0	12	0	0	0	0	18	0	0	0	134	0
LFQ	75	0	0	0	0	0	0	0	0	0	0	0	0	2	0	0	0	0	0	0	0	0	0	4	0	0	0	0	6	0	0	0	0	7	0	0	0	0	16	0	0	0	143	0
LFQ	76	0	0	0	0	0	0	0	0	0	0	0	0	6	0	0	0	0	0	0	0	0	0	4	0	0	0	0	2	0	0	0	0	6	0	0	0	0	27	0	0	0	133	0
LFQ	77	0	0	0	0	0	0	0	0	0	0	0	0	7	0	0	0	0	0	0	0	0	0	4	0	0	0	0	5	0	0	0	0	18	0	0	0	0	43	0	0	0	101	0
LFQ	78	0	0	0	0	0	0	0	0	0	0	0	0	6	0	0	0	0	0	0	0	0	0	3	0	0	0	0	2	0	0	0	0	9	0	0	0	0	34	0	0	0	124	0
LFQ	79	0	0	0	0	0	0	0	0	0	0	0	0	2	0	0	0	0	0	0	0	0	0	2	0	0	0	0	4	0	0	0	0	11	0	0	0	0	31	0	0	0	128	0
LFQ	80	0	0	0	0	0	0	0	0	0	0	0	0	5	0	0	0	0	0	0	0	0	0	3	0	0	0	0	2	0	0	0	0	12	0	0	0	0	19	0	0	0	137	0
LFQ	81	0	0	0	0	0	0	0	0	0	0	0	0	7	0	0	0	0	0	0	0	0	0	4	0	0	0	0	1	0	0	0	0	6	0	0	0	0	20	0	0	0	140	0
LFQ	82	0	0	0	0	0	0	0	0	0	0	0	0	7	0	0	0	0	0	0	0	0	0	6	0	0	0	0	2	0	0	0	0	2	0	0	0	0	27	0	0	0	134	0
LFQ	83	0	0	0	0	0	0	0	0	0	0	0	0	5	0	0	0	0	0	0	0	0	0	4	0	0	0	0	3	0	0	0	0	9	0	0	0	0	18	0	0	0	139	0
LFQ	84	0	0	0	0	0	0	0	0	0	0	0	0	4	0	0	0	0	0	0	0	0	0	4	0	0	0	0	4	0	0	0	0	5	0	0	0	0	25	0	0	0	136	0
LFQ	85	0	0	0	0	0	0	0	0	0	0	0	0	3	0	0	0	0	0	0	0	0	0	0	0	0	0	0	8	0	0	0	0	8	0	0	0	0	20	0	0	0	139	0
LFQ	86	0	0	0	0	0	0	0	0	0	0	0	0	3	0	0	0	0	0	0	0	0	0	8	0	0	0	0	4	0	0	0	0	3	0	0	0	0	16	0	0	0	144	0
LFQ	87	0	0	0	0	0	0	0	0	0	0	0	0	7	0	0	0	0	0	0	0	0	0	4	0	0	0	0	0	0	0	0	0	5	0	0	0	0	26	0	0	0	136	0
LFQ	88	0	0	0	0	0	0	0	0	0	0	0	0	11	0	0	0	0	0	0	0	0	0	2	0	0	0	0	1	0	0	0	0	12	0	0	0	0	18	0	0	0	134	0
LFQ	89	0	0	0	0	0	0	0	0	0	0	0	0	5	0	0	0	0	0	0	0	0	0	2	0	0	0	0	7	0	0	0	0	9	0	0	0	0	21	0	0	0	134	0
LFQ	90	0	0	0	0	0	0	0	0	0	0	0	0	5	0	0	0	0	0	0	0	0	0	7	0	0	0	0	9	0	0	0	0	8	0	0	0	0	18	0	0	0	131	0
LFQ	91	0	0	0	0	0	0	0	0	0	0	0	0	5	0	0	0	0	0	0	0	0	0	0	0	0	0	0	8	0	0	0	0	9	0	0	0	0	26	0	0	0	130	0
LFQ	92	0	0	0	0	0	0	0	0	0	0	0	0	5	0	0	0	0	0	0	0	0	0	3	0	0	0	0	2	0	0	0	0	8	0	0	0	0	13	0	0	0	147	0
LFQ	93	0	0	0	0	0	0	0	0	0	0	0	0	4	0	0	0	0	0	0	0	0	0	8	0	0	0	0	5	0	0	0	0	10	0	0	0	0	13	0	0	0	138	0
LFQ	94	0	0	0	0	0	0	0	0	0	0	0	0	10	0	0	0	0	0	0	0	0	0	4	0	0	0	0	5	0	0	0	0	7	0	0	0	0	20	0	0	0	132	0
LFQ	95	0	0	0	0	0	0	0	0	0	0	0	0	7	0	0	0	0	0	0	0	0	0	2	0	0	0	0	7	0	0	0	0	10	0	0	0	0	25	0	0	0	127	0
LFQ	96	0	0	0	0	0	0	0	0	0	0	0	0	6	0	0	0	0	0	0	0	0	0	4	0	0	0	0	6	0	0	0	0	7	0	0	0	0	25	0	0	0	130	0
LFQ	97	0	0	0	0	0	0	0	0	0	0	0	0	6	0	0	0	0	0	0	0	0	0	3	0	0	0	0	2	0	0	0	0	11	0	0	0	0	23	0	0	0	133	0
LFQ	98	0	0	0	0	0	0	0	0	0	0	0	0	3	0	0	0	0	0	0	0	0	0	7	0	0	0	0	5	0	0	0	0	12	0	0	0	0	33	0	0	0	118	0
LFQ	99	0	0	0	0	0	0	0	0	0	0	0	0	4	0	0	0	0	0	0	0	0	0	3	0	0	0	0	3	0	0	0	0	14	0	0	0	0	26	0	0	0	128	0
LFQ	100	0	0	0	0	0	0	0	0	0	0	0	0	7	0	0	0	0	0	0	0	0	0	1	0	0	0	0	3	0	0	0	0	10	0	0	0	0	22	0	0	0	135	0
LFQ	101	0	0	0	0	0	0	0	0	0	0	0	0	6	0	0	0	0	0	0	0	0	0	2	0	0	0	0	6	0	0	0	0	9	0	0	0	0	21	0	0	0	134	0
LFQ	102	0	0	0	0	0	0	0	0	0	0	0	0	5	0	0	0	0	0	0	0	0	0	6	0	0	0	0	5	0	0	0	0	9	0	0	0	0	19	0	0	0	134	0
LFQ	103	0	0	0	0	0	0	0	0	0	0	0	0	7	0	0	0	0	0	0	0	0	0	4	0	0	0	0	1	0	0	0	0	9	0	0	0	0	19	0	0	0	138	0
LFQ	104	0	0	0	0	0	0	0	0	0	0	0	0	4	0	0	0	0	0	0	0	0	0	4	0	0	0	0	3	0	0	0	0	11	0	0	0	0	23	0	0	0	133	0
LFQ	105	0	0	0	0	0	0	0	0	0	0	0	0	3	0	0	0	0	0	0	0	0	0	5	0	0	0	0	7	0	0	0	0	5	0	0	0	0	18	0	0	0	140	0
LFQ	106	0	0	0	0	0	0	0	0	0	0	0	0	6	0	0	0	0	0	0	0	0	0	2	0	0	0	0	8	0	0	0	0	7	0	0	0	0	25	0	0	0	130	0
LFQ	107	0	0	0	0	0	0	0	0	0	0	0	0	3	0	0	0	0	0	0	0	0	0	3	0	0	0	0	4	0	0	0	0	13	0	0	0	0	19	0	0	0	136	0
LFQ	108	0	0	0	0	0	0	0	0	0	0	0	0	3	0	0	0	0	0	0	0	0	0	4	0	0	0	0	5	0	0	0	0	10	0	0	0	0	19	0	0	0	137	0
LFQ	109	0	0	0	0	0	0	0	0	0	0	0	0	2	0	0	0	0	0	0	0	0	0	2	0	0	0	0	6	0	0	0	0	12	0	0	0	0	28	0	0	0	128	0
LFQ	110	0	0	1	0	0	0	0	0	0	0	0	0	6	0	0	0	0	0	0	0	0	0	3	0	0	0	0	4	0	0	0	0	13	0	0	0	0	27	0	0	0	124	0
LFQ	111	0	0	0	0	0	0	0	0	0	0	0	0	11	0	0	0	0	0	0	0	0	0	2	0	0	0	0	1	0	0	0	0	12	0	0	0	0	34	0	0	0	118	0
LFQ	112	0	0	0	0	0	0	0	0	0	0	0	0	5	0	0	0	0	0	0	0	0	0	7	0	0	0	0	4	0	0	0	0	5	0	0	0	0	28	0	0	0	129	0
LFQ	113	0	0	0	0	0	0	0	0	0	0	0	0	5	0	0	0	0	0	0	0	0	0	7	0	0	0	0	2	0	0	0	0	9	0	0	0	0	20	0	0	0	135	0
LFQ	114	0	0	0	0	0	0	0	0	0	0	0	0	3	0	0	0	0	0	0	0	0	0	5	0	0	0	0	5	0	0	0	0	10	0	0	0	0	27	0	0	0	128	0
LFQ	115	0	0	0	0	0	0	0	0	0	0	0	0	3	0	0	0	0	0	0	0	0	0	9	0	0	0	0	8	0	0	0	0	8	0	0	0	0	29	0	0	0	121	0
LFQ	116	0	0	0	0	0	0	0	0	0	0	0	0	2	0	0	0	0	0	0	0	0	0	2	0	0	0	0	6	0	0	0	0	8	0	0	0	0	39	0	0	0	121	0
LFQ	117	0	0	0	0	0	0	0	0	0	0	0	0	4	0	0	0	0	0	0	0	0	0	4	0	0	0	0	8	0	0	0	0	13	0	0	0	0	24	0	0	0	125	0
LFQ	118	0	0	0	0	0	0	0	0	0	0	0	0	8	0	0	0	0	0	0	0	0	0	6	0	0	0	0	3	0	0	0	0	10	0	0	0	0	37	0	0	0	114	0
LFQ	119	0	0	0	0	0	0	0	0	0	0	0	0	6	0	0	0	0	0	0	0	0	0	9	0	0	0	0	7	0	0	0	0	6	0	0	0	0	32	0	0	0	118	0
LFQ	120	0	0	0	0	0	0	0	0	0	0	0	0	11	0	0	0	0	0	0	0	0	0	0	0	0	0	0	8	0	0	0	0	7	0	0	0	0	37	0	0	0	115	0
LFQ	121	0	0	0	0	0	0	0	0	0	0	0	0	8	0	0	0	0	0	0	0	0	0	5	0	0	0	0	7	0	0	0	0	7	0	0	0	0	28	0	0	0	123	0
LFQ	122	0	0	0	0	0	0	0	0	0	0	0	0	8	0	0	0	0	0	0	0	0	0	4	0	0	0	0	6	0	0	0	0	3	0	0	0	0	26	0	0	0	131	0
LFQ	123	0	0	0	0	0	0	0	0	0	0	0	0	7	0	0	0	0	0	0	0	0	0	5	0	0	0	0	2	0	0	0	0	10	0	0	0	0	38	0	0	0	116	0
LFQ	124	0	0	0	0	0	0	0	0	0	0	0	0	9	0	0	0	0	0	0	0	0	0	4	0	0	0	0	4	0	0	0	0	13	0	0	0	0	27	0	0	0	121	0
LFQ	125	0	0	0	0	0	0	0	0	0	0	0	0	9	0	0	0	0	0	0	0	0	0	3	0	0	0	0	6	0	0	0	0	11	0	0	0	0	39	0	0	0	110	0
LFQ	126	0	0	0	0	0	0	0	0	0	0	0	0	8	0	0	0	0	0	0	0	0	0	4	0	0	0	0	7	0	0	0	0	15	0	0	0	0	33	0	0	0	111	0
LFQ	127	0	0	0	0	0	0	0	0	0	0	0	0	4	0	0	0	0	0	0	0	0	0	10	0	0	0	0	7	0	0	0	0	14	0	0	0	0	36	0	0	0	107	0
LFQ	128	0	0	0	0	0	0	0	0	0	0	0	0	11	0	0	0	0	0	0	0	0	0	5	0	0	0	0	9	0	0	0	0	9	0	0	0	0	36	0	0	0	108	0
LFQ	129	0	0	0	0	0	0	0	0	0	0	0	0	11	0	0	0	0	0	0	0	0	0	6	0	0	0	0	7	0	0	0	0	9	0	0	0	0	37	0	0	0	108	0
LFQ	130	0	0	0	0	0	0	0	0	0	0	0	0	9	0	0	0	0	0	0	0	0	0	4	0	0	0	0	9	0	0	0	0	19	0	0	0	0	37	0	0	0	100	0
LFQ	131	0	0	0	0	0	0	0	0	2	0	0	0	10	0	0	0	0	0	0	0	0	0	9	0	0	0	0	8	0	0	0	0	16	0	0	0	0	28	0	0	0	105	0
LFQ	132	0	0	0	0	0	0	0	0	2	0	0	0	8	0	0	0	0	0	0	0	0	0	3	0	0	0	0	5	0	0	0	0	18	0	0	0	0	31	0	0	0	111	0
LFQ	133	0	0	0	0	0	0	0	0	1	0	0	0	8	0	0	0	0	0	0	0	0	0	7	0	0	0	0	9	0	0	0	0	17	0	0	0	0	33	0	0	0	103	0
LFQ	134	0	0	0	0	0	0	0	0	2	0	0	0	9	0	0	0	0	0	0	0	0	0	6	0	0	0	0	8	0	0	0	0	16	0	0	0	0	36	0	0	0	101	0
LFQ	135	0	0	0	0	0	0	0	0	0	0	0	0	8	0	0	0	0	0	0	0	0	0	7	0	0	0	0	6	0	0	0	0	21	0	0	0	0	32	0	0	0	104	0
LFQ	136	0	0	0	0	0	0	0	0	3	0	0	0	10	0	0	0	0	0	0	0	0	0	7	0	0	0	0	6	0	0	0	0	16	0	0	0	0	39	0	0	0	97	0
LFQ	137	0	0	0	0	0	0	0	0	1	0	0	0	12	0	0	0	0	0	0	0	0	0	10	0	0	0	0	3	0	0	0	0	21	0	0	0	0	32	0	0	0	99	0
LFQ	138	0	0	0	0	0	0	0	0	3	0	0	0	7	0	0	0	0	0	0	0	0	0	7	0	0	0	0	10	0	0	0	0	28	0	0	0	0	28	0	0	0	95	0
LFQ	139	0	0	0	0	0	0	0	0	2	0	0	0	12	0	0	0	0	0	0	0	0	0	6	0	0	0	0	8	0	0	0	0	14	0	0	0	0	39	0	0	0	97	0
LFQ	140	0	0	0	0	0	0	0	0	2	0	0	0	16	0	0	0	0	0	0	0	0	0	7	0	0	0	0	3	0	0	0	0	12	0	0	0	0	38	0	0	0	100	0
LFQ	141	0	0	0	0	0	0	0	0	5	0	0	0	10	0	0	0	0	0	0	0	0	0	9	0	0	0	0	13	0	0	0	0	23	0	0	0	0	26	0	0	0	92	0
LFQ	142	0	0	0	0	0	0	0	0	1	0	0	0	12	0	0	0	0	0	0	0	0	0	5	0	0	0	0	13	0	0	0	0	26	0	0	0	0	22	0	0	0	99	0
LFQ	143	0	0	0	0	0	0	0	0	4	0	0	0	9	0	0	0	0	0	0	0	0	0	10	0	0	0	0	11	0	0	0	0	19	0	0	0	0	24	0	0	0	101	0
LFQ	144	0	0	0	0	0	0	0	0	2	0	0	0	8	0	0	0	0	0	0	0	0	0	5	0	0	0	0	11	0	0	0	0	18	0	0	0	0	38	0	0	0	96	0
LFQ	145	0	0	0	0	0	0	0	0	2	0	0	0	16	0	0	0	0	0	0	0	0	0	11	0	0	0	0	10	0	0	0	0	20	0	0	0	0	26	0	0	0	93	0
LFQ	146	0	0	0	0	0	0	0	0	1	0	0	0	13	0	0	0	0	0	0	0	0	0	6	0	0	0	0	9	0	0	0	0	26	0	0	0	0	34	0	0	0	89	0
LFQ	147	0	0	0	0	0	0	0	0	2	0	0	0	13	0	0	0	0	0	0	0	0	0	7	0	0	0	0	15	0	0	0	0	16	0	0	0	0	25	0	0	0	99	0
LFQ	148	0	0	0	0	0	0	0	0	2	0	0	0	11	0	0	0	0	0	0	0	0	0	8	0	0	0	0	11	0	0	0	0	21	0	0	0	0	30	0	0	0	94	0
LFQ	149	0	0	0	0	0	0	0	0	0	0	0	0	11	0	0	0	0	0	0	0	0	0	6	0	0	0	0	10	0	0	0	0	19	0	0	0	0	31	0	0	0	96	0
LFQ	150	0	0	0	0	0	0	0	0	0	0	0	0	5	0	0	0	0	0	0	0	0	0	8	0	0	0	0	19	0	0	0	0	21	0	0	0	0	30	0	0	0	85	0
LFQ	151	0	0	0	0	0	0	0	0	0	0	0	0	0	0	0	0	0	0	0	0	0	0	16	0	0	0	0	21	0	0	0	0	25	0	0	0	0	33	0	0	0	55	0
# GC Content of first fragments. Use `grep ^GCF | cut -f 2-` to extract this part.
GCF	9.05	0
GCF	18.84	1
GCF	20.35	0
GCF	21.36	1
GCF	21.86	2
GCF	22.61	1
GCF	23.37	0
GCF	23.87	1
GCF	24.62	3
GCF	25.38	1
GCF	25.88	4
GCF	26.38	2
GCF	27.14	3
GCF	27.89	11
GCF	28.39	9
GCF	28.89	4
GCF	29.40	3
GCF	29.90	4
GCF	30.40	6
GCF	30.90	3
GCF	31.41	2
GCF	31.91	8
GCF	32.41	1
GCF	32.91	13
GCF	33.42	16
GCF	33.92	7
GCF	34.42	6
GCF	34.92	11
GCF	35.43	9
GCF	35.93	18
GCF	36.43	7
GCF	36.93	12
GCF	37.44	11
GCF	37.94	3
GCF	38.94	9
GCF	39.95	6
GCF	40.45	3
GCF	40.95	2
GCF	41.46	1
GCF	41.96	3
GCF	42.46	1
GCF	43.72	0
GCF	44.97	1
GCF	45.73	0
GCF	46.48	3
GCF	46.98	1
GCF	47.99	0
GCF	49.75	1
GCF	51.51	0
GCF	52.51	1
GCF	54.27	0
GCF	56.03	1
# GC Content of last fragments. Use `grep ^GCL | cut -f 2-` to extract this part.
GCL	8.04	0
GCL	16.58	1
GCL	18.34	0
GCL	19.85	1
GCL	20.85	2
GCL	21.86	0
GCL	22.36	2
GCL	23.12	1
GCL	24.37	0
GCL	25.38	2
GCL	25.88	4
GCL	26.88	2
GCL	27.89	5
GCL	28.39	7
GCL	28.89	3
GCL	29.65	5
GCL	30.40	4
GCL	30.90	11
GCL	31.41	14
GCL	31.91	12
GCL	32.41	9
GCL	33.17	7
GCL	33.92	6
GCL	34.42	4
GCL	34.92	12
GCL	35.68	10
GCL	36.43	12
GCL	37.19	6
GCL	37.94	5
GCL	38.44	3
GCL	39.20	5
GCL	39.95	3
GCL	40.45	5
GCL	40.95	4
GCL	41.71	5
GCL	42.71	3
GCL	44.22	2
GCL	45.48	3
GCL	45.98	2
GCL	48.24	0
GCL	50.75	1
GCL	51.76	0
GCL	52.51	1
# ACGT content per cycle. Use `grep ^GCC | cut -f 2-` to extract this part. The columns are: cycle; A,C,G,T base counts as a percentage of all A/C/G/T bases [%]; and N and O counts as a percentage of all A/C/G/T bases [%]
GCC	1	29.64	18.28	20.22	31.86	0.55	0.00
GCC	2	30.58	17.36	18.73	33.33	0.00	0.00
GCC	3	33.88	17.36	16.25	32.51	0.00	0.00
GCC	4	36.64	17.08	15.15	31.13	0.00	0.00
GCC	5	31.68	17.63	15.43	35.26	0.00	0.00
GCC	6	32.51	16.53	16.80	34.16	0.00	0.00
GCC	7	34.16	15.43	15.98	34.44	0.00	0.00
GCC	8	34.99	15.98	14.88	34.16	0.00	0.00
GCC	9	29.48	18.73	17.63	34.16	0.00	0.00
GCC	10	38.57	14.88	15.70	30.85	0.00	0.00
GCC	11	32.23	18.73	18.73	30.30	0.00	0.00
GCC	12	30.30	16.80	20.94	31.96	0.00	0.00
GCC	13	30.85	19.28	19.83	30.03	0.00	0.00
GCC	14	36.36	12.40	19.01	32.23	0.00	0.00
GCC	15	37.19	16.53	15.98	30.30	0.00	0.00
GCC	16	31.96	17.36	19.28	31.40	0.00	0.00
GCC	17	29.75	18.46	22.59	29.20	0.00	0.00
GCC	18	36.64	16.53	13.50	33.33	0.00	0.00
GCC	19	36.09	19.56	15.70	28.65	0.00	0.00
GCC	20	33.06	18.73	13.77	34.44	0.00	0.00
GCC	21	32.51	14.88	17.36	35.26	0.00	0.00
GCC	22	31.40	20.66	15.70	32.23	0.00	0.00
GCC	23	30.85	18.46	14.60	36.09	0.00	0.00
GCC	24	34.71	19.56	13.77	31.96	0.00	0.00
GCC	25	36.09	16.80	15.70	31.40	0.00	0.00
GCC	26	35.26	17.08	11.85	35.81	0.00	0.00
GCC	27	30.66	19.34	16.57	33.43	0.28	0.00
GCC	28	38.57	15.15	14.88	31.40	0.00	0.00
GCC	29	30.85	17.36	16.25	35.54	0.00	0.00
GCC	30	33.61	17.08	16.53	32.78	0.00	0.00
GCC	31	27.55	20.11	18.18	34.16	0.00	0.00
GCC	32	30.03	17.91	15.70	36.36	0.00	0.00
GCC	33	32.23	19.83	19.83	28.10	0.00	0.00
GCC	34	27.27	14.60	21.21	36.91	0.00	0.00
GCC	35	35.81	15.98	18.73	29.48	0.00	0.00
GCC	36	32.51	19.83	18.18	29.48	0.00	0.00
GCC	37	35.81	15.70	15.15	33.33	0.00	0.00
GCC	38	29.20	17.63	18.73	34.44	0.00	0.00
GCC	39	32.51	15.15	19.01	33.33	0.00	0.00
GCC	40	33.33	16.80	15.98	33.88	0.00	0.00
GCC	41	33.61	16.80	16.53	33.06	0.00	0.00
GCC	42	28.37	15.70	20.66	35.26	0.00	0.00
GCC	43	36.09	18.46	16.25	29.20	0.00	0.00
GCC	44	31.77	12.43	18.51	37.29	0.28	0.00
GCC	45	31.13	20.11	15.98	32.78	0.00	0.00
GCC	46	33.33	19.83	16.53	30.30	0.00	0.00
GCC	47	33.88	17.91	18.73	29.48	0.00	0.00
GCC	48	33.88	16.80	19.28	30.03	0.00	0.00
GCC	49	38.02	17.91	15.43	28.65	0.00	0.00
GCC	50	30.58	17.63	18.73	33.06	0.00	0.00
GCC	51	30.58	15.43	21.21	32.78	0.00	0.00
GCC	52	34.44	16.80	14.33	34.44	0.00	0.00
GCC	53	35.26	14.60	15.98	34.16	0.00	0.00
GCC	54	29.48	17.36	17.63	35.54	0.00	0.00
GCC	55	35.81	14.60	20.94	28.65	0.00	0.00
GCC	56	36.91	19.01	18.18	25.90	0.00	0.00
GCC	57	31.13	12.40	18.18	38.29	0.00	0.00
GCC	58	30.30	16.25	18.73	34.71	0.00	0.00
GCC	59	31.96	16.80	17.63	33.61	0.00	0.00
GCC	60	38.02	16.80	15.98	29.20	0.00	0.00
GCC	61	37.19	18.18	13.22	31.40	0.00	0.00
GCC	62	30.30	15.98	19.28	34.44	0.00	0.00
GCC	63	34.71	15.98	17.63	31.68	0.00	0.00
GCC	64	34.44	19.01	15.15	31.40	0.00	0.00
GCC	65	31.96	14.05	20.11	33.88	0.00	0.00
GCC	66	33.61	17.91	18.46	30.03	0.00	0.00
GCC	67	38.29	17.08	13.22	31.40	0.00	0.00
GCC	68	32.78	15.43	17.08	34.71	0.00	0.00
GCC	69	37.74	15.70	18.46	28.10	0.00	0.00
GCC	70	32.23	19.01	14.60	34.16	0.00	0.00
GCC	71	36.09	15.98	19.01	28.93	0.00	0.00
GCC	72	28.37	13.77	21.76	36.09	0.00	0.00
GCC	73	32.51	15.15	19.01	33.33	0.00	0.00
GCC	74	32.51	14.60	16.53	36.36	0.00	0.00
GCC	75	32.51	15.15	21.49	30.85	0.00	0.00
GCC	76	31.96	16.25	17.91	33.88	0.00	0.00
GCC	77	30.85	13.77	17.63	37.74	0.00	0.00
GCC	78	38.29	13.77	15.98	31.96	0.00	0.00
GCC	79	34.71	18.46	15.98	30.85	0.00	0.00
GCC	80	36.36	17.36	18.18	28.10	0.00	0.00
GCC	81	30.85	17.08	18.73	33.33	0.00	0.00
GCC	82	31.68	16.80	17.63	33.88	0.00	0.00
GCC	83	31.40	17.36	11.85	39.39	0.00	0.00
GCC	84	30.85	13.50	19.56	36.09	0.00	0.00
GCC	85	33.61	13.50	17.91	34.99	0.00	0.00
GCC	86	32.78	19.56	14.05	33.61	0.00	0.00
GCC	87	36.91	10.47	18.73	33.88	0.00	0.00
GCC	88	29.75	16.80	15.70	37.74	0.00	0.00
GCC	89	27.27	15.70	18.46	38.57	0.00	0.00
GCC	90	36.09	13.22	19.28	31.40	0.00	0.00
GCC	91	36.64	15.43	15.15	32.78	0.00	0.00
GCC	92	33.06	17.36	16.25	33.33	0.00	0.00
GCC	93	31.96	21.49	14.05	32.51	0.00	0.00
GCC	94	28.37	17.08	22.59	31.96	0.00	0.00
GCC	95	31.68	17.63	14.88	35.81	0.00	0.00
GCC	96	26.72	18.18	17.36	37.74	0.00	0.00
GCC	97	28.65	20.39	15.98	34.99	0.00	0.00
GCC	98	36.09	16.53	17.08	30.30	0.00	0.00
GCC	99	37.47	14.33	16.80	31.40	0.00	0.00
GCC	100	35.81	15.15	18.18	30.85	0.00	0.00
GCC	101	35.81	18.46	17.08	28.65	0.00	0.00
GCC	102	32.78	19.83	18.46	28.93	0.00	0.00
GCC	103	31.40	18.18	13.77	36.64	0.00	0.00
GCC	104	33.88	19.28	16.80	30.03	0.00	0.00
GCC	105	32.78	20.39	14.60	32.23	0.00	0.00
GCC	106	32.51	14.88	18.18	34.44	0.00	0.00
GCC	107	31.40	14.60	17.63	36.36	0.00	0.00
GCC	108	36.09	13.77	16.80	33.33	0.00	0.00
GCC	109	35.26	12.95	18.46	33.33	0.00	0.00
GCC	110	26.52	19.89	21.55	32.04	0.28	0.00
GCC	111	34.16	15.98	15.15	34.71	0.00	0.00
GCC	112	32.23	17.08	15.43	35.26	0.00	0.00
GCC	113	35.81	15.70	15.98	32.51	0.00	0.00
GCC	114	32.51	20.66	19.83	27.00	0.00	0.00
GCC	115	34.44	17.08	15.98	32.51	0.00	0.00
GCC	116	31.13	16.53	19.83	32.51	0.00	0.00
GCC	117	28.93	19.56	19.83	31.68	0.00	0.00
GCC	118	26.72	20.11	20.66	32.51	0.00	0.00
GCC	119	31.96	14.33	17.63	36.09	0.00	0.00
GCC	120	40.77	13.22	14.88	31.13	0.00	0.00
GCC	121	27.82	18.73	21.76	31.68	0.00	0.00
GCC	122	29.48	21.76	18.73	30.03	0.00	0.00
GCC	123	34.16	16.53	20.39	28.93	0.00	0.00
GCC	124	30.58	16.53	16.80	36.09	0.00	0.00
GCC	125	32.78	15.43	18.73	33.06	0.00	0.00
GCC	126	34.71	14.05	20.11	31.13	0.00	0.00
GCC	127	32.78	14.88	17.91	34.44	0.00	0.00
GCC	128	32.78	14.33	20.94	31.96	0.00	0.00
GCC	129	35.81	14.60	18.46	31.13	0.00	0.00
GCC	130	33.06	15.70	12.67	38.57	0.00	0.00
GCC	131	32.23	17.36	17.36	33.06	0.00	0.00
GCC	132	28.10	16.80	20.66	34.44	0.00	0.00
GCC	133	35.54	12.40	19.83	32.23	0.00	0.00
GCC	134	33.61	16.80	17.08	32.51	0.00	0.00
GCC	135	35.81	15.15	19.56	29.48	0.00	0.00
GCC	136	33.06	15.43	16.25	35.26	0.00	0.00
GCC	137	31.40	16.80	17.91	33.88	0.00	0.00
GCC	138	28.65	15.43	21.76	34.16	0.00	0.00
GCC	139	32.51	14.05	22.04	31.40	0.00	0.00
GCC	140	27.55	19.83	18.73	33.88	0.00	0.00
GCC	141	33.88	15.70	20.39	30.03	0.00	0.00
GCC	142	28.65	20.39	20.11	30.85	0.00	0.00
GCC	143	31.13	16.25	15.15	37.47	0.00	0.00
GCC	144	31.40	12.40	20.94	35.26	0.00	0.00
GCC	145	36.36	13.77	12.95	36.91	0.00	0.00
GCC	146	37.47	17.63	15.98	28.93	0.00	0.00
GCC	147	32.87	16.30	18.51	32.32	0.00	0.00
GCC	148	29.36	18.56	15.24	36.84	0.00	0.00
GCC	149	35.21	12.68	15.77	36.34	0.00	0.00
GCC	150	32.18	15.80	13.51	38.51	0.00	0.00
GCC	151	31.13	21.70	18.87	28.30	0.00	0.00
# ACGT content per cycle, read oriented. Use `grep ^GCT | cut -f 2-` to extract this part. The columns are: cycle; A,C,G,T base counts as a percentage of all A/C/G/T bases [%]
GCT	1	32.96	18.28	20.22	28.53
GCT	2	34.99	14.33	21.76	28.93
GCT	3	31.13	18.73	14.88	35.26
GCT	4	38.84	12.95	19.28	28.93
GCT	5	34.99	12.95	20.11	31.96
GCT	6	41.87	15.15	18.18	24.79
GCT	7	32.51	15.70	15.70	36.09
GCT	8	35.54	16.25	14.60	33.61
GCT	9	30.30	21.49	14.88	33.33
GCT	10	39.67	15.70	14.88	29.75
GCT	11	33.33	17.91	19.56	29.20
GCT	12	32.51	14.88	22.87	29.75
GCT	13	27.55	19.56	19.56	33.33
GCT	14	34.44	15.70	15.70	34.16
GCT	15	31.96	18.18	14.33	35.54
GCT	16	33.33	15.15	21.49	30.03
GCT	17	31.40	19.83	21.21	27.55
GCT	18	34.99	13.50	16.53	34.99
GCT	19	32.51	17.36	17.91	32.23
GCT	20	34.44	16.53	15.98	33.06
GCT	21	35.54	14.33	17.91	32.23
GCT	22	28.10	19.83	16.53	35.54
GCT	23	33.61	17.08	15.98	33.33
GCT	24	35.26	17.08	16.25	31.40
GCT	25	37.19	17.08	15.43	30.30
GCT	26	34.71	11.85	17.08	36.36
GCT	27	28.73	18.23	17.68	35.36
GCT	28	36.09	12.95	17.08	33.88
GCT	29	33.88	13.50	20.11	32.51
GCT	30	34.71	14.05	19.56	31.68
GCT	31	30.30	21.49	16.80	31.40
GCT	32	34.99	14.88	18.73	31.40
GCT	33	32.23	19.56	20.11	28.10
GCT	34	35.81	19.01	16.80	28.37
GCT	35	32.78	20.39	14.33	32.51
GCT	36	29.75	17.91	20.11	32.23
GCT	37	35.81	15.98	14.88	33.33
GCT	38	31.13	17.08	19.28	32.51
GCT	39	29.75	17.63	16.53	36.09
GCT	40	31.13	15.98	16.80	36.09
GCT	41	35.81	20.39	12.95	30.85
GCT	42	31.96	17.91	18.46	31.68
GCT	43	33.06	17.91	16.80	32.23
GCT	44	35.08	13.54	17.40	33.98
GCT	45	27.27	18.73	17.36	36.64
GCT	46	31.40	18.18	18.18	32.23
GCT	47	32.51	17.91	18.73	30.85
GCT	48	32.23	18.73	17.36	31.68
GCT	49	36.09	15.15	18.18	30.58
GCT	50	30.30	19.28	17.08	33.33
GCT	51	28.37	18.46	18.18	34.99
GCT	52	32.23	16.53	14.60	36.64
GCT	53	34.99	16.80	13.77	34.44
GCT	54	28.65	15.70	19.28	36.36
GCT	55	31.96	17.63	17.91	32.51
GCT	56	31.68	20.66	16.53	31.13
GCT	57	32.51	14.60	15.98	36.91
GCT	58	31.96	18.73	16.25	33.06
GCT	59	33.33	19.01	15.43	32.23
GCT	60	39.67	15.98	16.80	27.55
GCT	61	36.36	15.43	15.98	32.23
GCT	62	34.44	15.98	19.28	30.30
GCT	63	33.88	15.98	17.63	32.51
GCT	64	36.36	18.46	15.70	29.48
GCT	65	31.96	17.63	16.53	33.88
GCT	66	35.26	17.08	19.28	28.37
GCT	67	35.26	15.98	14.33	34.44
GCT	68	34.16	13.77	18.73	33.33
GCT	69	32.78	18.73	15.43	33.06
GCT	70	34.16	18.46	15.15	32.23
GCT	71	34.71	17.63	17.36	30.30
GCT	72	32.78	15.15	20.39	31.68
GCT	73	35.81	18.73	15.43	30.03
GCT	74	37.19	17.91	13.22	31.68
GCT	75	29.48	19.56	17.08	33.88
GCT	76	30.85	18.73	15.43	34.99
GCT	77	33.88	14.88	16.53	34.71
GCT	78	36.64	12.95	16.80	33.61
GCT	79	32.78	18.46	15.98	32.78
GCT	80	34.99	16.80	18.73	29.48
GCT	81	33.06	19.56	16.25	31.13
GCT	82	33.33	15.98	18.46	32.23
GCT	83	39.39	15.15	14.05	31.40
GCT	84	32.23	16.80	16.25	34.71
GCT	85	39.39	14.60	16.80	29.20
GCT	86	29.48	18.18	15.43	36.91
GCT	87	39.94	14.33	14.88	30.85
GCT	88	35.26	18.73	13.77	32.23
GCT	89	33.33	20.39	13.77	32.51
GCT	90	33.33	15.70	16.80	34.16
GCT	91	31.68	17.91	12.67	37.74
GCT	92	34.44	16.25	17.36	31.96
GCT	93	32.51	18.46	17.08	31.96
GCT	94	31.68	19.01	20.66	28.65
GCT	95	36.09	16.25	16.25	31.40
GCT	96	32.78	15.70	19.83	31.68
GCT	97	34.44	18.73	17.63	29.20
GCT	98	33.61	17.63	15.98	32.78
GCT	99	31.68	15.43	15.70	37.19
GCT	100	29.48	16.25	17.08	37.19
GCT	101	33.61	18.18	17.36	30.85
GCT	102	29.75	20.39	17.91	31.96
GCT	103	33.61	16.80	15.15	34.44
GCT	104	30.85	19.83	16.25	33.06
GCT	105	32.78	16.80	18.18	32.23
GCT	106	31.40	17.36	15.70	35.54
GCT	107	31.40	20.39	11.85	36.36
GCT	108	35.54	15.70	14.88	33.88
GCT	109	39.94	14.60	16.80	28.65
GCT	110	31.77	20.17	21.27	26.80
GCT	111	35.54	17.63	13.50	33.33
GCT	112	34.71	17.63	14.88	32.78
GCT	113	34.99	15.15	16.53	33.33
GCT	114	30.03	18.46	22.04	29.48
GCT	115	35.54	20.11	12.95	31.40
GCT	116	33.06	15.98	20.39	30.58
GCT	117	26.72	20.39	19.01	33.88
GCT	118	26.17	24.79	15.98	33.06
GCT	119	39.39	17.63	14.33	28.65
GCT	120	32.51	11.85	16.25	39.39
GCT	121	30.58	21.76	18.73	28.93
GCT	122	32.51	16.25	24.24	27.00
GCT	123	30.03	18.73	18.18	33.06
GCT	124	33.06	14.88	18.46	33.61
GCT	125	33.61	20.94	13.22	32.23
GCT	126	33.33	19.56	14.60	32.51
GCT	127	35.54	14.60	18.18	31.68
GCT	128	30.58	16.25	19.01	34.16
GCT	129	32.51	16.53	16.53	34.44
GCT	130	37.47	11.02	17.36	34.16
GCT	131	32.78	17.08	17.63	32.51
GCT	132	29.48	21.21	16.25	33.06
GCT	133	34.44	16.53	15.70	33.33
GCT	134	33.33	15.15	18.73	32.78
GCT	135	33.61	18.18	16.53	31.68
GCT	136	34.99	15.43	16.25	33.33
GCT	137	27.00	15.43	19.28	38.29
GCT	138	32.78	19.28	17.91	30.03
GCT	139	33.88	19.56	16.53	30.03
GCT	140	28.65	20.66	17.91	32.78
GCT	141	25.62	18.73	17.36	38.29
GCT	142	30.30	23.42	17.08	29.20
GCT	143	36.36	12.95	18.46	32.23
GCT	144	35.54	16.80	16.53	31.13
GCT	145	40.77	14.05	12.67	32.51
GCT	146	35.54	15.98	17.63	30.85
GCT	147	35.36	15.47	19.34	29.83
GCT	148	35.18	16.07	17.73	31.02
GCT	149	39.72	13.80	14.65	31.83
GCT	150	34.48	12.93	16.38	36.21
GCT	151	24.21	16.67	23.90	35.22
# ACGT content per cycle for first fragments. Use `grep ^FBC | cut -f 2-` to extract this part. The columns are: cycle; A,C,G,T base counts as a percentage of all A/C/G/T bases [%]; and N and O counts as a percentage of all A/C/G/T bases [%]
FBC	1	21.74	15.22	23.91	39.13	0.54	0.00
FBC	2	32.43	12.43	21.08	34.05	0.00	0.00
FBC	3	34.05	20.54	12.43	32.97	0.00	0.00
FBC	4	41.62	17.84	16.22	24.32	0.00	0.00
FBC	5	29.73	16.22	15.14	38.92	0.00	0.00
FBC	6	26.49	15.68	19.46	38.38	0.00	0.00
FBC	7	33.51	16.76	16.76	32.97	0.00	0.00
FBC	8	34.59	17.84	10.81	36.76	0.00	0.00
FBC	9	32.43	16.22	18.92	32.43	0.00	0.00
FBC	10	36.22	14.59	16.76	32.43	0.00	0.00
FBC	11	34.05	15.14	16.76	34.05	0.00	0.00
FBC	12	31.89	17.30	21.62	29.19	0.00	0.00
FBC	13	27.57	19.46	24.86	28.11	0.00	0.00
FBC	14	38.38	12.43	16.22	32.97	0.00	0.00
FBC	15	41.08	15.68	14.59	28.65	0.00	0.00
FBC	16	34.05	15.68	22.16	28.11	0.00	0.00
FBC	17	32.97	16.76	21.08	29.19	0.00	0.00
FBC	18	31.35	19.46	12.97	36.22	0.00	0.00
FBC	19	35.68	17.30	16.76	30.27	0.00	0.00
FBC	20	31.89	18.38	11.89	37.84	0.00	0.00
FBC	21	38.38	13.51	14.59	33.51	0.00	0.00
FBC	22	29.19	19.46	14.05	37.30	0.00	0.00
FBC	23	30.27	16.76	11.89	41.08	0.00	0.00
FBC	24	33.51	19.46	11.89	35.14	0.00	0.00
FBC	25	36.76	16.76	15.68	30.81	0.00	0.00
FBC	26	38.38	18.38	13.51	29.73	0.00	0.00
FBC	27	28.65	20.54	18.92	31.89	0.00	0.00
FBC	28	38.38	16.76	18.92	25.95	0.00	0.00
FBC	29	29.73	19.46	17.30	33.51	0.00	0.00
FBC	30	35.14	16.22	18.38	30.27	0.00	0.00
FBC	31	28.65	21.62	20.54	29.19	0.00	0.00
FBC	32	31.89	20.00	14.59	33.51	0.00	0.00
FBC	33	37.84	21.62	15.68	24.86	0.00	0.00
FBC	34	26.49	15.14	21.08	37.30	0.00	0.00
FBC	35	38.92	14.05	20.54	26.49	0.00	0.00
FBC	36	25.95	24.32	15.14	34.59	0.00	0.00
FBC	37	37.30	14.59	15.14	32.97	0.00	0.00
FBC	38	31.89	20.00	18.38	29.73	0.00	0.00
FBC	39	32.43	18.92	15.14	33.51	0.00	0.00
FBC	40	35.68	16.22	16.22	31.89	0.00	0.00
FBC	41	31.35	16.22	19.46	32.97	0.00	0.00
FBC	42	29.73	14.59	20.54	35.14	0.00	0.00
FBC	43	38.38	18.38	14.59	28.65	0.00	0.00
FBC	44	32.61	13.59	18.48	35.33	0.54	0.00
FBC	45	30.81	24.32	15.68	29.19	0.00	0.00
FBC	46	30.81	19.46	17.30	32.43	0.00	0.00
FBC	47	34.59	16.22	21.08	28.11	0.00	0.00
FBC	48	32.97	16.22	18.38	32.43	0.00	0.00
FBC	49	39.46	16.76	14.05	29.73	0.00	0.00
FBC	50	32.43	14.05	20.54	32.97	0.00	0.00
FBC	51	32.43	12.97	21.62	32.97	0.00	0.00
FBC	52	36.22	19.46	14.59	29.73	0.00	0.00
FBC	53	33.51	16.76	14.05	35.68	0.00	0.00
FBC	54	30.27	16.76	20.00	32.97	0.00	0.00
FBC	55	37.84	16.22	19.46	26.49	0.00	0.00
FBC	56	43.24	14.59	16.76	25.41	0.00	0.00
FBC	57	33.51	9.19	17.30	40.00	0.00	0.00
FBC	58	30.81	15.14	17.84	36.22	0.00	0.00
FBC	59	31.89	15.14	15.68	37.30	0.00	0.00
FBC	60	36.76	20.54	17.84	24.86	0.00	0.00
FBC	61	35.14	15.14	14.59	35.14	0.00	0.00
FBC	62	28.11	14.05	17.30	40.54	0.00	0.00
FBC	63	37.84	13.51	16.76	31.89	0.00	0.00
FBC	64	32.97	16.22	16.76	34.05	0.00	0.00
FBC	65	37.84	14.05	16.22	31.89	0.00	0.00
FBC	66	32.97	20.54	15.14	31.35	0.00	0.00
FBC	67	38.38	16.76	16.22	28.65	0.00	0.00
FBC	68	29.19	13.51	18.38	38.92	0.00	0.00
FBC	69	36.22	17.30	20.00	26.49	0.00	0.00
FBC	70	22.16	20.54	18.38	38.92	0.00	0.00
FBC	71	36.22	15.14	18.38	30.27	0.00	0.00
FBC	72	30.27	14.59	23.78	31.35	0.00	0.00
FBC	73	32.43	15.68	16.76	35.14	0.00	0.00
FBC	74	29.19	16.22	16.22	38.38	0.00	0.00
FBC	75	29.19	12.97	24.32	33.51	0.00	0.00
FBC	76	24.86	17.84	20.54	36.76	0.00	0.00
FBC	77	31.89	15.68	14.59	37.84	0.00	0.00
FBC	78	38.92	14.59	15.14	31.35	0.00	0.00
FBC	79	37.30	17.84	16.76	28.11	0.00	0.00
FBC	80	33.51	12.97	21.62	31.89	0.00	0.00
FBC	81	32.43	18.92	18.38	30.27	0.00	0.00
FBC	82	31.35	16.22	16.22	36.22	0.00	0.00
FBC	83	28.11	16.76	11.35	43.78	0.00	0.00
FBC	84	30.81	11.89	20.00	37.30	0.00	0.00
FBC	85	31.89	12.43	20.54	35.14	0.00	0.00
FBC	86	28.65	23.78	12.97	34.59	0.00	0.00
FBC	87	32.43	10.81	22.16	34.59	0.00	0.00
FBC	88	30.27	14.59	17.84	37.30	0.00	0.00
FBC	89	29.73	15.68	21.62	32.97	0.00	0.00
FBC	90	35.14	15.14	17.84	31.89	0.00	0.00
FBC	91	35.14	14.59	14.05	36.22	0.00	0.00
FBC	92	35.14	16.22	15.14	33.51	0.00	0.00
FBC	93	28.11	23.24	16.22	32.43	0.00	0.00
FBC	94	30.81	18.92	19.46	30.81	0.00	0.00
FBC	95	30.81	14.05	15.14	40.00	0.00	0.00
FBC	96	25.41	20.00	15.68	38.92	0.00	0.00
FBC	97	27.03	18.92	20.00	34.05	0.00	0.00
FBC	98	32.97	15.68	18.38	32.97	0.00	0.00
FBC	99	37.84	16.22	14.59	31.35	0.00	0.00
FBC	100	41.62	12.97	15.14	30.27	0.00	0.00
FBC	101	37.84	16.76	16.22	29.19	0.00	0.00
FBC	102	34.05	20.00	15.68	30.27	0.00	0.00
FBC	103	34.59	16.22	14.59	34.59	0.00	0.00
FBC	104	32.43	17.30	18.38	31.89	0.00	0.00
FBC	105	33.51	19.46	16.22	30.81	0.00	0.00
FBC	106	36.22	16.76	14.05	32.97	0.00	0.00
FBC	107	30.27	15.14	15.68	38.92	0.00	0.00
FBC	108	36.22	11.89	17.30	34.59	0.00	0.00
FBC	109	36.76	14.59	17.84	30.81	0.00	0.00
FBC	110	28.11	19.46	19.46	32.97	0.00	0.00
FBC	111	32.97	16.22	12.97	37.84	0.00	0.00
FBC	112	34.59	17.84	16.22	31.35	0.00	0.00
FBC	113	38.38	15.14	15.14	31.35	0.00	0.00
FBC	114	34.59	18.38	17.84	29.19	0.00	0.00
FBC	115	34.05	15.14	23.24	27.57	0.00	0.00
FBC	116	32.43	18.92	18.38	30.27	0.00	0.00
FBC	117	29.73	21.62	22.70	25.95	0.00	0.00
FBC	118	25.95	19.46	23.78	30.81	0.00	0.00
FBC	119	31.35	10.27	16.76	41.62	0.00	0.00
FBC	120	38.38	16.22	12.97	32.43	0.00	0.00
FBC	121	29.19	16.22	21.62	32.97	0.00	0.00
FBC	122	31.89	20.00	19.46	28.65	0.00	0.00
FBC	123	35.14	14.59	23.78	26.49	0.00	0.00
FBC	124	34.05	16.22	17.84	31.89	0.00	0.00
FBC	125	36.76	13.51	20.54	29.19	0.00	0.00
FBC	126	32.97	16.22	20.54	30.27	0.00	0.00
FBC	127	30.81	13.51	21.08	34.59	0.00	0.00
FBC	128	29.19	17.30	20.54	32.97	0.00	0.00
FBC	129	36.22	13.51	19.46	30.81	0.00	0.00
FBC	130	34.05	12.97	10.81	42.16	0.00	0.00
FBC	131	29.19	17.84	16.76	36.22	0.00	0.00
FBC	132	28.65	16.22	21.08	34.05	0.00	0.00
FBC	133	35.68	11.35	25.41	27.57	0.00	0.00
FBC	134	32.97	17.84	18.38	30.81	0.00	0.00
FBC	135	40.54	15.14	22.16	22.16	0.00	0.00
FBC	136	32.43	15.68	14.05	37.84	0.00	0.00
FBC	137	32.97	19.46	11.89	35.68	0.00	0.00
FBC	138	29.73	20.00	18.38	31.89	0.00	0.00
FBC	139	30.81	14.59	21.08	33.51	0.00	0.00
FBC	140	24.32	20.54	15.68	39.46	0.00	0.00
FBC	141	34.05	16.76	21.62	27.57	0.00	0.00
FBC	142	28.65	20.00	21.62	29.73	0.00	0.00
FBC	143	29.73	17.84	10.27	42.16	0.00	0.00
FBC	144	31.89	11.35	18.92	37.84	0.00	0.00
FBC	145	32.97	11.89	14.59	40.54	0.00	0.00
FBC	146	40.00	16.76	14.05	29.19	0.00	0.00
FBC	147	34.59	17.30	16.76	31.35	0.00	0.00
FBC	148	29.89	19.02	16.85	34.24	0.00	0.00
FBC	149	36.26	10.44	14.84	38.46	0.00	0.00
FBC	150	27.78	17.78	17.22	37.22	0.00	0.00
FBC	151	32.74	19.64	17.86	29.76	0.00	0.00
# ACGT raw counters for first fragments. Use `grep ^FTC | cut -f 2-` to extract this part. The columns are: A,C,G,T,N base counters
FTC	9196	4623	4887	9201	2
# ACGT content per cycle for last fragments. Use `grep ^LBC | cut -f 2-` to extract this part. The columns are: cycle; A,C,G,T base counts as a percentage of all A/C/G/T bases [%]; and N and O counts as a percentage of all A/C/G/T bases [%]
LBC	1	37.85	21.47	16.38	24.29	0.56	0.00
LBC	2	28.65	22.47	16.29	32.58	0.00	0.00
LBC	3	33.71	14.04	20.22	32.02	0.00	0.00
LBC	4	31.46	16.29	14.04	38.20	0.00	0.00
LBC	5	33.71	19.10	15.73	31.46	0.00	0.00
LBC	6	38.76	17.42	14.04	29.78	0.00	0.00
LBC	7	34.83	14.04	15.17	35.96	0.00	0.00
LBC	8	35.39	14.04	19.10	31.46	0.00	0.00
LBC	9	26.40	21.35	16.29	35.96	0.00	0.00
LBC	10	41.01	15.17	14.61	29.21	0.00	0.00
LBC	11	30.34	22.47	20.79	26.40	0.00	0.00
LBC	12	28.65	16.29	20.22	34.83	0.00	0.00
LBC	13	34.27	19.10	14.61	32.02	0.00	0.00
LBC	14	34.27	12.36	21.91	31.46	0.00	0.00
LBC	15	33.15	17.42	17.42	32.02	0.00	0.00
LBC	16	29.78	19.10	16.29	34.83	0.00	0.00
LBC	17	26.40	20.22	24.16	29.21	0.00	0.00
LBC	18	42.13	13.48	14.04	30.34	0.00	0.00
LBC	19	36.52	21.91	14.61	26.97	0.00	0.00
LBC	20	34.27	19.10	15.73	30.90	0.00	0.00
LBC	21	26.40	16.29	20.22	37.08	0.00	0.00
LBC	22	33.71	21.91	17.42	26.97	0.00	0.00
LBC	23	31.46	20.22	17.42	30.90	0.00	0.00
LBC	24	35.96	19.66	15.73	28.65	0.00	0.00
LBC	25	35.39	16.85	15.73	32.02	0.00	0.00
LBC	26	32.02	15.73	10.11	42.13	0.00	0.00
LBC	27	32.77	18.08	14.12	35.03	0.56	0.00
LBC	28	38.76	13.48	10.67	37.08	0.00	0.00
LBC	29	32.02	15.17	15.17	37.64	0.00	0.00
LBC	30	32.02	17.98	14.61	35.39	0.00	0.00
LBC	31	26.40	18.54	15.73	39.33	0.00	0.00
LBC	32	28.09	15.73	16.85	39.33	0.00	0.00
LBC	33	26.40	17.98	24.16	31.46	0.00	0.00
LBC	34	28.09	14.04	21.35	36.52	0.00	0.00
LBC	35	32.58	17.98	16.85	32.58	0.00	0.00
LBC	36	39.33	15.17	21.35	24.16	0.00	0.00
LBC	37	34.27	16.85	15.17	33.71	0.00	0.00
LBC	38	26.40	15.17	19.10	39.33	0.00	0.00
LBC	39	32.58	11.24	23.03	33.15	0.00	0.00
LBC	40	30.90	17.42	15.73	35.96	0.00	0.00
LBC	41	35.96	17.42	13.48	33.15	0.00	0.00
LBC	42	26.97	16.85	20.79	35.39	0.00	0.00
LBC	43	33.71	18.54	17.98	29.78	0.00	0.00
LBC	44	30.90	11.24	18.54	39.33	0.00	0.00
LBC	45	31.46	15.73	16.29	36.52	0.00	0.00
LBC	46	35.96	20.22	15.73	28.09	0.00	0.00
LBC	47	33.15	19.66	16.29	30.90	0.00	0.00
LBC	48	34.83	17.42	20.22	27.53	0.00	0.00
LBC	49	36.52	19.10	16.85	27.53	0.00	0.00
LBC	50	28.65	21.35	16.85	33.15	0.00	0.00
LBC	51	28.65	17.98	20.79	32.58	0.00	0.00
LBC	52	32.58	14.04	14.04	39.33	0.00	0.00
LBC	53	37.08	12.36	17.98	32.58	0.00	0.00
LBC	54	28.65	17.98	15.17	38.20	0.00	0.00
LBC	55	33.71	12.92	22.47	30.90	0.00	0.00
LBC	56	30.34	23.60	19.66	26.40	0.00	0.00
LBC	57	28.65	15.73	19.10	36.52	0.00	0.00
LBC	58	29.78	17.42	19.66	33.15	0.00	0.00
LBC	59	32.02	18.54	19.66	29.78	0.00	0.00
LBC	60	39.33	12.92	14.04	33.71	0.00	0.00
LBC	61	39.33	21.35	11.80	27.53	0.00	0.00
LBC	62	32.58	17.98	21.35	28.09	0.00	0.00
LBC	63	31.46	18.54	18.54	31.46	0.00	0.00
LBC	64	35.96	21.91	13.48	28.65	0.00	0.00
LBC	65	25.84	14.04	24.16	35.96	0.00	0.00
LBC	66	34.27	15.17	21.91	28.65	0.00	0.00
LBC	67	38.20	17.42	10.11	34.27	0.00	0.00
LBC	68	36.52	17.42	15.73	30.34	0.00	0.00
LBC	69	39.33	14.04	16.85	29.78	0.00	0.00
LBC	70	42.70	17.42	10.67	29.21	0.00	0.00
LBC	71	35.96	16.85	19.66	27.53	0.00	0.00
LBC	72	26.40	12.92	19.66	41.01	0.00	0.00
LBC	73	32.58	14.61	21.35	31.46	0.00	0.00
LBC	74	35.96	12.92	16.85	34.27	0.00	0.00
LBC	75	35.96	17.42	18.54	28.09	0.00	0.00
LBC	76	39.33	14.61	15.17	30.90	0.00	0.00
LBC	77	29.78	11.80	20.79	37.64	0.00	0.00
LBC	78	37.64	12.92	16.85	32.58	0.00	0.00
LBC	79	32.02	19.10	15.17	33.71	0.00	0.00
LBC	80	39.33	21.91	14.61	24.16	0.00	0.00
LBC	81	29.21	15.17	19.10	36.52	0.00	0.00
LBC	82	32.02	17.42	19.10	31.46	0.00	0.00
LBC	83	34.83	17.98	12.36	34.83	0.00	0.00
LBC	84	30.90	15.17	19.10	34.83	0.00	0.00
LBC	85	35.39	14.61	15.17	34.83	0.00	0.00
LBC	86	37.08	15.17	15.17	32.58	0.00	0.00
LBC	87	41.57	10.11	15.17	33.15	0.00	0.00
LBC	88	29.21	19.10	13.48	38.20	0.00	0.00
LBC	89	24.72	15.73	15.17	44.38	0.00	0.00
LBC	90	37.08	11.24	20.79	30.90	0.00	0.00
LBC	91	38.20	16.29	16.29	29.21	0.00	0.00
LBC	92	30.90	18.54	17.42	33.15	0.00	0.00
LBC	93	35.96	19.66	11.80	32.58	0.00	0.00
LBC	94	25.84	15.17	25.84	33.15	0.00	0.00
LBC	95	32.58	21.35	14.61	31.46	0.00	0.00
LBC	96	28.09	16.29	19.10	36.52	0.00	0.00
LBC	97	30.34	21.91	11.80	35.96	0.00	0.00
LBC	98	39.33	17.42	15.73	27.53	0.00	0.00
LBC	99	37.08	12.36	19.10	31.46	0.00	0.00
LBC	100	29.78	17.42	21.35	31.46	0.00	0.00
LBC	101	33.71	20.22	17.98	28.09	0.00	0.00
LBC	102	31.46	19.66	21.35	27.53	0.00	0.00
LBC	103	28.09	20.22	12.92	38.76	0.00	0.00
LBC	104	35.39	21.35	15.17	28.09	0.00	0.00
LBC	105	32.02	21.35	12.92	33.71	0.00	0.00
LBC	106	28.65	12.92	22.47	35.96	0.00	0.00
LBC	107	32.58	14.04	19.66	33.71	0.00	0.00
LBC	108	35.96	15.73	16.29	32.02	0.00	0.00
LBC	109	33.71	11.24	19.10	35.96	0.00	0.00
LBC	110	24.86	20.34	23.73	31.07	0.56	0.00
LBC	111	35.39	15.73	17.42	31.46	0.00	0.00
LBC	112	29.78	16.29	14.61	39.33	0.00	0.00
LBC	113	33.15	16.29	16.85	33.71	0.00	0.00
LBC	114	30.34	23.03	21.91	24.72	0.00	0.00
LBC	115	34.83	19.10	8.43	37.64	0.00	0.00
LBC	116	29.78	14.04	21.35	34.83	0.00	0.00
LBC	117	28.09	17.42	16.85	37.64	0.00	0.00
LBC	118	27.53	20.79	17.42	34.27	0.00	0.00
LBC	119	32.58	18.54	18.54	30.34	0.00	0.00
LBC	120	43.26	10.11	16.85	29.78	0.00	0.00
LBC	121	26.40	21.35	21.91	30.34	0.00	0.00
LBC	122	26.97	23.60	17.98	31.46	0.00	0.00
LBC	123	33.15	18.54	16.85	31.46	0.00	0.00
LBC	124	26.97	16.85	15.73	40.45	0.00	0.00
LBC	125	28.65	17.42	16.85	37.08	0.00	0.00
LBC	126	36.52	11.80	19.66	32.02	0.00	0.00
LBC	127	34.83	16.29	14.61	34.27	0.00	0.00
LBC	128	36.52	11.24	21.35	30.90	0.00	0.00
LBC	129	35.39	15.73	17.42	31.46	0.00	0.00
LBC	130	32.02	18.54	14.61	34.83	0.00	0.00
LBC	131	35.39	16.85	17.98	29.78	0.00	0.00
LBC	132	27.53	17.42	20.22	34.83	0.00	0.00
LBC	133	35.39	13.48	14.04	37.08	0.00	0.00
LBC	134	34.27	15.73	15.73	34.27	0.00	0.00
LBC	135	30.90	15.17	16.85	37.08	0.00	0.00
LBC	136	33.71	15.17	18.54	32.58	0.00	0.00
LBC	137	29.78	14.04	24.16	32.02	0.00	0.00
LBC	138	27.53	10.67	25.28	36.52	0.00	0.00
LBC	139	34.27	13.48	23.03	29.21	0.00	0.00
LBC	140	30.90	19.10	21.91	28.09	0.00	0.00
LBC	141	33.71	14.61	19.10	32.58	0.00	0.00
LBC	142	28.65	20.79	18.54	32.02	0.00	0.00
LBC	143	32.58	14.61	20.22	32.58	0.00	0.00
LBC	144	30.90	13.48	23.03	32.58	0.00	0.00
LBC	145	39.89	15.73	11.24	33.15	0.00	0.00
LBC	146	34.83	18.54	17.98	28.65	0.00	0.00
LBC	147	31.07	15.25	20.34	33.33	0.00	0.00
LBC	148	28.81	18.08	13.56	39.55	0.00	0.00
LBC	149	34.10	15.03	16.76	34.10	0.00	0.00
LBC	150	36.90	13.69	9.52	39.88	0.00	0.00
LBC	151	29.33	24.00	20.00	26.67	0.00	0.00
# ACGT raw counters for last fragments. Use `grep ^LTC | cut -f 2-` to extract this part. The columns are: A,C,G,T,N base counters
LTC	8807	4523	4683	8817	3
# Insert sizes. Use `grep ^IS | cut -f 2-` to extract this part. The columns are: insert size, pairs total, inward oriented pairs, outward oriented pairs, other pairs
IS	0	0	0	0	0
IS	1	0	0	0	0
IS	2	0	0	0	0
IS	3	0	0	0	0
IS	4	0	0	0	0
IS	5	0	0	0	0
IS	6	0	0	0	0
IS	7	0	0	0	0
IS	8	0	0	0	0
IS	9	0	0	0	0
IS	10	0	0	0	0
IS	11	0	0	0	0
IS	12	0	0	0	0
IS	13	0	0	0	0
IS	14	0	0	0	0
IS	15	0	0	0	0
IS	16	0	0	0	0
IS	17	0	0	0	0
IS	18	0	0	0	0
IS	19	0	0	0	0
IS	20	0	0	0	0
IS	21	0	0	0	0
IS	22	0	0	0	0
IS	23	0	0	0	0
IS	24	0	0	0	0
IS	25	0	0	0	0
IS	26	0	0	0	0
IS	27	0	0	0	0
IS	28	0	0	0	0
IS	29	0	0	0	0
IS	30	0	0	0	0
IS	31	0	0	0	0
IS	32	0	0	0	0
IS	33	0	0	0	0
IS	34	0	0	0	0
IS	35	0	0	0	0
IS	36	0	0	0	0
IS	37	0	0	0	0
IS	38	0	0	0	0
IS	39	0	0	0	0
IS	40	0	0	0	0
IS	41	0	0	0	0
IS	42	0	0	0	0
IS	43	0	0	0	0
IS	44	0	0	0	0
IS	45	0	0	0	0
IS	46	0	0	0	0
IS	47	0	0	0	0
IS	48	0	0	0	0
IS	49	0	0	0	0
IS	50	0	0	0	0
IS	51	0	0	0	0
IS	52	0	0	0	0
IS	53	0	0	0	0
IS	54	0	0	0	0
IS	55	0	0	0	0
IS	56	0	0	0	0
IS	57	0	0	0	0
IS	58	0	0	0	0
IS	59	0	0	0	0
IS	60	0	0	0	0
IS	61	0	0	0	0
IS	62	0	0	0	0
IS	63	0	0	0	0
IS	64	0	0	0	0
IS	65	0	0	0	0
IS	66	0	0	0	0
IS	67	0	0	0	0
IS	68	0	0	0	0
IS	69	0	0	0	0
IS	70	0	0	0	0
IS	71	0	0	0	0
IS	72	0	0	0	0
IS	73	0	0	0	0
IS	74	0	0	0	0
IS	75	0	0	0	0
IS	76	0	0	0	0
IS	77	0	0	0	0
IS	78	0	0	0	0
IS	79	0	0	0	0
IS	80	0	0	0	0
IS	81	0	0	0	0
IS	82	0	0	0	0
IS	83	0	0	0	0
IS	84	0	0	0	0
IS	85	0	0	0	0
IS	86	0	0	0	0
IS	87	0	0	0	0
IS	88	0	0	0	0
IS	89	0	0	0	0
IS	90	0	0	0	0
IS	91	0	0	0	0
IS	92	0	0	0	0
IS	93	0	0	0	0
IS	94	0	0	0	0
IS	95	0	0	0	0
IS	96	0	0	0	0
IS	97	0	0	0	0
IS	98	0	0	0	0
IS	99	0	0	0	0
IS	100	0	0	0	0
IS	101	0	0	0	0
IS	102	0	0	0	0
IS	103	0	0	0	0
IS	104	0	0	0	0
IS	105	0	0	0	0
IS	106	0	0	0	0
IS	107	0	0	0	0
IS	108	0	0	0	0
IS	109	0	0	0	0
IS	110	0	0	0	0
IS	111	0	0	0	0
IS	112	0	0	0	0
IS	113	0	0	0	0
IS	114	0	0	0	0
IS	115	0	0	0	0
IS	116	0	0	0	0
IS	117	0	0	0	0
IS	118	0	0	0	0
IS	119	0	0	0	0
IS	120	0	0	0	0
IS	121	0	0	0	0
IS	122	0	0	0	0
IS	123	0	0	0	0
IS	124	0	0	0	0
IS	125	0	0	0	0
IS	126	0	0	0	0
IS	127	0	0	0	0
IS	128	0	0	0	0
IS	129	0	0	0	0
IS	130	0	0	0	0
IS	131	0	0	0	0
IS	132	0	0	0	0
IS	133	0	0	0	0
IS	134	0	0	0	0
IS	135	0	0	0	0
IS	136	0	0	0	0
IS	137	0	0	0	0
IS	138	0	0	0	0
IS	139	0	0	0	0
IS	140	0	0	0	0
IS	141	0	0	0	0
IS	142	0	0	0	0
IS	143	0	0	0	0
IS	144	0	0	0	0
IS	145	0	0	0	0
IS	146	0	0	0	0
IS	147	0	0	0	0
IS	148	0	0	0	0
IS	149	0	0	0	0
IS	150	0	0	0	0
IS	151	0	0	0	0
IS	152	0	0	0	0
IS	153	0	0	0	0
IS	154	1	1	0	0
IS	155	0	0	0	0
IS	156	0	0	0	0
IS	157	0	0	0	0
IS	158	0	0	0	0
IS	159	0	0	0	0
IS	160	0	0	0	0
IS	161	0	0	0	0
IS	162	0	0	0	0
IS	163	0	0	0	0
IS	164	0	0	0	0
IS	165	0	0	0	0
IS	166	0	0	0	0
IS	167	0	0	0	0
IS	168	0	0	0	0
IS	169	0	0	0	0
IS	170	0	0	0	0
IS	171	0	0	0	0
IS	172	0	0	0	0
IS	173	0	0	0	0
IS	174	0	0	0	0
IS	175	0	0	0	0
IS	176	0	0	0	0
IS	177	0	0	0	0
IS	178	0	0	0	0
IS	179	0	0	0	0
IS	180	0	0	0	0
IS	181	0	0	0	0
IS	182	0	0	0	0
IS	183	0	0	0	0
IS	184	0	0	0	0
IS	185	0	0	0	0
IS	186	0	0	0	0
IS	187	0	0	0	0
IS	188	1	1	0	0
IS	189	0	0	0	0
IS	190	0	0	0	0
IS	191	0	0	0	0
IS	192	0	0	0	0
IS	193	0	0	0	0
IS	194	0	0	0	0
IS	195	0	0	0	0
IS	196	0	0	0	0
IS	197	0	0	0	0
IS	198	0	0	0	0
IS	199	0	0	0	0
IS	200	0	0	0	0
IS	201	0	0	0	0
IS	202	0	0	0	0
IS	203	0	0	0	0
IS	204	0	0	0	0
IS	205	0	0	0	0
IS	206	1	1	0	0
IS	207	0	0	0	0
IS	208	0	0	0	0
IS	209	0	0	0	0
IS	210	0	0	0	0
IS	211	0	0	0	0
IS	212	0	0	0	0
IS	213	0	0	0	0
IS	214	1	1	0	0
IS	215	0	0	0	0
IS	216	0	0	0	0
IS	217	0	0	0	0
IS	218	0	0	0	0
IS	219	1	1	0	0
IS	220	0	0	0	0
IS	221	0	0	0	0
IS	222	1	1	0	0
IS	223	0	0	0	0
IS	224	0	0	0	0
IS	225	1	1	0	0
IS	226	0	0	0	0
IS	227	0	0	0	0
IS	228	0	0	0	0
IS	229	1	1	0	0
IS	230	0	0	0	0
IS	231	0	0	0	0
IS	232	0	0	0	0
IS	233	0	0	0	0
IS	234	0	0	0	0
IS	235	0	0	0	0
IS	236	1	1	0	0
IS	237	0	0	0	0
IS	238	1	1	0	0
IS	239	0	0	0	0
IS	240	0	0	0	0
IS	241	0	0	0	0
IS	242	0	0	0	0
IS	243	0	0	0	0
IS	244	0	0	0	0
IS	245	0	0	0	0
IS	246	0	0	0	0
IS	247	0	0	0	0
IS	248	0	0	0	0
IS	249	1	1	0	0
IS	250	0	0	0	0
IS	251	0	0	0	0
IS	252	0	0	0	0
IS	253	0	0	0	0
IS	254	1	1	0	0
IS	255	0	0	0	0
IS	256	0	0	0	0
IS	257	0	0	0	0
IS	258	1	1	0	0
IS	259	2	2	0	0
IS	260	0	0	0	0
IS	261	1	1	0	0
IS	262	1	1	0	0
IS	263	0	0	0	0
IS	264	0	0	0	0
IS	265	0	0	0	0
IS	266	0	0	0	0
IS	267	0	0	0	0
IS	268	0	0	0	0
IS	269	0	0	0	0
IS	270	0	0	0	0
IS	271	1	1	0	0
IS	272	2	2	0	0
IS	273	0	0	0	0
IS	274	1	1	0	0
IS	275	2	2	0	0
IS	276	0	0	0	0
IS	277	1	1	0	0
IS	278	0	0	0	0
IS	279	0	0	0	0
IS	280	1	1	0	0
IS	281	1	1	0	0
IS	282	0	0	0	0
IS	283	0	0	0	0
IS	284	0	0	0	0
IS	285	1	1	0	0
IS	286	0	0	0	0
IS	287	0	0	0	0
IS	288	0	0	0	0
IS	289	0	0	0	0
IS	290	0	0	0	0
IS	291	1	1	0	0
IS	292	0	0	0	0
IS	293	0	0	0	0
IS	294	0	0	0	0
IS	295	0	0	0	0
IS	296	1	1	0	0
IS	297	0	0	0	0
IS	298	0	0	0	0
IS	299	0	0	0	0
IS	300	0	0	0	0
IS	301	0	0	0	0
IS	302	0	0	0	0
IS	303	0	0	0	0
IS	304	1	1	0	0
IS	305	1	1	0	0
IS	306	0	0	0	0
IS	307	0	0	0	0
IS	308	0	0	0	0
IS	309	0	0	0	0
IS	310	0	0	0	0
IS	311	0	0	0	0
IS	312	2	2	0	0
IS	313	0	0	0	0
IS	314	2	2	0	0
IS	315	0	0	0	0
IS	316	0	0	0	0
IS	317	0	0	0	0
IS	318	0	0	0	0
IS	319	1	1	0	0
IS	320	0	0	0	0
IS	321	0	0	0	0
IS	322	0	0	0	0
IS	323	0	0	0	0
IS	324	0	0	0	0
IS	325	1	1	0	0
IS	326	2	2	0	0
IS	327	1	1	0	0
IS	328	0	0	0	0
IS	329	0	0	0	0
IS	330	2	2	0	0
IS	331	0	0	0	0
IS	332	1	1	0	0
IS	333	0	0	0	0
IS	334	0	0	0	0
IS	335	0	0	0	0
IS	336	1	1	0	0
IS	337	1	1	0	0
IS	338	0	0	0	0
IS	339	0	0	0	0
IS	340	0	0	0	0
IS	341	2	2	0	0
IS	342	0	0	0	0
IS	343	0	0	0	0
IS	344	0	0	0	0
IS	345	0	0	0	0
IS	346	2	2	0	0
IS	347	0	0	0	0
IS	348	0	0	0	0
IS	349	0	0	0	0
IS	350	0	0	0	0
IS	351	0	0	0	0
IS	352	3	3	0	0
IS	353	1	1	0	0
IS	354	1	1	0	0
IS	355	1	1	0	0
IS	356	1	1	0	0
IS	357	0	0	0	0
IS	358	0	0	0	0
IS	359	0	0	0	0
IS	360	2	2	0	0
IS	361	1	1	0	0
IS	362	0	0	0	0
IS	363	0	0	0	0
IS	364	0	0	0	0
IS	365	0	0	0	0
IS	366	2	2	0	0
IS	367	3	3	0	0
IS	368	3	3	0	0
IS	369	1	1	0	0
IS	370	1	1	0	0
IS	371	0	0	0	0
IS	372	0	0	0	0
IS	373	0	0	0	0
IS	374	0	0	0	0
IS	375	1	1	0	0
IS	376	0	0	0	0
IS	377	2	2	0	0
IS	378	1	1	0	0
IS	379	1	1	0	0
IS	380	1	1	0	0
IS	381	0	0	0	0
IS	382	0	0	0	0
IS	383	1	1	0	0
IS	384	0	0	0	0
IS	385	0	0	0	0
IS	386	0	0	0	0
IS	387	2	2	0	0
IS	388	2	2	0	0
IS	389	0	0	0	0
IS	390	0	0	0	0
IS	391	1	1	0	0
IS	392	0	0	0	0
IS	393	0	0	0	0
IS	394	0	0	0	0
IS	395	1	1	0	0
IS	396	1	1	0	0
IS	397	0	0	0	0
IS	398	0	0	0	0
IS	399	0	0	0	0
IS	400	0	0	0	0
IS	401	0	0	0	0
IS	402	0	0	0	0
IS	403	0	0	0	0
IS	404	0	0	0	0
IS	405	1	1	0	0
IS	406	2	2	0	0
IS	407	2	2	0	0
IS	408	0	0	0	0
IS	409	1	1	0	0
IS	410	0	0	0	0
IS	411	1	1	0	0
IS	412	1	1	0	0
IS	413	2	2	0	0
IS	414	1	1	0	0
IS	415	0	0	0	0
IS	416	0	0	0	0
IS	417	0	0	0	0
IS	418	1	1	0	0
IS	419	0	0	0	0
IS	420	2	2	0	0
IS	421	1	1	0	0
IS	422	0	0	0	0
IS	423	1	1	0	0
IS	424	0	0	0	0
IS	425	0	0	0	0
IS	426	3	3	0	0
IS	427	0	0	0	0
IS	428	0	0	0	0
IS	429	0	0	0	0
IS	430	1	1	0	0
IS	431	2	2	0	0
IS	432	1	1	0	0
IS	433	1	1	0	0
IS	434	1	1	0	0
IS	435	3	3	0	0
IS	436	0	0	0	0
IS	437	1	1	0	0
IS	438	0	0	0	0
IS	439	1	1	0	0
IS	440	0	0	0	0
IS	441	3	3	0	0
IS	442	0	0	0	0
IS	443	3	3	0	0
IS	444	0	0	0	0
IS	445	2	2	0	0
IS	446	0	0	0	0
IS	447	2	2	0	0
IS	448	0	0	0	0
IS	449	2	2	0	0
IS	450	4	4	0	0
IS	451	0	0	0	0
IS	452	0	0	0	0
IS	453	2	2	0	0
IS	454	0	0	0	0
IS	455	0	0	0	0
IS	456	3	3	0	0
IS	457	4	4	0	0
IS	458	2	2	0	0
IS	459	1	1	0	0
IS	460	1	1	0	0
IS	461	0	0	0	0
IS	462	5	5	0	0
IS	463	1	1	0	0
IS	464	2	2	0	0
IS	465	0	0	0	0
IS	466	0	0	0	0
IS	467	1	1	0	0
IS	468	0	0	0	0
IS	469	1	1	0	0
IS	470	0	0	0	0
IS	471	0	0	0	0
IS	472	0	0	0	0
IS	473	1	1	0	0
IS	474	0	0	0	0
IS	475	1	1	0	0
IS	476	0	0	0	0
IS	477	2	2	0	0
IS	478	0	0	0	0
IS	479	0	0	0	0
IS	480	0	0	0	0
IS	481	0	0	0	0
IS	482	0	0	0	0
IS	483	0	0	0	0
IS	484	0	0	0	0
IS	485	0	0	0	0
IS	486	0	0	0	0
IS	487	0	0	0	0
IS	488	0	0	0	0
IS	489	0	0	0	0
IS	490	1	1	0	0
# Read lengths. Use `grep ^RL | cut -f 2-` to extract this part. The columns are: read length, count
RL	146	1
RL	147	1
RL	148	6
RL	149	7
RL	150	30
RL	151	318
# Read lengths - first fragments. Use `grep ^FRL | cut -f 2-` to extract this part. The columns are: read length, count
FRL	147	1
FRL	148	2
FRL	149	2
FRL	150	12
FRL	151	168
# Read lengths - last fragments. Use `grep ^LRL | cut -f 2-` to extract this part. The columns are: read length, count
LRL	146	1
LRL	148	4
LRL	149	5
LRL	150	18
LRL	151	150
# Mapping qualities for reads !(UNMAP|SECOND|SUPPL|QCFAIL|DUP). Use `grep ^MAPQ | cut -f 2-` to extract this part. The columns are: mapq, count
MAPQ	0	2
MAPQ	1	7
MAPQ	7	1
MAPQ	30	1
MAPQ	255	352
# Indel distribution. Use `grep ^ID | cut -f 2-` to extract this part. The columns are: length, number of insertions, number of deletions
ID	1	3	3
ID	3	1	0
# Indels per cycle. Use `grep ^IC | cut -f 2-` to extract this part. The columns are: cycle, number of insertions (fwd), .. (rev) , number of deletions (fwd), .. (rev)
IC	52	0	1	0	0
IC	54	0	0	0	1
IC	94	0	1	0	0
IC	115	0	0	0	1
IC	117	1	0	0	0
IC	125	0	1	0	0
IC	147	0	0	1	0
# Coverage distribution. Use `grep ^COV | cut -f 2-` to extract this part.
COV	[1-1]	1	39048
COV	[2-2]	2	5463
COV	[3-3]	3	1074
COV	[4-4]	4	385
# GC-depth. Use `grep ^GCD | cut -f 2-` to extract this part. The columns are: GC%, unique sequence percentiles, 10th, 25th, 50th, 75th and 90th depth percentile
GCD	0.0	2.740	0.000	0.000	0.000	0.000	0.000
GCD	1.6	4.110	0.038	0.038	0.038	0.038	0.038
GCD	23.0	5.479	0.015	0.015	0.015	0.015	0.015
GCD	26.0	8.219	0.015	0.015	0.023	0.030	0.030
GCD	27.0	10.959	0.015	0.015	0.030	0.045	0.045
GCD	28.0	12.329	0.038	0.038	0.038	0.038	0.038
GCD	30.0	21.918	0.015	0.030	0.045	0.060	0.075
GCD	31.0	26.027	0.030	0.030	0.045	0.060	0.060
GCD	32.0	32.877	0.015	0.023	0.045	0.053	0.053
GCD	33.0	42.466	0.015	0.015	0.030	0.045	0.090
GCD	34.0	50.685	0.023	0.034	0.045	0.049	0.060
GCD	35.0	69.863	0.011	0.026	0.030	0.045	0.083
GCD	36.0	78.082	0.015	0.015	0.026	0.043	0.083
GCD	37.0	89.041	0.008	0.015	0.023	0.038	0.068
GCD	38.0	93.151	0.015	0.015	0.030	0.075	0.075
GCD	39.0	95.890	0.075	0.075	0.098	0.121	0.121
GCD	40.0	100.000	0.015	0.015	0.015	0.068	0.068
