# This file was produced by samtools stats (1.21+htslib-1.21) and can be plotted using plot-bamstats
# This file contains statistics for all reads.
# The command line was:  stats NC.Staphy1.3F_sorted.bam
# CHK, Checksum	[2]Read Names	[3]Sequences	[4]Qualities
# CHK, CRC32 of reads which passed filtering followed by addition (32bit overflow)
CHK	83b00e88	92773a46	e85ada1b
# Summary Numbers. Use `grep ^SN | cut -f 2-` to extract this part.
SN	raw total sequences:	4	# excluding supplementary and secondary reads
SN	filtered sequences:	0
SN	sequences:	4
SN	is sorted:	1
SN	1st fragments:	2
SN	last fragments:	2
SN	reads mapped:	4
SN	reads mapped and paired:	4	# paired-end technology bit set + both mates mapped
SN	reads unmapped:	0
SN	reads properly paired:	4	# proper-pair bit set
SN	reads paired:	4	# paired-end technology bit set
SN	reads duplicated:	0	# PCR or optical duplicate bit set
SN	reads MQ0:	0	# mapped and MQ=0
SN	reads QC failed:	0
SN	non-primary alignments:	0
SN	supplementary alignments:	0
SN	total length:	603	# ignores clipping
SN	total first fragment length:	302	# ignores clipping
SN	total last fragment length:	301	# ignores clipping
SN	bases mapped:	603	# ignores clipping
SN	bases mapped (cigar):	603	# more accurate
SN	bases trimmed:	0
SN	bases duplicated:	0
SN	mismatches:	9	# from NM fields
SN	error rate:	1.492537e-02	# mismatches / bases mapped (cigar)
SN	average length:	151
SN	average first fragment length:	151
SN	average last fragment length:	150
SN	maximum length:	151
SN	maximum first fragment length:	151
SN	maximum last fragment length:	151
SN	average quality:	39.4
SN	insert size average:	282.5
SN	insert size standard deviation:	26.5
SN	inward oriented pairs:	2
SN	outward oriented pairs:	0
SN	pairs with other orientation:	0
SN	pairs on different chromosomes:	0
SN	percentage of properly paired reads (%):	100.0
# First Fragment Qualities. Use `grep ^FFQ | cut -f 2-` to extract this part.
# Columns correspond to qualities and rows to cycles. First column is the cycle number.
FFQ	1	0	0	0	0	0	0	0	0	0	0	0	0	0	0	0	0	0	0	0	0	0	0	0	0	0	0	0	0	0	0	0	0	2	0	0	0	0	0	0	0	0	0	0
FFQ	2	0	0	0	0	0	0	0	0	0	0	0	0	0	0	0	0	0	0	0	0	0	0	0	0	0	0	0	0	0	0	0	0	2	0	0	0	0	0	0	0	0	0	0
FFQ	3	0	0	0	0	0	0	0	0	0	0	0	0	0	0	0	0	0	0	0	0	0	0	0	0	0	0	0	0	0	0	0	0	0	0	0	0	0	2	0	0	0	0	0
FFQ	4	0	0	0	0	0	0	0	0	0	0	0	0	0	0	0	0	0	0	0	0	0	0	0	0	0	0	0	0	0	0	0	0	0	0	0	0	0	2	0	0	0	0	0
FFQ	5	0	0	0	0	0	0	0	0	0	0	0	0	0	0	0	0	0	0	0	0	0	0	0	0	0	0	0	0	0	0	0	0	0	0	0	0	0	2	0	0	0	0	0
FFQ	6	0	0	0	0	0	0	0	0	0	0	0	0	0	0	0	0	0	0	0	0	0	0	0	0	0	0	0	0	0	0	0	0	0	0	0	0	0	0	0	0	0	2	0
FFQ	7	0	0	0	0	0	0	0	0	0	0	0	0	0	0	0	0	0	0	0	0	0	0	0	0	0	0	0	0	0	0	0	0	0	0	0	0	0	0	0	0	0	2	0
FFQ	8	0	0	0	0	0	0	0	0	0	0	0	0	0	0	0	0	0	0	0	0	0	0	0	0	0	0	0	0	0	0	0	0	0	0	0	0	0	0	0	0	0	2	0
FFQ	9	0	0	0	0	0	0	0	0	0	0	0	0	0	0	0	0	0	0	0	0	0	0	0	0	0	0	0	0	0	0	0	0	0	0	0	0	0	0	0	0	0	2	0
FFQ	10	0	0	0	0	0	0	0	0	0	0	0	0	0	0	0	0	0	0	0	0	0	0	0	0	0	0	0	0	0	0	0	0	0	0	0	0	0	0	0	0	0	2	0
FFQ	11	0	0	0	0	0	0	0	0	0	0	0	0	0	0	0	0	0	0	0	0	0	0	0	0	0	0	0	0	0	0	0	0	0	0	0	0	0	0	0	0	0	2	0
FFQ	12	0	0	0	0	0	0	0	0	0	0	0	0	0	0	0	0	0	0	0	0	0	0	0	0	0	0	0	0	0	0	0	0	0	0	0	0	0	0	0	0	0	2	0
FFQ	13	0	0	0	0	0	0	0	0	0	0	0	0	0	0	0	0	0	0	0	0	0	0	0	0	0	0	0	0	0	0	0	0	0	0	0	0	0	0	0	0	0	2	0
FFQ	14	0	0	0	0	0	0	0	0	0	0	0	0	0	0	0	0	0	0	0	0	0	0	0	0	0	0	0	0	0	0	0	0	0	0	0	0	0	0	0	0	0	2	0
FFQ	15	0	0	0	0	0	0	0	0	0	0	0	0	0	0	0	0	0	0	0	0	0	0	0	0	0	0	0	0	0	0	0	0	0	0	0	0	0	0	0	0	0	2	0
FFQ	16	0	0	0	0	0	0	0	0	0	0	0	0	0	0	0	0	0	0	0	0	0	0	0	0	0	0	0	0	0	0	0	0	0	0	0	0	0	0	0	0	0	2	0
FFQ	17	0	0	0	0	0	0	0	0	0	0	0	0	0	0	0	0	0	0	0	0	0	0	0	0	0	0	0	0	0	0	0	0	0	0	0	0	0	0	0	0	0	2	0
FFQ	18	0	0	0	0	0	0	0	0	0	0	0	0	0	0	0	0	0	0	0	0	0	0	0	0	0	0	0	0	0	0	0	0	0	0	0	0	0	0	0	0	0	2	0
FFQ	19	0	0	0	0	0	0	0	0	0	0	0	0	0	0	0	0	0	0	0	0	0	0	0	0	0	0	0	0	0	0	0	0	0	0	0	0	0	0	0	0	0	2	0
FFQ	20	0	0	0	0	0	0	0	0	0	0	0	0	0	0	0	0	0	0	0	0	0	0	0	0	0	0	0	0	0	0	0	0	0	0	0	0	0	0	0	0	0	2	0
FFQ	21	0	0	0	0	0	0	0	0	0	0	0	0	0	0	0	0	0	0	0	0	0	0	0	0	0	0	0	0	0	0	0	0	0	0	0	0	0	0	0	0	0	2	0
FFQ	22	0	0	0	0	0	0	0	0	0	0	0	0	0	0	0	0	0	0	0	0	0	0	0	0	0	0	0	0	0	0	0	0	0	0	0	0	0	0	0	0	0	2	0
FFQ	23	0	0	0	0	0	0	0	0	0	0	0	0	0	0	0	0	0	0	0	0	0	0	0	0	0	0	0	0	0	0	0	0	0	0	0	0	0	0	0	0	0	2	0
FFQ	24	0	0	0	0	0	0	0	0	0	0	0	0	0	0	0	0	0	0	0	0	0	0	0	0	0	0	0	0	0	0	0	0	0	0	0	0	0	0	0	0	0	2	0
FFQ	25	0	0	0	0	0	0	0	0	0	0	0	0	0	0	0	0	0	0	0	0	0	0	0	0	0	0	0	0	0	0	0	0	0	0	0	0	0	0	0	0	0	2	0
FFQ	26	0	0	0	0	0	0	0	0	0	0	0	0	0	0	0	0	0	0	0	0	0	0	0	0	0	0	0	0	0	0	0	0	0	0	0	0	0	0	0	0	0	2	0
FFQ	27	0	0	0	0	0	0	0	0	0	0	0	0	0	0	0	0	0	0	0	0	0	0	0	0	0	0	0	0	0	0	0	0	0	0	0	0	0	0	0	0	0	2	0
FFQ	28	0	0	0	0	0	0	0	0	0	0	0	0	0	0	0	0	0	0	0	0	0	0	0	0	0	0	0	0	0	0	0	0	0	0	0	0	0	0	0	0	0	2	0
FFQ	29	0	0	0	0	0	0	0	0	0	0	0	0	0	0	0	0	0	0	0	0	0	0	0	0	0	0	0	0	0	0	0	0	0	0	0	0	0	0	0	0	0	2	0
FFQ	30	0	0	0	0	0	0	0	0	0	0	0	0	0	0	0	0	0	0	0	0	0	0	0	0	0	0	0	0	0	0	0	0	0	0	0	0	0	0	0	0	0	2	0
FFQ	31	0	0	0	0	0	0	0	0	0	0	0	0	0	0	0	0	0	0	0	0	0	0	0	0	0	0	0	0	0	0	0	0	0	0	0	0	0	0	0	0	0	2	0
FFQ	32	0	0	0	0	0	0	0	0	0	0	0	0	0	0	0	0	0	0	0	0	0	0	0	0	0	0	0	0	0	0	0	0	0	0	0	0	0	0	0	0	0	2	0
FFQ	33	0	0	0	0	0	0	0	0	0	0	0	0	0	0	0	0	0	0	0	0	0	0	0	0	0	0	0	0	0	0	0	0	0	0	0	0	0	0	0	0	0	2	0
FFQ	34	0	0	0	0	0	0	0	0	0	0	0	0	0	0	0	0	0	0	0	0	0	0	0	0	0	0	0	0	0	0	0	0	0	0	0	0	0	0	0	0	0	2	0
FFQ	35	0	0	0	0	0	0	0	0	0	0	0	0	0	0	0	0	0	0	0	0	0	0	0	0	0	0	0	0	0	0	0	0	0	0	0	0	0	0	0	0	0	2	0
FFQ	36	0	0	0	0	0	0	0	0	0	0	0	0	0	0	0	0	0	0	0	0	0	0	0	0	0	0	0	0	0	0	0	0	0	0	0	0	0	0	0	0	0	2	0
FFQ	37	0	0	0	0	0	0	0	0	0	0	0	0	0	0	0	0	0	0	0	0	0	0	0	0	0	0	0	0	0	0	0	0	0	0	0	0	0	0	0	0	0	2	0
FFQ	38	0	0	0	0	0	0	0	0	0	0	0	0	0	0	0	0	0	0	0	0	0	0	0	0	0	0	0	0	0	0	0	0	0	0	0	0	0	0	0	0	0	2	0
FFQ	39	0	0	0	0	0	0	0	0	0	0	0	0	0	0	0	0	0	0	0	0	0	0	0	0	0	0	0	0	0	0	0	0	0	0	0	0	0	0	0	0	0	2	0
FFQ	40	0	0	0	0	0	0	0	0	0	0	0	0	0	0	0	0	0	0	0	0	0	0	0	0	0	0	0	0	0	0	0	0	0	0	0	0	0	0	0	0	0	2	0
FFQ	41	0	0	0	0	0	0	0	0	0	0	0	0	0	0	0	0	0	0	0	0	0	0	0	0	0	0	0	0	0	0	0	0	0	0	0	0	0	0	0	0	0	2	0
FFQ	42	0	0	0	0	0	0	0	0	0	0	0	0	0	0	0	0	0	0	0	0	0	0	0	0	0	0	0	0	0	0	0	0	0	0	0	0	0	0	0	0	0	2	0
FFQ	43	0	0	0	0	0	0	0	0	0	0	0	0	0	0	0	0	0	0	0	0	0	0	0	0	0	0	0	0	0	0	0	0	0	0	0	0	0	0	0	0	0	2	0
FFQ	44	0	0	0	0	0	0	0	0	0	0	0	0	0	0	0	0	0	0	0	0	0	0	0	0	0	0	0	0	0	0	0	0	0	0	0	0	0	0	0	0	0	2	0
FFQ	45	0	0	0	0	0	0	0	0	0	0	0	0	0	0	0	0	0	0	0	0	0	0	0	0	0	0	0	0	0	0	0	0	0	0	0	0	0	0	0	0	0	2	0
FFQ	46	0	0	0	0	0	0	0	0	0	0	0	0	0	0	0	0	0	0	0	0	0	0	0	0	0	0	0	0	0	0	0	0	0	0	0	0	0	0	0	0	0	2	0
FFQ	47	0	0	0	0	0	0	0	0	0	0	0	0	0	0	0	0	0	0	0	0	0	0	0	0	0	0	0	0	0	0	0	0	0	0	0	0	0	0	0	0	0	2	0
FFQ	48	0	0	0	0	0	0	0	0	0	0	0	0	0	0	0	0	0	0	0	0	0	0	0	0	0	0	0	0	0	0	0	0	0	0	0	0	0	2	0	0	0	0	0
FFQ	49	0	0	0	0	0	0	0	0	0	0	0	0	0	0	0	0	0	0	0	0	0	0	0	0	0	0	0	0	0	0	0	0	0	0	0	0	0	0	0	0	0	2	0
FFQ	50	0	0	0	0	0	0	0	0	0	0	0	0	0	0	0	0	0	0	0	0	0	0	0	0	0	0	0	0	0	0	0	0	0	0	0	0	0	0	0	0	0	2	0
FFQ	51	0	0	0	0	0	0	0	0	0	0	0	0	0	0	0	0	0	0	0	0	0	0	0	0	0	0	0	0	0	0	0	0	0	0	0	0	0	0	0	0	0	2	0
FFQ	52	0	0	0	0	0	0	0	0	0	0	0	0	0	0	0	0	0	0	0	0	0	0	0	0	0	0	0	0	0	0	0	0	0	0	0	0	0	0	0	0	0	2	0
FFQ	53	0	0	0	0	0	0	0	0	0	0	0	0	0	0	0	0	0	0	0	0	0	0	0	0	0	0	0	0	0	0	0	0	0	0	0	0	0	0	0	0	0	2	0
FFQ	54	0	0	0	0	0	0	0	0	0	0	0	0	0	0	0	0	0	0	0	0	0	0	0	0	0	0	0	0	0	0	0	0	0	0	0	0	0	0	0	0	0	2	0
FFQ	55	0	0	0	0	0	0	0	0	0	0	0	0	0	0	0	0	0	0	0	0	0	0	0	0	0	0	0	0	0	0	0	0	0	0	0	0	0	0	0	0	0	2	0
FFQ	56	0	0	0	0	0	0	0	0	0	0	0	0	0	0	0	0	0	0	0	0	0	0	0	0	0	0	0	0	0	0	0	0	0	0	0	0	0	0	0	0	0	2	0
FFQ	57	0	0	0	0	0	0	0	0	0	0	0	0	0	0	0	0	0	0	0	0	0	0	0	0	0	0	0	0	0	0	0	0	0	0	0	0	0	0	0	0	0	2	0
FFQ	58	0	0	0	0	0	0	0	0	0	0	0	0	0	0	0	0	0	0	0	0	0	0	0	0	0	0	0	0	0	0	0	0	0	0	0	0	0	0	0	0	0	2	0
FFQ	59	0	0	0	0	0	0	0	0	0	0	0	0	0	0	0	0	0	0	0	0	0	0	0	0	0	0	0	0	0	0	0	0	0	0	0	0	0	0	0	0	0	2	0
FFQ	60	0	0	0	0	0	0	0	0	0	0	0	0	0	0	0	0	0	0	0	0	0	0	0	0	0	0	0	0	0	0	0	0	0	0	0	0	0	0	0	0	0	2	0
FFQ	61	0	0	0	0	0	0	0	0	0	0	0	0	0	0	0	0	0	0	0	0	0	0	0	0	0	0	0	0	0	0	0	0	0	0	0	0	0	0	0	0	0	2	0
FFQ	62	0	0	0	0	0	0	0	0	0	0	0	0	0	0	0	0	0	0	0	0	0	0	0	0	0	0	0	0	0	0	0	0	0	0	0	0	0	0	0	0	0	2	0
FFQ	63	0	0	0	0	0	0	0	0	0	0	0	0	0	0	0	0	0	0	0	0	0	0	0	0	0	0	0	0	0	0	0	0	0	0	0	0	0	0	0	0	0	2	0
FFQ	64	0	0	0	0	0	0	0	0	0	0	0	0	0	0	0	0	0	0	0	0	0	0	0	0	0	0	0	0	0	0	0	0	0	0	0	0	0	0	0	0	0	2	0
FFQ	65	0	0	0	0	0	0	0	0	0	0	0	0	0	0	0	0	0	0	0	0	0	0	1	0	0	0	0	0	0	0	0	0	0	0	0	0	0	0	0	0	0	1	0
FFQ	66	0	0	0	0	0	0	0	0	0	0	0	0	0	0	0	0	0	0	0	0	0	0	0	0	0	0	0	0	0	0	0	0	0	0	0	0	0	0	0	0	0	2	0
FFQ	67	0	0	0	0	0	0	0	0	0	0	0	0	0	0	0	0	0	0	0	0	0	0	0	0	0	0	0	0	0	0	0	0	0	0	0	0	0	0	0	0	0	2	0
FFQ	68	0	0	0	0	0	0	0	0	0	0	0	0	0	0	0	0	0	0	0	0	0	0	0	0	0	0	0	0	0	0	0	0	0	0	0	0	0	0	0	0	0	2	0
FFQ	69	0	0	0	0	0	0	0	0	0	0	0	0	0	0	0	0	0	0	0	0	0	0	0	0	0	0	0	0	0	0	0	0	0	0	0	0	0	0	0	0	0	2	0
FFQ	70	0	0	0	0	0	0	0	0	0	0	0	0	0	0	0	0	0	0	0	0	0	0	0	0	0	0	0	0	0	0	0	0	0	0	0	0	0	0	0	0	0	2	0
FFQ	71	0	0	0	0	0	0	0	0	0	0	0	0	0	0	0	0	0	0	0	0	0	0	0	0	0	0	0	0	0	0	0	0	0	0	0	0	0	0	0	0	0	2	0
FFQ	72	0	0	0	0	0	0	0	0	0	0	0	0	0	0	0	0	0	0	0	0	0	0	0	0	0	0	0	0	0	0	0	0	0	0	0	0	0	0	0	0	0	2	0
FFQ	73	0	0	0	0	0	0	0	0	0	0	0	0	0	0	0	0	0	0	0	0	0	0	0	0	0	0	0	0	0	0	0	0	0	0	0	0	0	0	0	0	0	2	0
FFQ	74	0	0	0	0	0	0	0	0	0	0	0	0	0	0	0	0	0	0	0	0	0	0	0	0	0	0	0	0	0	0	0	0	0	0	0	0	0	0	0	0	0	2	0
FFQ	75	0	0	0	0	0	0	0	0	0	0	0	0	0	0	0	0	0	0	0	0	0	0	0	0	0	0	0	0	0	0	0	0	0	0	0	0	0	0	0	0	0	2	0
FFQ	76	0	0	0	0	0	0	0	0	0	0	0	0	0	0	0	0	0	0	0	0	0	0	0	0	0	0	0	0	0	0	0	0	0	0	0	0	0	0	0	0	0	2	0
FFQ	77	0	0	0	0	0	0	0	0	0	0	0	0	0	0	0	0	0	0	0	0	0	0	0	0	0	0	0	0	0	0	0	0	0	0	0	0	0	1	0	0	0	1	0
FFQ	78	0	0	0	0	0	0	0	0	0	0	0	0	0	0	0	0	0	0	0	0	0	0	0	0	0	0	0	0	0	0	0	0	0	0	0	0	0	0	0	0	0	2	0
FFQ	79	0	0	0	0	0	0	0	0	0	0	0	0	0	0	0	0	0	0	0	0	0	0	0	0	0	0	0	0	0	0	0	0	0	0	0	0	0	0	0	0	0	2	0
FFQ	80	0	0	0	0	0	0	0	0	0	0	0	0	0	0	0	0	0	0	0	0	0	0	0	0	0	0	0	0	0	0	0	0	0	0	0	0	0	0	0	0	0	2	0
FFQ	81	0	0	0	0	0	0	0	0	0	0	0	0	0	0	0	0	0	0	0	0	0	0	0	0	0	0	0	0	0	0	0	0	0	0	0	0	0	0	0	0	0	2	0
FFQ	82	0	0	0	0	0	0	0	0	0	0	0	0	0	0	0	0	0	0	0	0	0	0	0	0	0	0	0	0	0	0	0	0	0	0	0	0	0	0	0	0	0	2	0
FFQ	83	0	0	0	0	0	0	0	0	0	0	0	0	0	0	0	0	0	0	0	0	0	0	0	0	0	0	0	0	0	0	0	0	0	0	0	0	0	0	0	0	0	2	0
FFQ	84	0	0	0	0	0	0	0	0	0	0	0	0	0	0	0	0	0	0	0	0	0	0	0	0	0	0	0	0	0	0	0	0	0	0	0	0	0	0	0	0	0	2	0
FFQ	85	0	0	0	0	0	0	0	0	0	0	0	0	0	0	0	0	0	0	0	0	0	0	0	0	0	0	0	0	0	0	0	0	0	0	0	0	0	0	0	0	0	2	0
FFQ	86	0	0	0	0	0	0	0	0	0	0	0	0	0	0	0	0	0	0	0	0	0	0	0	0	0	0	0	0	0	0	0	0	0	0	0	0	0	0	0	0	0	2	0
FFQ	87	0	0	0	0	0	0	0	0	0	0	0	0	0	0	0	0	0	0	0	0	0	0	0	0	0	0	0	0	0	0	0	0	0	0	0	0	0	0	0	0	0	2	0
FFQ	88	0	0	0	0	0	0	0	0	0	0	0	0	0	0	0	0	0	0	0	0	0	0	0	0	0	0	0	0	0	0	0	0	0	0	0	0	0	0	0	0	0	2	0
FFQ	89	0	0	0	0	0	0	0	0	0	0	0	0	0	0	0	0	0	0	0	0	0	0	0	0	0	0	0	0	0	0	0	0	0	0	0	0	0	0	0	0	0	2	0
FFQ	90	0	0	0	0	0	0	0	0	0	0	0	0	0	0	0	0	0	0	0	0	0	0	0	0	0	0	0	0	0	0	0	0	0	0	0	0	0	0	0	0	0	2	0
FFQ	91	0	0	0	0	0	0	0	0	0	0	0	0	0	0	0	0	0	0	0	0	0	0	0	0	0	0	0	0	0	0	0	0	0	0	0	0	0	0	0	0	0	2	0
FFQ	92	0	0	0	0	0	0	0	0	0	0	0	0	0	0	0	0	0	0	0	0	0	0	0	0	0	0	0	0	0	0	0	0	0	0	0	0	0	0	0	0	0	2	0
FFQ	93	0	0	0	0	0	0	0	0	0	0	0	0	0	0	0	0	0	0	0	0	0	0	0	0	0	0	0	0	0	0	0	0	0	0	0	0	0	0	0	0	0	2	0
FFQ	94	0	0	0	0	0	0	0	0	0	0	0	0	0	0	0	0	0	0	0	0	0	0	0	0	0	0	0	0	0	0	0	0	0	0	0	0	0	0	0	0	0	2	0
FFQ	95	0	0	0	0	0	0	0	0	0	0	0	0	0	0	0	0	0	0	0	0	0	0	0	0	0	0	0	0	0	0	0	0	0	0	0	0	0	0	0	0	0	2	0
FFQ	96	0	0	0	0	0	0	0	0	0	0	0	0	0	0	0	0	0	0	0	0	0	0	0	0	0	0	0	0	0	0	0	0	0	0	0	0	0	0	0	0	0	2	0
FFQ	97	0	0	0	0	0	0	0	0	0	0	0	0	0	0	0	0	0	0	0	0	0	0	0	0	0	0	0	0	0	0	0	0	0	0	0	0	0	0	0	0	0	2	0
FFQ	98	0	0	0	0	0	0	0	0	0	0	0	0	0	0	0	0	0	0	0	0	0	0	0	0	0	0	0	0	0	0	0	0	0	0	0	0	0	0	0	0	0	2	0
FFQ	99	0	0	0	0	0	0	0	0	0	0	0	0	0	0	0	0	0	0	0	0	0	0	0	0	0	0	0	0	0	0	0	0	0	0	0	0	0	0	0	0	0	2	0
FFQ	100	0	0	0	0	0	0	0	0	0	0	0	0	0	0	0	0	0	0	0	0	0	0	0	0	0	0	0	0	0	0	0	0	0	0	0	0	0	0	0	0	0	2	0
FFQ	101	0	0	0	0	0	0	0	0	0	0	0	0	0	0	0	0	0	0	0	0	0	0	0	0	0	0	0	0	0	0	0	0	0	0	0	0	0	1	0	0	0	1	0
FFQ	102	0	0	0	0	0	0	0	0	0	0	0	0	0	0	0	0	0	0	0	0	0	0	0	0	0	0	0	0	0	0	0	0	0	0	0	0	0	0	0	0	0	2	0
FFQ	103	0	0	0	0	0	0	0	0	0	0	0	0	0	0	0	0	0	0	0	0	0	0	0	0	0	0	0	0	0	0	0	0	0	0	0	0	0	0	0	0	0	2	0
FFQ	104	0	0	0	0	0	0	0	0	0	0	0	0	0	0	0	0	0	0	0	0	0	0	0	0	0	0	0	0	0	0	0	0	0	0	0	0	0	0	0	0	0	2	0
FFQ	105	0	0	0	0	0	0	0	0	0	0	0	0	0	0	0	0	0	0	0	0	0	0	0	0	0	0	0	0	0	0	0	0	0	0	0	0	0	0	0	0	0	2	0
FFQ	106	0	0	0	0	0	0	0	0	0	0	0	0	0	0	0	0	0	0	0	0	0	0	0	0	0	0	0	0	0	0	0	0	0	0	0	0	0	0	0	0	0	2	0
FFQ	107	0	0	0	0	0	0	0	0	0	0	0	0	0	0	0	0	0	0	0	0	0	0	0	0	0	0	0	0	0	0	0	0	0	0	0	0	0	0	0	0	0	2	0
FFQ	108	0	0	0	0	0	0	0	0	0	0	0	0	0	0	0	0	0	0	0	0	0	0	0	0	0	0	0	0	0	0	0	0	0	0	0	0	0	0	0	0	0	2	0
FFQ	109	0	0	0	0	0	0	0	0	0	0	0	0	0	0	0	0	0	0	0	0	0	0	0	0	0	0	0	1	0	0	0	0	0	0	0	0	0	0	0	0	0	1	0
FFQ	110	0	0	0	0	0	0	0	0	0	0	0	0	0	0	0	0	0	0	0	0	0	0	0	0	0	0	0	0	0	0	0	0	0	0	0	0	0	1	0	0	0	1	0
FFQ	111	0	0	0	0	0	0	0	0	0	0	0	0	0	0	0	0	0	0	0	0	0	0	0	0	0	0	0	0	0	0	0	0	0	0	0	0	0	0	0	0	0	2	0
FFQ	112	0	0	0	0	0	0	0	0	0	0	0	0	0	0	0	0	0	0	0	0	0	0	0	0	0	0	0	0	0	0	0	0	0	0	0	0	0	1	0	0	0	1	0
FFQ	113	0	0	0	0	0	0	0	0	0	0	0	0	0	0	0	0	0	0	0	0	0	0	0	0	0	0	0	0	0	0	0	0	0	0	0	0	0	1	0	0	0	1	0
FFQ	114	0	0	0	0	0	0	0	0	0	0	0	0	0	0	0	0	0	0	0	0	0	0	0	0	0	0	0	0	0	0	0	0	0	0	0	0	0	0	0	0	0	2	0
FFQ	115	0	0	0	0	0	0	0	0	0	0	0	0	0	0	0	0	0	0	0	0	0	0	0	0	0	0	0	0	0	0	0	0	0	0	0	0	0	0	0	0	0	2	0
FFQ	116	0	0	0	0	0	0	0	0	0	0	0	0	0	0	0	0	0	0	0	0	0	0	0	0	0	0	0	0	0	0	0	0	0	0	0	0	0	0	0	0	0	2	0
FFQ	117	0	0	0	0	0	0	0	0	0	0	0	0	0	0	0	0	0	0	0	0	0	0	0	0	0	0	0	0	0	0	0	0	0	0	0	0	0	0	0	0	0	2	0
FFQ	118	0	0	0	0	0	0	0	0	0	0	0	0	0	0	0	0	0	0	0	0	0	0	0	0	0	0	0	0	0	0	0	0	0	0	0	0	0	0	0	0	0	2	0
FFQ	119	0	0	0	0	0	0	0	0	0	0	0	0	0	0	0	0	0	0	0	0	0	0	0	0	0	0	0	0	0	0	0	0	0	0	0	0	0	0	0	0	0	2	0
FFQ	120	0	0	0	0	0	0	0	0	0	0	0	0	0	0	0	0	0	0	0	0	0	0	0	0	0	0	0	0	0	0	0	0	0	0	0	0	0	1	0	0	0	1	0
FFQ	121	0	0	0	0	0	0	0	0	0	0	0	0	0	0	0	0	0	0	0	0	0	0	0	0	0	0	0	0	0	0	0	0	0	0	0	0	0	1	0	0	0	1	0
FFQ	122	0	0	0	0	0	0	0	0	0	0	0	0	0	0	0	0	0	0	0	0	0	0	0	0	0	0	0	0	0	0	0	0	0	0	0	0	0	0	0	0	0	2	0
FFQ	123	0	0	0	0	0	0	0	0	0	0	0	0	0	0	0	0	0	0	0	0	0	0	0	0	0	0	0	1	0	0	0	0	0	0	0	0	0	0	0	0	0	1	0
FFQ	124	0	0	0	0	0	0	0	0	0	0	0	0	0	0	0	0	0	0	0	0	0	0	0	0	0	0	0	0	0	0	0	0	0	0	0	0	0	1	0	0	0	1	0
FFQ	125	0	0	0	0	0	0	0	0	0	0	0	0	0	0	0	0	0	0	0	0	0	0	0	0	0	0	0	0	0	0	0	0	0	0	0	0	0	0	0	0	0	2	0
FFQ	126	0	0	0	0	0	0	0	0	0	0	0	0	0	0	0	0	0	0	0	0	0	0	0	0	0	0	0	0	0	0	0	0	0	0	0	0	0	0	0	0	0	2	0
FFQ	127	0	0	0	0	0	0	0	0	0	0	0	0	0	0	0	0	0	0	0	0	0	0	0	0	0	0	0	0	0	0	0	0	0	0	0	0	0	0	0	0	0	2	0
FFQ	128	0	0	0	0	0	0	0	0	0	0	0	0	0	0	0	0	0	0	0	0	0	0	0	0	0	0	0	0	0	0	0	0	0	0	0	0	0	0	0	0	0	2	0
FFQ	129	0	0	0	0	0	0	0	0	0	0	0	0	0	0	0	0	0	0	0	0	0	0	0	0	0	0	0	0	0	0	0	0	0	0	0	0	0	1	0	0	0	1	0
FFQ	130	0	0	0	0	0	0	0	0	0	0	0	0	0	0	0	0	0	0	0	0	0	0	0	0	0	0	0	0	0	0	0	0	0	0	0	0	0	0	0	0	0	2	0
FFQ	131	0	0	0	0	0	0	0	0	0	0	0	0	0	0	0	0	0	0	0	0	0	0	0	0	0	0	0	0	0	0	0	0	1	0	0	0	0	0	0	0	0	1	0
FFQ	132	0	0	0	0	0	0	0	0	0	0	0	0	0	0	0	0	0	0	0	0	0	0	0	0	0	0	0	0	0	0	0	0	0	0	0	0	0	0	0	0	0	2	0
FFQ	133	0	0	0	0	0	0	0	0	0	0	0	0	0	0	0	0	0	0	0	0	0	0	0	0	0	0	0	0	0	0	0	0	0	0	0	0	0	0	0	0	0	2	0
FFQ	134	0	0	0	0	0	0	0	0	0	0	0	0	0	0	0	0	0	0	0	0	0	0	0	0	0	0	0	0	0	0	0	0	0	0	0	0	0	0	0	0	0	2	0
FFQ	135	0	0	0	0	0	0	0	0	0	0	0	0	0	0	0	0	0	0	0	0	0	0	0	0	0	0	0	0	0	0	0	0	0	0	0	0	0	0	0	0	0	2	0
FFQ	136	0	0	0	0	0	0	0	0	0	0	0	0	0	0	0	0	0	0	0	0	0	0	0	0	0	0	0	0	0	0	0	0	0	0	0	0	0	0	0	0	0	2	0
FFQ	137	0	0	0	0	0	0	0	0	0	0	0	0	0	0	0	0	0	0	0	0	0	0	0	0	0	0	0	0	0	0	0	0	0	0	0	0	0	0	0	0	0	2	0
FFQ	138	0	0	0	0	0	0	0	0	0	0	0	0	0	0	0	0	0	0	0	0	0	0	0	0	0	0	0	0	0	0	0	0	0	0	0	0	0	0	0	0	0	2	0
FFQ	139	0	0	0	0	0	0	0	0	0	0	0	0	0	0	0	0	0	0	0	0	0	0	0	0	0	0	0	0	0	0	0	0	0	0	0	0	0	0	0	0	0	2	0
FFQ	140	0	0	0	0	0	0	0	0	0	0	0	0	0	0	0	0	0	0	0	0	0	0	0	0	0	0	0	0	0	0	0	0	0	0	0	0	0	0	0	0	0	2	0
FFQ	141	0	0	0	0	0	0	0	0	0	0	0	0	0	0	0	0	0	0	0	0	0	0	0	0	0	0	0	0	0	0	0	0	0	0	0	0	0	0	0	0	0	2	0
FFQ	142	0	0	0	0	0	0	0	0	0	0	0	0	0	0	0	0	0	0	0	0	0	0	0	0	0	0	0	0	0	0	0	0	0	0	0	0	0	0	0	0	0	2	0
FFQ	143	0	0	0	0	0	0	0	0	0	0	0	0	0	0	0	0	0	0	0	0	0	0	0	0	0	0	0	0	0	0	0	0	0	0	0	0	0	0	0	0	0	2	0
FFQ	144	0	0	0	0	0	0	0	0	0	0	0	0	0	0	0	0	0	0	0	0	0	0	0	0	0	0	0	0	0	0	0	0	0	0	0	0	0	0	0	0	0	2	0
FFQ	145	0	0	0	0	0	0	0	0	0	0	0	0	0	0	0	0	0	0	0	0	0	0	0	0	0	0	0	0	0	0	0	0	0	0	0	0	0	0	0	0	0	2	0
FFQ	146	0	0	0	0	0	0	0	0	0	0	0	0	0	0	0	0	0	0	0	0	0	0	0	0	0	0	0	0	0	0	0	0	1	0	0	0	0	0	0	0	0	1	0
FFQ	147	0	0	0	0	0	0	0	0	0	0	0	0	0	0	0	0	0	0	0	0	0	0	0	0	0	0	0	0	0	0	0	0	0	0	0	0	0	1	0	0	0	1	0
FFQ	148	0	0	0	0	0	0	0	0	0	0	0	0	0	0	0	0	0	0	0	0	0	0	0	0	0	0	0	0	0	0	0	0	0	0	0	0	0	1	0	0	0	1	0
FFQ	149	0	0	0	0	0	0	0	0	0	0	0	0	0	0	0	0	0	0	0	0	0	0	0	0	0	0	0	0	0	0	0	0	0	0	0	0	0	2	0	0	0	0	0
FFQ	150	0	0	0	0	0	0	0	0	0	0	0	0	0	0	0	0	0	0	0	0	0	0	0	0	0	0	0	0	0	0	0	0	0	0	0	0	0	1	0	0	0	1	0
FFQ	151	0	0	0	0	0	0	0	0	0	0	0	0	0	0	0	0	0	0	0	0	0	0	0	0	0	0	0	0	0	0	0	0	1	0	0	0	0	0	0	0	0	1	0
# Last Fragment Qualities. Use `grep ^LFQ | cut -f 2-` to extract this part.
# Columns correspond to qualities and rows to cycles. First column is the cycle number.
LFQ	1	0	0	0	0	0	0	0	0	0	0	0	0	0	0	0	0	0	0	0	0	0	0	0	0	0	0	0	0	0	0	0	0	2	0	0	0	0	0	0	0	0	0	0
LFQ	2	0	0	0	0	0	0	0	0	0	0	0	0	0	0	0	0	0	0	0	0	0	0	0	0	0	0	0	0	0	0	0	0	2	0	0	0	0	0	0	0	0	0	0
LFQ	3	0	0	0	0	0	0	0	0	0	0	0	0	0	0	0	0	0	0	0	0	0	0	0	0	0	0	0	0	0	0	0	0	1	0	0	0	0	1	0	0	0	0	0
LFQ	4	0	0	0	0	0	0	0	0	0	0	0	0	0	0	0	0	0	0	0	0	0	0	0	0	0	0	0	0	0	0	0	0	0	0	0	0	0	2	0	0	0	0	0
LFQ	5	0	0	0	0	0	0	0	0	0	0	0	0	0	0	0	0	0	0	0	0	0	0	0	0	0	0	0	0	0	0	0	0	0	0	0	0	0	2	0	0	0	0	0
LFQ	6	0	0	0	0	0	0	0	0	0	0	0	0	0	0	0	0	0	0	0	0	0	0	0	0	0	0	0	0	0	0	0	0	0	0	0	0	0	0	0	0	0	2	0
LFQ	7	0	0	0	0	0	0	0	0	0	0	0	0	0	0	0	0	0	0	0	0	0	0	0	0	0	0	0	0	0	0	0	0	0	0	0	0	0	0	0	0	0	2	0
LFQ	8	0	0	0	0	0	0	0	0	0	0	0	0	0	0	0	0	0	0	0	0	0	0	0	0	0	0	0	0	0	0	0	0	0	0	0	0	0	0	0	0	0	2	0
LFQ	9	0	0	0	0	0	0	0	0	0	0	0	0	0	0	0	0	0	0	0	0	0	0	0	0	0	0	0	0	0	0	0	0	0	0	0	0	0	0	0	0	0	2	0
LFQ	10	0	0	0	0	0	0	0	0	0	0	0	0	0	0	0	0	0	0	0	0	0	0	0	0	0	0	0	0	0	0	0	0	0	0	0	0	0	0	0	0	0	2	0
LFQ	11	0	0	0	0	0	0	0	0	0	0	0	0	0	0	0	0	0	0	0	0	0	0	0	0	0	0	0	0	0	0	0	0	0	0	0	0	0	0	0	0	0	2	0
LFQ	12	0	0	0	0	0	0	0	0	0	0	0	0	0	0	0	0	0	0	0	0	0	0	0	0	0	0	0	0	0	0	0	0	0	0	0	0	0	0	0	0	0	2	0
LFQ	13	0	0	0	0	0	0	0	0	0	0	0	0	0	0	0	0	0	0	0	0	0	0	0	0	0	0	0	0	0	0	0	0	0	0	0	0	0	0	0	0	0	2	0
LFQ	14	0	0	0	0	0	0	0	0	0	0	0	0	0	0	0	0	0	0	0	0	0	0	0	0	0	0	0	0	0	0	0	0	0	0	0	0	0	1	0	0	0	1	0
LFQ	15	0	0	0	0	0	0	0	0	0	0	0	0	0	0	0	0	0	0	0	0	0	0	0	0	0	0	0	0	0	0	0	0	0	0	0	0	0	1	0	0	0	1	0
LFQ	16	0	0	0	0	0	0	0	0	0	0	0	0	0	0	0	0	0	0	0	0	0	0	0	0	0	0	0	0	0	0	0	0	0	0	0	0	0	0	0	0	0	2	0
LFQ	17	0	0	0	0	0	0	0	0	0	0	0	0	0	0	0	0	0	0	0	0	0	0	0	0	0	0	0	0	0	0	0	0	0	0	0	0	0	0	0	0	0	2	0
LFQ	18	0	0	0	0	0	0	0	0	0	0	0	0	0	0	0	0	0	0	0	0	0	0	0	0	0	0	0	0	0	0	0	0	0	0	0	0	0	0	0	0	0	2	0
LFQ	19	0	0	0	0	0	0	0	0	0	0	0	0	0	0	0	0	0	0	0	0	0	0	0	0	0	0	0	0	0	0	0	0	0	0	0	0	0	0	0	0	0	2	0
LFQ	20	0	0	0	0	0	0	0	0	0	0	0	0	0	0	0	0	0	0	0	0	0	0	0	0	0	0	0	0	0	0	0	0	0	0	0	0	0	0	0	0	0	2	0
LFQ	21	0	0	0	0	0	0	0	0	0	0	0	0	0	0	0	0	0	0	0	0	0	0	0	0	0	0	0	0	0	0	0	0	0	0	0	0	0	0	0	0	0	2	0
LFQ	22	0	0	0	0	0	0	0	0	0	0	0	0	0	0	0	0	0	0	0	0	0	0	0	0	0	0	0	0	0	0	0	0	0	0	0	0	0	0	0	0	0	2	0
LFQ	23	0	0	0	0	0	0	0	0	0	0	0	0	0	0	0	0	0	0	0	0	0	0	0	0	0	0	0	0	0	0	0	0	0	0	0	0	0	0	0	0	0	2	0
LFQ	24	0	0	0	0	0	0	0	0	0	0	0	0	0	0	0	0	0	0	0	0	0	0	0	0	0	0	0	0	0	0	0	0	0	0	0	0	0	0	0	0	0	2	0
LFQ	25	0	0	0	0	0	0	0	0	0	0	0	0	0	0	0	0	0	0	0	0	0	0	0	0	0	0	0	0	0	0	0	0	0	0	0	0	0	0	0	0	0	2	0
LFQ	26	0	0	0	0	0	0	0	0	0	0	0	0	0	0	0	0	0	0	0	0	0	0	0	0	0	0	0	0	0	0	0	0	0	0	0	0	0	1	0	0	0	1	0
LFQ	27	0	0	0	0	0	0	0	0	0	0	0	0	0	0	0	0	0	0	0	0	0	0	0	0	0	0	0	0	0	0	0	0	0	0	0	0	0	0	0	0	0	2	0
LFQ	28	0	0	0	0	0	0	0	0	0	0	0	0	0	0	0	0	0	0	0	0	0	0	0	0	0	0	0	0	0	0	0	0	0	0	0	0	0	1	0	0	0	1	0
LFQ	29	0	0	0	0	0	0	0	0	0	0	0	0	0	0	0	0	0	0	0	0	0	0	0	0	0	0	0	0	0	0	0	0	0	0	0	0	0	0	0	0	0	2	0
LFQ	30	0	0	0	0	0	0	0	0	0	0	0	0	0	0	0	0	0	0	0	0	0	0	0	0	0	0	0	0	0	0	0	0	0	0	0	0	0	0	0	0	0	2	0
LFQ	31	0	0	0	0	0	0	0	0	0	0	0	0	0	0	0	0	0	0	0	0	0	0	0	0	0	0	0	0	0	0	0	0	0	0	0	0	0	1	0	0	0	1	0
LFQ	32	0	0	0	0	0	0	0	0	0	0	0	0	0	0	0	0	0	0	0	0	0	0	0	0	0	0	0	0	0	0	0	0	0	0	0	0	0	1	0	0	0	1	0
LFQ	33	0	0	0	0	0	0	0	0	0	0	0	0	0	0	0	0	0	0	0	0	0	0	0	0	0	0	0	0	0	0	0	0	0	0	0	0	0	0	0	0	0	2	0
LFQ	34	0	0	0	0	0	0	0	0	0	0	0	0	0	0	0	0	0	0	0	0	0	0	0	0	0	0	0	0	0	0	0	0	0	0	0	0	0	1	0	0	0	1	0
LFQ	35	0	0	0	0	0	0	0	0	0	0	0	0	0	0	0	0	0	0	0	0	0	0	0	0	0	0	0	0	0	0	0	0	1	0	0	0	0	0	0	0	0	1	0
LFQ	36	0	0	0	0	0	0	0	0	0	0	0	0	0	0	0	0	0	0	0	0	0	0	0	0	0	0	0	0	0	0	0	0	0	0	0	0	0	0	0	0	0	2	0
LFQ	37	0	0	0	0	0	0	0	0	0	0	0	0	0	0	0	0	0	0	0	0	0	0	0	0	0	0	0	0	0	0	0	0	0	0	0	0	0	0	0	0	0	2	0
LFQ	38	0	0	0	0	0	0	0	0	0	0	0	0	0	0	0	0	0	0	0	0	0	0	0	0	0	0	0	0	0	0	0	0	0	0	0	0	0	0	0	0	0	2	0
LFQ	39	0	0	0	0	0	0	0	0	0	0	0	0	0	0	0	0	0	0	0	0	0	0	0	0	0	0	0	0	0	0	0	0	0	0	0	0	0	0	0	0	0	2	0
LFQ	40	0	0	0	0	0	0	0	0	0	0	0	0	0	0	0	0	0	0	0	0	0	0	0	0	0	0	0	0	0	0	0	0	0	0	0	0	0	0	0	0	0	2	0
LFQ	41	0	0	0	0	0	0	0	0	0	0	0	0	0	0	0	0	0	0	0	0	0	0	0	0	0	0	0	0	0	0	0	0	0	0	0	0	0	0	0	0	0	2	0
LFQ	42	0	0	0	0	0	0	0	0	0	0	0	0	0	0	0	0	0	0	0	0	0	0	0	0	0	0	0	0	0	0	0	0	0	0	0	0	0	0	0	0	0	2	0
LFQ	43	0	0	0	0	0	0	0	0	0	0	0	0	0	0	0	0	0	0	0	0	0	0	0	0	0	0	0	0	0	0	0	0	0	0	0	0	0	0	0	0	0	2	0
LFQ	44	0	0	0	0	0	0	0	0	0	0	0	0	0	0	0	0	0	0	0	0	0	0	0	0	0	0	0	0	0	0	0	0	0	0	0	0	0	0	0	0	0	2	0
LFQ	45	0	0	0	0	0	0	0	0	0	0	0	0	0	0	0	0	0	0	0	0	0	0	0	0	0	0	0	0	0	0	0	0	0	0	0	0	0	0	0	0	0	2	0
LFQ	46	0	0	0	0	0	0	0	0	0	0	0	0	0	0	0	0	0	0	0	0	0	0	0	0	0	0	0	0	0	0	0	0	0	0	0	0	0	0	0	0	0	2	0
LFQ	47	0	0	0	0	0	0	0	0	0	0	0	0	0	0	0	0	0	0	0	0	0	0	0	0	0	0	0	0	0	0	0	0	0	0	0	0	0	0	0	0	0	2	0
LFQ	48	0	0	0	0	0	0	0	0	0	0	0	0	0	0	0	0	0	0	0	0	0	0	0	0	0	0	0	0	0	0	0	0	0	0	0	0	0	0	0	0	0	2	0
LFQ	49	0	0	0	0	0	0	0	0	0	0	0	0	0	0	0	0	0	0	0	0	0	0	0	0	0	0	0	0	0	0	0	0	0	0	0	0	0	1	0	0	0	1	0
LFQ	50	0	0	0	0	0	0	0	0	0	0	0	0	0	0	0	0	0	0	0	0	0	0	0	0	0	0	0	0	0	0	0	0	0	0	0	0	0	0	0	0	0	2	0
LFQ	51	0	0	0	0	0	0	0	0	0	0	0	0	0	0	0	0	0	0	0	0	0	0	0	0	0	0	0	0	0	0	0	0	0	0	0	0	0	1	0	0	0	1	0
LFQ	52	0	0	0	0	0	0	0	0	0	0	0	0	0	0	0	0	0	0	0	0	0	0	0	0	0	0	0	0	0	0	0	0	0	0	0	0	0	0	0	0	0	2	0
LFQ	53	0	0	0	0	0	0	0	0	0	0	0	0	0	0	0	0	0	0	0	0	0	0	0	0	0	0	0	0	0	0	0	0	0	0	0	0	0	0	0	0	0	2	0
LFQ	54	0	0	0	0	0	0	0	0	0	0	0	0	0	0	0	0	0	0	0	0	0	0	0	0	0	0	0	0	0	0	0	0	0	0	0	0	0	0	0	0	0	2	0
LFQ	55	0	0	0	0	0	0	0	0	0	0	0	0	0	0	0	0	0	0	0	0	0	0	0	0	0	0	0	0	0	0	0	0	0	0	0	0	0	1	0	0	0	1	0
LFQ	56	0	0	0	0	0	0	0	0	0	0	0	0	0	0	0	0	0	0	0	0	0	0	0	0	0	0	0	0	0	0	0	0	0	0	0	0	0	0	0	0	0	2	0
LFQ	57	0	0	0	0	0	0	0	0	0	0	0	0	0	0	0	0	0	0	0	0	0	0	0	0	0	0	0	0	0	0	0	0	0	0	0	0	0	0	0	0	0	2	0
LFQ	58	0	0	0	0	0	0	0	0	0	0	0	0	0	0	0	0	0	0	0	0	0	0	0	0	0	0	0	0	0	0	0	0	0	0	0	0	0	1	0	0	0	1	0
LFQ	59	0	0	0	0	0	0	0	0	0	0	0	0	0	0	0	0	0	0	0	0	0	0	0	0	0	0	0	0	0	0	0	0	0	0	0	0	0	2	0	0	0	0	0
LFQ	60	0	0	0	0	0	0	0	0	0	0	0	0	0	0	0	0	0	0	0	0	0	0	0	0	0	0	0	0	0	0	0	0	0	0	0	0	0	1	0	0	0	1	0
LFQ	61	0	0	0	0	0	0	0	0	0	0	0	0	0	0	0	0	0	0	0	0	0	0	0	0	0	0	0	0	0	0	0	0	0	0	0	0	0	1	0	0	0	1	0
LFQ	62	0	0	0	0	0	0	0	0	0	0	0	0	0	0	0	0	0	0	0	0	0	0	0	0	0	0	0	0	0	0	0	0	0	0	0	0	0	0	0	0	0	2	0
LFQ	63	0	0	0	0	0	0	0	0	0	0	0	0	0	0	0	0	0	0	0	0	0	0	0	0	0	0	0	0	0	0	0	0	0	0	0	0	0	0	0	0	0	2	0
LFQ	64	0	0	0	0	0	0	0	0	0	0	0	0	0	0	0	0	0	0	0	0	0	0	0	0	0	0	0	0	0	0	0	0	1	0	0	0	0	0	0	0	0	1	0
LFQ	65	0	0	0	0	0	0	0	0	0	0	0	0	0	0	0	0	0	0	0	0	0	0	0	0	0	0	0	0	0	0	0	0	0	0	0	0	0	0	0	0	0	2	0
LFQ	66	0	0	0	0	0	0	0	0	0	0	0	0	0	0	0	0	0	0	0	0	0	0	0	0	0	0	0	0	0	0	0	0	0	0	0	0	0	1	0	0	0	1	0
LFQ	67	0	0	0	0	0	0	0	0	0	0	0	0	0	0	0	0	0	0	0	0	0	0	0	0	0	0	0	0	0	0	0	0	0	0	0	0	0	0	0	0	0	2	0
LFQ	68	0	0	0	0	0	0	0	0	0	0	0	0	0	0	0	0	0	0	0	0	0	0	0	0	0	0	0	0	0	0	0	0	0	0	0	0	0	0	0	0	0	2	0
LFQ	69	0	0	0	0	0	0	0	0	0	0	0	0	0	0	0	0	0	0	0	0	0	0	0	0	0	0	0	0	0	0	0	0	0	0	0	0	0	0	0	0	0	2	0
LFQ	70	0	0	0	0	0	0	0	0	0	0	0	0	0	0	0	0	0	0	0	0	0	0	0	0	0	0	0	0	0	0	0	0	0	0	0	0	0	0	0	0	0	2	0
LFQ	71	0	0	0	0	0	0	0	0	0	0	0	0	0	0	0	0	0	0	0	0	0	0	0	0	0	0	0	0	0	0	0	0	0	0	0	0	0	0	0	0	0	2	0
LFQ	72	0	0	0	0	0	0	0	0	0	0	0	0	0	0	0	0	0	0	0	0	0	0	0	0	0	0	0	0	0	0	0	0	0	0	0	0	0	1	0	0	0	1	0
LFQ	73	0	0	0	0	0	0	0	0	0	0	0	0	0	0	0	0	0	0	0	0	0	0	0	0	0	0	0	0	0	0	0	0	0	0	0	0	0	1	0	0	0	1	0
LFQ	74	0	0	0	0	0	0	0	0	0	0	0	0	0	0	0	0	0	0	0	0	0	0	0	0	0	0	0	0	0	0	0	0	0	0	0	0	0	0	0	0	0	2	0
LFQ	75	0	0	0	0	0	0	0	0	0	0	0	0	0	0	0	0	0	0	0	0	0	0	0	0	0	0	0	0	0	0	0	0	0	0	0	0	0	1	0	0	0	1	0
LFQ	76	0	0	0	0	0	0	0	0	0	0	0	0	0	0	0	0	0	0	0	0	0	0	0	0	0	0	0	1	0	0	0	0	0	0	0	0	0	1	0	0	0	0	0
LFQ	77	0	0	0	0	0	0	0	0	0	0	0	0	0	0	0	0	0	0	0	0	0	0	0	0	0	0	0	0	0	0	0	0	1	0	0	0	0	1	0	0	0	0	0
LFQ	78	0	0	0	0	0	0	0	0	0	0	0	0	0	0	0	0	0	0	0	0	0	0	0	0	0	0	0	0	0	0	0	0	0	0	0	0	0	0	0	0	0	2	0
LFQ	79	0	0	0	0	0	0	0	0	0	0	0	0	0	0	0	0	0	0	0	0	0	0	0	0	0	0	0	0	0	0	0	0	0	0	0	0	0	1	0	0	0	1	0
LFQ	80	0	0	0	0	0	0	0	0	0	0	0	0	0	0	0	0	0	0	0	0	0	0	0	0	0	0	0	0	0	0	0	0	0	0	0	0	0	0	0	0	0	2	0
LFQ	81	0	0	0	0	0	0	0	0	0	0	0	0	0	0	0	0	0	0	0	0	0	0	0	0	0	0	0	0	0	0	0	0	0	0	0	0	0	0	0	0	0	2	0
LFQ	82	0	0	0	0	0	0	0	0	0	0	0	0	0	0	0	0	0	0	0	0	0	0	0	0	0	0	0	0	0	0	0	0	0	0	0	0	0	0	0	0	0	2	0
LFQ	83	0	0	0	0	0	0	0	0	0	0	0	0	0	0	0	0	0	0	0	0	0	0	0	0	0	0	0	0	0	0	0	0	0	0	0	0	0	1	0	0	0	1	0
LFQ	84	0	0	0	0	0	0	0	0	0	0	0	0	0	0	0	0	0	0	0	0	0	0	0	0	0	0	0	0	0	0	0	0	0	0	0	0	0	0	0	0	0	2	0
LFQ	85	0	0	0	0	0	0	0	0	0	0	0	0	0	0	0	0	0	0	0	0	0	0	0	0	0	0	0	0	0	0	0	0	0	0	0	0	0	0	0	0	0	2	0
LFQ	86	0	0	0	0	0	0	0	0	0	0	0	0	0	0	0	0	0	0	0	0	0	0	0	0	0	0	0	0	0	0	0	0	0	0	0	0	0	0	0	0	0	2	0
LFQ	87	0	0	0	0	0	0	0	0	0	0	0	0	0	0	0	0	0	0	0	0	0	0	0	0	0	0	0	0	0	0	0	0	1	0	0	0	0	0	0	0	0	1	0
LFQ	88	0	0	0	0	0	0	0	0	0	0	0	0	0	0	0	0	0	0	0	0	0	0	0	0	0	0	0	0	0	0	0	0	0	0	0	0	0	1	0	0	0	1	0
LFQ	89	0	0	0	0	0	0	0	0	0	0	0	0	0	0	0	0	0	0	0	0	0	0	1	0	0	0	0	0	0	0	0	0	0	0	0	0	0	0	0	0	0	1	0
LFQ	90	0	0	0	0	0	0	0	0	0	0	0	0	0	0	0	0	0	0	0	0	0	0	0	0	0	0	0	1	0	0	0	0	0	0	0	0	0	0	0	0	0	1	0
LFQ	91	0	0	0	0	0	0	0	0	0	0	0	0	0	0	0	0	0	0	0	0	0	0	0	0	0	0	0	0	0	0	0	0	1	0	0	0	0	0	0	0	0	1	0
LFQ	92	0	0	0	0	0	0	0	0	0	0	0	0	0	0	0	0	0	0	0	0	0	0	0	0	0	0	0	0	0	0	0	0	0	0	0	0	0	1	0	0	0	1	0
LFQ	93	0	0	0	0	0	0	0	0	0	0	0	0	0	0	0	0	0	0	0	0	0	0	0	0	0	0	0	0	0	0	0	0	0	0	0	0	0	1	0	0	0	1	0
LFQ	94	0	0	0	0	0	0	0	0	0	0	0	0	0	0	0	0	0	0	0	0	0	0	0	0	0	0	0	0	0	0	0	0	0	0	0	0	0	0	0	0	0	2	0
LFQ	95	0	0	0	0	0	0	0	0	0	0	0	0	0	0	0	0	0	0	0	0	0	0	0	0	0	0	0	0	0	0	0	0	0	0	0	0	0	0	0	0	0	2	0
LFQ	96	0	0	0	0	0	0	0	0	0	0	0	0	0	0	0	0	0	0	0	0	0	0	0	0	0	0	0	0	0	0	0	0	0	0	0	0	0	0	0	0	0	2	0
LFQ	97	0	0	0	0	0	0	0	0	0	0	0	0	0	0	0	0	0	0	0	0	0	0	0	0	0	0	0	1	0	0	0	0	0	0	0	0	0	1	0	0	0	0	0
LFQ	98	0	0	0	0	0	0	0	0	0	0	0	0	0	0	0	0	0	0	0	0	0	0	0	0	0	0	0	0	0	0	0	0	0	0	0	0	0	2	0	0	0	0	0
LFQ	99	0	0	0	0	0	0	0	0	0	0	0	0	0	0	0	0	0	0	0	0	0	0	0	0	0	0	0	0	0	0	0	0	1	0	0	0	0	0	0	0	0	1	0
LFQ	100	0	0	0	0	0	0	0	0	0	0	0	0	0	0	0	0	0	0	0	0	0	0	0	0	0	0	0	0	0	0	0	0	0	0	0	0	0	1	0	0	0	1	0
LFQ	101	0	0	0	0	0	0	0	0	0	0	0	0	0	0	0	0	0	0	0	0	0	0	0	0	0	0	0	0	0	0	0	0	1	0	0	0	0	0	0	0	0	1	0
LFQ	102	0	0	0	0	0	0	0	0	0	0	0	0	0	0	0	0	0	0	0	0	0	0	0	0	0	0	0	0	0	0	0	0	0	0	0	0	0	0	0	0	0	2	0
LFQ	103	0	0	0	0	0	0	0	0	0	0	0	0	0	0	0	0	0	0	0	0	0	0	0	0	0	0	0	0	0	0	0	0	0	0	0	0	0	1	0	0	0	1	0
LFQ	104	0	0	0	0	0	0	0	0	0	0	0	0	0	0	0	0	0	0	0	0	0	0	0	0	0	0	0	0	0	0	0	0	0	0	0	0	0	2	0	0	0	0	0
LFQ	105	0	0	0	0	0	0	0	0	0	0	0	0	0	0	0	0	0	0	0	0	0	0	0	0	0	0	0	0	0	0	0	0	0	0	0	0	0	1	0	0	0	1	0
LFQ	106	0	0	0	0	0	0	0	0	0	0	0	0	1	0	0	0	0	0	0	0	0	0	0	0	0	0	0	0	0	0	0	0	0	0	0	0	0	1	0	0	0	0	0
LFQ	107	0	0	0	0	0	0	0	0	0	0	0	0	1	0	0	0	0	0	0	0	0	0	0	0	0	0	0	0	0	0	0	0	0	0	0	0	0	0	0	0	0	1	0
LFQ	108	0	0	0	0	0	0	0	0	0	0	0	0	0	0	0	0	0	0	0	0	0	0	0	0	0	0	0	0	0	0	0	0	0	0	0	0	0	1	0	0	0	1	0
LFQ	109	0	0	0	0	0	0	0	0	0	0	0	0	0	0	0	0	0	0	0	0	0	0	0	0	0	0	0	0	0	0	0	0	0	0	0	0	0	1	0	0	0	1	0
LFQ	110	0	0	0	0	0	0	0	0	0	0	0	0	0	0	0	0	0	0	0	0	0	0	0	0	0	0	0	1	0	0	0	0	0	0	0	0	0	0	0	0	0	1	0
LFQ	111	0	0	0	0	0	0	0	0	0	0	0	0	0	0	0	0	0	0	0	0	0	0	0	0	0	0	0	0	0	0	0	0	0	0	0	0	0	0	0	0	0	2	0
LFQ	112	0	0	0	0	0	0	0	0	0	0	0	0	0	0	0	0	0	0	0	0	0	0	0	0	0	0	0	0	0	0	0	0	0	0	0	0	0	0	0	0	0	2	0
LFQ	113	0	0	0	0	0	0	0	0	0	0	0	0	0	0	0	0	0	0	0	0	0	0	0	0	0	0	0	0	0	0	0	0	0	0	0	0	0	0	0	0	0	2	0
LFQ	114	0	0	0	0	0	0	0	0	0	0	0	0	0	0	0	0	0	0	0	0	0	0	0	0	0	0	0	0	0	0	0	0	0	0	0	0	0	1	0	0	0	1	0
LFQ	115	0	0	0	0	0	0	0	0	0	0	0	0	0	0	0	0	0	0	0	0	0	0	0	0	0	0	0	0	0	0	0	0	1	0	0	0	0	0	0	0	0	1	0
LFQ	116	0	0	0	0	0	0	0	0	0	0	0	0	0	0	0	0	0	0	0	0	0	0	0	0	0	0	0	0	0	0	0	0	0	0	0	0	0	1	0	0	0	1	0
LFQ	117	0	0	0	0	0	0	0	0	0	0	0	0	0	0	0	0	0	0	0	0	0	0	0	0	0	0	0	1	0	0	0	0	0	0	0	0	0	0	0	0	0	1	0
LFQ	118	0	0	0	0	0	0	0	0	0	0	0	0	0	0	0	0	0	0	0	0	0	0	0	0	0	0	0	1	0	0	0	0	0	0	0	0	0	0	0	0	0	1	0
LFQ	119	0	0	0	0	0	0	0	0	0	0	0	0	0	0	0	0	0	0	0	0	0	0	1	0	0	0	0	0	0	0	0	0	0	0	0	0	0	1	0	0	0	0	0
LFQ	120	0	0	0	0	0	0	0	0	0	0	0	0	0	0	0	0	0	0	0	0	0	0	0	0	0	0	0	1	0	0	0	0	0	0	0	0	0	1	0	0	0	0	0
LFQ	121	0	0	0	0	0	0	0	0	0	0	0	0	0	0	0	0	0	0	0	0	0	0	0	0	0	0	0	0	0	0	0	0	1	0	0	0	0	1	0	0	0	0	0
LFQ	122	0	0	0	0	0	0	0	0	0	0	0	0	0	0	0	0	0	0	0	0	0	0	0	0	0	0	0	0	0	0	0	0	0	0	0	0	0	1	0	0	0	1	0
LFQ	123	0	0	0	0	0	0	0	0	0	0	0	0	0	0	0	0	0	0	0	0	0	0	0	0	0	0	0	0	0	0	0	0	0	0	0	0	0	0	0	0	0	2	0
LFQ	124	0	0	0	0	0	0	0	0	0	0	0	0	0	0	0	0	0	0	0	0	0	0	0	0	0	0	0	0	0	0	0	0	1	0	0	0	0	0	0	0	0	1	0
LFQ	125	0	0	0	0	0	0	0	0	0	0	0	0	0	0	0	0	0	0	0	0	0	0	0	0	0	0	0	0	0	0	0	0	0	0	0	0	0	0	0	0	0	2	0
LFQ	126	0	0	0	0	0	0	0	0	0	0	0	0	0	0	0	0	0	0	0	0	0	0	0	0	0	0	0	0	0	0	0	0	0	0	0	0	0	0	0	0	0	2	0
LFQ	127	0	0	0	0	0	0	0	0	0	0	0	0	0	0	0	0	0	0	0	0	0	0	0	0	0	0	0	0	0	0	0	0	0	0	0	0	0	1	0	0	0	1	0
LFQ	128	0	0	0	0	0	0	0	0	0	0	0	0	0	0	0	0	0	0	0	0	0	0	0	0	0	0	0	0	0	0	0	0	0	0	0	0	0	0	0	0	0	2	0
LFQ	129	0	0	0	0	0	0	0	0	0	0	0	0	0	0	0	0	0	0	0	0	0	0	0	0	0	0	0	0	0	0	0	0	0	0	0	0	0	0	0	0	0	2	0
LFQ	130	0	0	0	0	0	0	0	0	0	0	0	0	0	0	0	0	0	0	0	0	0	0	0	0	0	0	0	0	0	0	0	0	0	0	0	0	0	0	0	0	0	2	0
LFQ	131	0	0	0	0	0	0	0	0	0	0	0	0	0	0	0	0	0	0	0	0	0	0	0	0	0	0	0	0	0	0	0	0	0	0	0	0	0	1	0	0	0	1	0
LFQ	132	0	0	0	0	0	0	0	0	0	0	0	0	0	0	0	0	0	0	0	0	0	0	0	0	0	0	0	0	0	0	0	0	1	0	0	0	0	0	0	0	0	1	0
LFQ	133	0	0	0	0	0	0	0	0	0	0	0	0	0	0	0	0	0	0	0	0	0	0	0	0	0	0	0	0	0	0	0	0	0	0	0	0	0	0	0	0	0	2	0
LFQ	134	0	0	0	0	0	0	0	0	0	0	0	0	0	0	0	0	0	0	0	0	0	0	0	0	0	0	0	0	0	0	0	0	1	0	0	0	0	0	0	0	0	1	0
LFQ	135	0	0	0	0	0	0	0	0	0	0	0	0	0	0	0	0	0	0	0	0	0	0	0	0	0	0	0	0	0	0	0	0	0	0	0	0	0	0	0	0	0	2	0
LFQ	136	0	0	0	0	0	0	0	0	0	0	0	0	0	0	0	0	0	0	0	0	0	0	0	0	0	0	0	0	0	0	0	0	0	0	0	0	0	1	0	0	0	1	0
LFQ	137	0	0	0	0	0	0	0	0	0	0	0	0	0	0	0	0	0	0	0	0	0	0	0	0	0	0	0	0	0	0	0	0	0	0	0	0	0	1	0	0	0	1	0
LFQ	138	0	0	0	0	0	0	0	0	0	0	0	0	0	0	0	0	0	0	0	0	0	0	0	0	0	0	0	0	0	0	0	0	0	0	0	0	0	2	0	0	0	0	0
LFQ	139	0	0	0	0	0	0	0	0	0	0	0	0	0	0	0	0	0	0	0	0	0	0	0	0	0	0	0	0	0	0	0	0	1	0	0	0	0	0	0	0	0	1	0
LFQ	140	0	0	0	0	0	0	0	0	0	0	0	0	0	0	0	0	0	0	0	0	0	0	0	0	0	0	0	0	0	0	0	0	0	0	0	0	0	0	0	0	0	2	0
LFQ	141	0	0	0	0	0	0	0	0	0	0	0	0	0	0	0	0	0	0	0	0	0	0	0	0	0	0	0	0	0	0	0	0	1	0	0	0	0	0	0	0	0	1	0
LFQ	142	0	0	0	0	0	0	0	0	1	0	0	0	0	0	0	0	0	0	0	0	0	0	0	0	0	0	0	0	0	0	0	0	0	0	0	0	0	0	0	0	0	1	0
LFQ	143	0	0	0	0	0	0	0	0	0	0	0	0	0	0	0	0	0	0	0	0	0	0	0	0	0	0	0	1	0	0	0	0	0	0	0	0	0	1	0	0	0	0	0
LFQ	144	0	0	0	0	0	0	0	0	0	0	0	0	0	0	0	0	0	0	0	0	0	0	0	0	0	0	0	0	0	0	0	0	0	0	0	0	0	0	0	0	0	2	0
LFQ	145	0	0	0	0	0	0	0	0	0	0	0	0	1	0	0	0	0	0	0	0	0	0	0	0	0	0	0	0	0	0	0	0	0	0	0	0	0	0	0	0	0	1	0
LFQ	146	0	0	0	0	0	0	0	0	0	0	0	0	0	0	0	0	0	0	0	0	0	0	0	0	0	0	0	0	0	0	0	0	1	0	0	0	0	1	0	0	0	0	0
LFQ	147	0	0	0	0	0	0	0	0	0	0	0	0	1	0	0	0	0	0	0	0	0	0	0	0	0	0	0	0	0	0	0	0	0	0	0	0	0	1	0	0	0	0	0
LFQ	148	0	0	0	0	0	0	0	0	0	0	0	0	0	0	0	0	0	0	0	0	0	0	0	0	0	0	0	0	0	0	0	0	0	0	0	0	0	2	0	0	0	0	0
LFQ	149	0	0	0	0	0	0	0	0	0	0	0	0	0	0	0	0	0	0	0	0	0	0	0	0	0	0	0	1	0	0	0	0	0	0	0	0	0	0	0	0	0	1	0
LFQ	150	0	0	0	0	0	0	0	0	0	0	0	0	1	0	0	0	0	0	0	0	0	0	0	0	0	0	0	0	0	0	0	0	0	0	0	0	0	0	0	0	0	1	0
LFQ	151	0	0	0	0	0	0	0	0	0	0	0	0	0	0	0	0	0	0	0	0	0	0	0	0	0	0	0	0	0	0	0	0	1	0	0	0	0	0	0	0	0	0	0
# GC Content of first fragments. Use `grep ^GCF | cut -f 2-` to extract this part.
GCF	16.08	0
GCF	32.41	1
GCF	34.42	0
GCF	36.43	1
# GC Content of last fragments. Use `grep ^GCL | cut -f 2-` to extract this part.
GCL	15.33	0
GCL	31.66	1
# ACGT content per cycle. Use `grep ^GCC | cut -f 2-` to extract this part. The columns are: cycle; A,C,G,T base counts as a percentage of all A/C/G/T bases [%]; and N and O counts as a percentage of all A/C/G/T bases [%]
GCC	1	25.00	75.00	0.00	0.00	0.00	0.00
GCC	2	25.00	0.00	0.00	75.00	0.00	0.00
GCC	3	25.00	50.00	0.00	25.00	0.00	0.00
GCC	4	50.00	25.00	0.00	25.00	0.00	0.00
GCC	5	25.00	0.00	50.00	25.00	0.00	0.00
GCC	6	0.00	25.00	0.00	75.00	0.00	0.00
GCC	7	50.00	25.00	0.00	25.00	0.00	0.00
GCC	8	50.00	25.00	0.00	25.00	0.00	0.00
GCC	9	50.00	0.00	25.00	25.00	0.00	0.00
GCC	10	25.00	0.00	0.00	75.00	0.00	0.00
GCC	11	25.00	25.00	25.00	25.00	0.00	0.00
GCC	12	75.00	0.00	0.00	25.00	0.00	0.00
GCC	13	25.00	50.00	0.00	25.00	0.00	0.00
GCC	14	25.00	25.00	0.00	50.00	0.00	0.00
GCC	15	50.00	25.00	25.00	0.00	0.00	0.00
GCC	16	25.00	25.00	0.00	50.00	0.00	0.00
GCC	17	25.00	0.00	0.00	75.00	0.00	0.00
GCC	18	0.00	75.00	0.00	25.00	0.00	0.00
GCC	19	50.00	0.00	0.00	50.00	0.00	0.00
GCC	20	25.00	50.00	25.00	0.00	0.00	0.00
GCC	21	0.00	50.00	50.00	0.00	0.00	0.00
GCC	22	25.00	25.00	25.00	25.00	0.00	0.00
GCC	23	0.00	0.00	100.00	0.00	0.00	0.00
GCC	24	50.00	0.00	0.00	50.00	0.00	0.00
GCC	25	25.00	25.00	0.00	50.00	0.00	0.00
GCC	26	0.00	0.00	75.00	25.00	0.00	0.00
GCC	27	50.00	25.00	25.00	0.00	0.00	0.00
GCC	28	0.00	0.00	0.00	100.00	0.00	0.00
GCC	29	0.00	0.00	75.00	25.00	0.00	0.00
GCC	30	0.00	0.00	25.00	75.00	0.00	0.00
GCC	31	25.00	0.00	25.00	50.00	0.00	0.00
GCC	32	75.00	0.00	0.00	25.00	0.00	0.00
GCC	33	25.00	0.00	25.00	50.00	0.00	0.00
GCC	34	25.00	0.00	25.00	50.00	0.00	0.00
GCC	35	0.00	0.00	50.00	50.00	0.00	0.00
GCC	36	50.00	0.00	25.00	25.00	0.00	0.00
GCC	37	25.00	0.00	0.00	75.00	0.00	0.00
GCC	38	25.00	0.00	25.00	50.00	0.00	0.00
GCC	39	75.00	0.00	0.00	25.00	0.00	0.00
GCC	40	25.00	25.00	0.00	50.00	0.00	0.00
GCC	41	25.00	0.00	50.00	25.00	0.00	0.00
GCC	42	25.00	50.00	0.00	25.00	0.00	0.00
GCC	43	50.00	25.00	0.00	25.00	0.00	0.00
GCC	44	25.00	25.00	0.00	50.00	0.00	0.00
GCC	45	50.00	0.00	0.00	50.00	0.00	0.00
GCC	46	50.00	50.00	0.00	0.00	0.00	0.00
GCC	47	25.00	0.00	25.00	50.00	0.00	0.00
GCC	48	25.00	0.00	0.00	75.00	0.00	0.00
GCC	49	0.00	25.00	0.00	75.00	0.00	0.00
GCC	50	50.00	0.00	0.00	50.00	0.00	0.00
GCC	51	25.00	25.00	0.00	50.00	0.00	0.00
GCC	52	0.00	50.00	25.00	25.00	0.00	0.00
GCC	53	50.00	0.00	0.00	50.00	0.00	0.00
GCC	54	0.00	25.00	50.00	25.00	0.00	0.00
GCC	55	25.00	25.00	0.00	50.00	0.00	0.00
GCC	56	25.00	0.00	75.00	0.00	0.00	0.00
GCC	57	25.00	25.00	0.00	50.00	0.00	0.00
GCC	58	50.00	0.00	0.00	50.00	0.00	0.00
GCC	59	25.00	50.00	0.00	25.00	0.00	0.00
GCC	60	50.00	0.00	0.00	50.00	0.00	0.00
GCC	61	25.00	0.00	25.00	50.00	0.00	0.00
GCC	62	0.00	25.00	25.00	50.00	0.00	0.00
GCC	63	25.00	25.00	0.00	50.00	0.00	0.00
GCC	64	50.00	0.00	25.00	25.00	0.00	0.00
GCC	65	0.00	50.00	25.00	25.00	0.00	0.00
GCC	66	0.00	0.00	25.00	75.00	0.00	0.00
GCC	67	25.00	0.00	25.00	50.00	0.00	0.00
GCC	68	25.00	0.00	25.00	50.00	0.00	0.00
GCC	69	50.00	25.00	0.00	25.00	0.00	0.00
GCC	70	25.00	25.00	25.00	25.00	0.00	0.00
GCC	71	0.00	0.00	50.00	50.00	0.00	0.00
GCC	72	0.00	25.00	25.00	50.00	0.00	0.00
GCC	73	50.00	0.00	25.00	25.00	0.00	0.00
GCC	74	25.00	25.00	50.00	0.00	0.00	0.00
GCC	75	25.00	25.00	0.00	50.00	0.00	0.00
GCC	76	25.00	0.00	0.00	75.00	0.00	0.00
GCC	77	25.00	0.00	0.00	75.00	0.00	0.00
GCC	78	0.00	75.00	25.00	0.00	0.00	0.00
GCC	79	50.00	25.00	0.00	25.00	0.00	0.00
GCC	80	50.00	25.00	25.00	0.00	0.00	0.00
GCC	81	50.00	0.00	0.00	50.00	0.00	0.00
GCC	82	50.00	25.00	25.00	0.00	0.00	0.00
GCC	83	50.00	0.00	0.00	50.00	0.00	0.00
GCC	84	0.00	0.00	25.00	75.00	0.00	0.00
GCC	85	50.00	0.00	25.00	25.00	0.00	0.00
GCC	86	50.00	25.00	25.00	0.00	0.00	0.00
GCC	87	75.00	25.00	0.00	0.00	0.00	0.00
GCC	88	25.00	0.00	0.00	75.00	0.00	0.00
GCC	89	50.00	0.00	25.00	25.00	0.00	0.00
GCC	90	25.00	50.00	25.00	0.00	0.00	0.00
GCC	91	25.00	0.00	0.00	75.00	0.00	0.00
GCC	92	0.00	0.00	50.00	50.00	0.00	0.00
GCC	93	25.00	50.00	0.00	25.00	0.00	0.00
GCC	94	50.00	0.00	25.00	25.00	0.00	0.00
GCC	95	0.00	25.00	25.00	50.00	0.00	0.00
GCC	96	0.00	0.00	25.00	75.00	0.00	0.00
GCC	97	25.00	0.00	25.00	50.00	0.00	0.00
GCC	98	25.00	0.00	0.00	75.00	0.00	0.00
GCC	99	25.00	25.00	25.00	25.00	0.00	0.00
GCC	100	0.00	50.00	0.00	50.00	0.00	0.00
GCC	101	50.00	0.00	25.00	25.00	0.00	0.00
GCC	102	75.00	0.00	0.00	25.00	0.00	0.00
GCC	103	75.00	25.00	0.00	0.00	0.00	0.00
GCC	104	25.00	0.00	25.00	50.00	0.00	0.00
GCC	105	0.00	0.00	0.00	100.00	0.00	0.00
GCC	106	0.00	0.00	50.00	50.00	0.00	0.00
GCC	107	50.00	0.00	0.00	50.00	0.00	0.00
GCC	108	25.00	0.00	0.00	75.00	0.00	0.00
GCC	109	0.00	25.00	25.00	50.00	0.00	0.00
GCC	110	25.00	0.00	75.00	0.00	0.00	0.00
GCC	111	25.00	25.00	25.00	25.00	0.00	0.00
GCC	112	50.00	0.00	0.00	50.00	0.00	0.00
GCC	113	0.00	0.00	50.00	50.00	0.00	0.00
GCC	114	0.00	25.00	0.00	75.00	0.00	0.00
GCC	115	50.00	0.00	0.00	50.00	0.00	0.00
GCC	116	50.00	0.00	25.00	25.00	0.00	0.00
GCC	117	25.00	0.00	75.00	0.00	0.00	0.00
GCC	118	25.00	50.00	0.00	25.00	0.00	0.00
GCC	119	25.00	0.00	25.00	50.00	0.00	0.00
GCC	120	50.00	0.00	50.00	0.00	0.00	0.00
GCC	121	50.00	0.00	0.00	50.00	0.00	0.00
GCC	122	25.00	25.00	50.00	0.00	0.00	0.00
GCC	123	25.00	0.00	50.00	25.00	0.00	0.00
GCC	124	75.00	0.00	25.00	0.00	0.00	0.00
GCC	125	0.00	25.00	50.00	25.00	0.00	0.00
GCC	126	0.00	25.00	25.00	50.00	0.00	0.00
GCC	127	50.00	0.00	0.00	50.00	0.00	0.00
GCC	128	0.00	25.00	0.00	75.00	0.00	0.00
GCC	129	0.00	0.00	0.00	100.00	0.00	0.00
GCC	130	50.00	0.00	0.00	50.00	0.00	0.00
GCC	131	0.00	0.00	50.00	50.00	0.00	0.00
GCC	132	0.00	50.00	0.00	50.00	0.00	0.00
GCC	133	25.00	0.00	25.00	50.00	0.00	0.00
GCC	134	25.00	0.00	50.00	25.00	0.00	0.00
GCC	135	25.00	25.00	0.00	50.00	0.00	0.00
GCC	136	25.00	0.00	0.00	75.00	0.00	0.00
GCC	137	0.00	0.00	75.00	25.00	0.00	0.00
GCC	138	0.00	25.00	0.00	75.00	0.00	0.00
GCC	139	25.00	50.00	0.00	25.00	0.00	0.00
GCC	140	0.00	0.00	50.00	50.00	0.00	0.00
GCC	141	75.00	25.00	0.00	0.00	0.00	0.00
GCC	142	50.00	25.00	25.00	0.00	0.00	0.00
GCC	143	25.00	50.00	0.00	25.00	0.00	0.00
GCC	144	25.00	0.00	25.00	50.00	0.00	0.00
GCC	145	75.00	25.00	0.00	0.00	0.00	0.00
GCC	146	50.00	0.00	50.00	0.00	0.00	0.00
GCC	147	75.00	0.00	25.00	0.00	0.00	0.00
GCC	148	25.00	25.00	25.00	25.00	0.00	0.00
GCC	149	25.00	25.00	0.00	50.00	0.00	0.00
GCC	150	50.00	25.00	0.00	25.00	0.00	0.00
GCC	151	0.00	0.00	33.33	66.67	0.00	0.00
# ACGT content per cycle, read oriented. Use `grep ^GCT | cut -f 2-` to extract this part. The columns are: cycle; A,C,G,T base counts as a percentage of all A/C/G/T bases [%]
GCT	1	25.00	25.00	50.00	0.00
GCT	2	75.00	0.00	0.00	25.00
GCT	3	0.00	25.00	25.00	50.00
GCT	4	0.00	25.00	0.00	75.00
GCT	5	25.00	50.00	0.00	25.00
GCT	6	50.00	25.00	0.00	25.00
GCT	7	75.00	0.00	25.00	0.00
GCT	8	25.00	0.00	25.00	50.00
GCT	9	0.00	0.00	25.00	75.00
GCT	10	25.00	0.00	0.00	75.00
GCT	11	25.00	25.00	25.00	25.00
GCT	12	75.00	0.00	0.00	25.00
GCT	13	25.00	0.00	50.00	25.00
GCT	14	25.00	25.00	0.00	50.00
GCT	15	25.00	50.00	0.00	25.00
GCT	16	50.00	0.00	25.00	25.00
GCT	17	25.00	0.00	0.00	75.00
GCT	18	25.00	50.00	25.00	0.00
GCT	19	50.00	0.00	0.00	50.00
GCT	20	25.00	50.00	25.00	0.00
GCT	21	0.00	50.00	50.00	0.00
GCT	22	50.00	50.00	0.00	0.00
GCT	23	0.00	50.00	50.00	0.00
GCT	24	50.00	0.00	0.00	50.00
GCT	25	50.00	0.00	25.00	25.00
GCT	26	0.00	50.00	25.00	25.00
GCT	27	25.00	0.00	50.00	25.00
GCT	28	50.00	0.00	0.00	50.00
GCT	29	0.00	50.00	25.00	25.00
GCT	30	50.00	0.00	25.00	25.00
GCT	31	50.00	25.00	0.00	25.00
GCT	32	75.00	0.00	0.00	25.00
GCT	33	75.00	0.00	25.00	0.00
GCT	34	50.00	25.00	0.00	25.00
GCT	35	25.00	25.00	25.00	25.00
GCT	36	50.00	0.00	25.00	25.00
GCT	37	25.00	0.00	0.00	75.00
GCT	38	50.00	25.00	0.00	25.00
GCT	39	25.00	0.00	0.00	75.00
GCT	40	50.00	0.00	25.00	25.00
GCT	41	25.00	0.00	50.00	25.00
GCT	42	50.00	25.00	25.00	0.00
GCT	43	25.00	0.00	25.00	50.00
GCT	44	0.00	0.00	25.00	75.00
GCT	45	0.00	0.00	0.00	100.00
GCT	46	50.00	0.00	50.00	0.00
GCT	47	50.00	25.00	0.00	25.00
GCT	48	25.00	0.00	0.00	75.00
GCT	49	25.00	0.00	25.00	50.00
GCT	50	0.00	0.00	0.00	100.00
GCT	51	25.00	25.00	0.00	50.00
GCT	52	0.00	0.00	75.00	25.00
GCT	53	50.00	0.00	0.00	50.00
GCT	54	25.00	50.00	25.00	0.00
GCT	55	0.00	0.00	25.00	75.00
GCT	56	0.00	25.00	50.00	25.00
GCT	57	50.00	0.00	25.00	25.00
GCT	58	50.00	0.00	0.00	50.00
GCT	59	0.00	25.00	25.00	50.00
GCT	60	50.00	0.00	0.00	50.00
GCT	61	50.00	25.00	0.00	25.00
GCT	62	25.00	0.00	50.00	25.00
GCT	63	25.00	25.00	0.00	50.00
GCT	64	75.00	25.00	0.00	0.00
GCT	65	0.00	50.00	25.00	25.00
GCT	66	50.00	0.00	25.00	25.00
GCT	67	25.00	0.00	25.00	50.00
GCT	68	50.00	25.00	0.00	25.00
GCT	69	0.00	25.00	0.00	75.00
GCT	70	25.00	25.00	25.00	25.00
GCT	71	0.00	50.00	0.00	50.00
GCT	72	25.00	0.00	50.00	25.00
GCT	73	50.00	0.00	25.00	25.00
GCT	74	25.00	75.00	0.00	0.00
GCT	75	0.00	0.00	25.00	75.00
GCT	76	25.00	0.00	0.00	75.00
GCT	77	25.00	0.00	0.00	75.00
GCT	78	0.00	25.00	75.00	0.00
GCT	79	75.00	0.00	25.00	0.00
GCT	80	0.00	25.00	25.00	50.00
GCT	81	50.00	0.00	0.00	50.00
GCT	82	25.00	0.00	50.00	25.00
GCT	83	50.00	0.00	0.00	50.00
GCT	84	50.00	0.00	25.00	25.00
GCT	85	25.00	25.00	0.00	50.00
GCT	86	25.00	50.00	0.00	25.00
GCT	87	25.00	25.00	0.00	50.00
GCT	88	75.00	0.00	0.00	25.00
GCT	89	25.00	25.00	0.00	50.00
GCT	90	25.00	50.00	25.00	0.00
GCT	91	75.00	0.00	0.00	25.00
GCT	92	25.00	25.00	25.00	25.00
GCT	93	0.00	25.00	25.00	50.00
GCT	94	25.00	25.00	0.00	50.00
GCT	95	50.00	25.00	25.00	0.00
GCT	96	50.00	0.00	25.00	25.00
GCT	97	25.00	0.00	25.00	50.00
GCT	98	25.00	0.00	0.00	75.00
GCT	99	0.00	0.00	50.00	50.00
GCT	100	25.00	25.00	25.00	25.00
GCT	101	0.00	0.00	25.00	75.00
GCT	102	25.00	0.00	0.00	75.00
GCT	103	50.00	0.00	25.00	25.00
GCT	104	50.00	25.00	0.00	25.00
GCT	105	50.00	0.00	0.00	50.00
GCT	106	50.00	0.00	50.00	0.00
GCT	107	50.00	0.00	0.00	50.00
GCT	108	25.00	0.00	0.00	75.00
GCT	109	0.00	25.00	25.00	50.00
GCT	110	0.00	25.00	50.00	25.00
GCT	111	50.00	50.00	0.00	0.00
GCT	112	50.00	0.00	0.00	50.00
GCT	113	25.00	25.00	25.00	25.00
GCT	114	50.00	25.00	0.00	25.00
GCT	115	50.00	0.00	0.00	50.00
GCT	116	25.00	25.00	0.00	50.00
GCT	117	0.00	25.00	50.00	25.00
GCT	118	25.00	0.00	50.00	25.00
GCT	119	50.00	25.00	0.00	25.00
GCT	120	25.00	25.00	25.00	25.00
GCT	121	0.00	0.00	0.00	100.00
GCT	122	0.00	50.00	25.00	25.00
GCT	123	50.00	25.00	25.00	0.00
GCT	124	50.00	25.00	0.00	25.00
GCT	125	0.00	25.00	50.00	25.00
GCT	126	50.00	25.00	25.00	0.00
GCT	127	50.00	0.00	0.00	50.00
GCT	128	50.00	25.00	0.00	25.00
GCT	129	50.00	0.00	0.00	50.00
GCT	130	100.00	0.00	0.00	0.00
GCT	131	0.00	50.00	0.00	50.00
GCT	132	50.00	50.00	0.00	0.00
GCT	133	25.00	0.00	25.00	50.00
GCT	134	0.00	25.00	25.00	50.00
GCT	135	50.00	0.00	25.00	25.00
GCT	136	75.00	0.00	0.00	25.00
GCT	137	25.00	25.00	50.00	0.00
GCT	138	50.00	25.00	0.00	25.00
GCT	139	0.00	25.00	25.00	50.00
GCT	140	25.00	25.00	25.00	25.00
GCT	141	25.00	25.00	0.00	50.00
GCT	142	25.00	0.00	50.00	25.00
GCT	143	0.00	25.00	25.00	50.00
GCT	144	0.00	25.00	0.00	75.00
GCT	145	50.00	0.00	25.00	25.00
GCT	146	0.00	0.00	50.00	50.00
GCT	147	50.00	25.00	0.00	25.00
GCT	148	50.00	50.00	0.00	0.00
GCT	149	75.00	25.00	0.00	0.00
GCT	150	50.00	25.00	0.00	25.00
GCT	151	33.33	33.33	0.00	33.33
# ACGT content per cycle for first fragments. Use `grep ^FBC | cut -f 2-` to extract this part. The columns are: cycle; A,C,G,T base counts as a percentage of all A/C/G/T bases [%]; and N and O counts as a percentage of all A/C/G/T bases [%]
FBC	1	0.00	100.00	0.00	0.00	0.00	0.00
FBC	2	0.00	0.00	0.00	100.00	0.00	0.00
FBC	3	50.00	50.00	0.00	0.00	0.00	0.00
FBC	4	100.00	0.00	0.00	0.00	0.00	0.00
FBC	5	0.00	0.00	100.00	0.00	0.00	0.00
FBC	6	0.00	0.00	0.00	100.00	0.00	0.00
FBC	7	0.00	50.00	0.00	50.00	0.00	0.00
FBC	8	50.00	50.00	0.00	0.00	0.00	0.00
FBC	9	100.00	0.00	0.00	0.00	0.00	0.00
FBC	10	50.00	0.00	0.00	50.00	0.00	0.00
FBC	11	50.00	0.00	0.00	50.00	0.00	0.00
FBC	12	50.00	0.00	0.00	50.00	0.00	0.00
FBC	13	0.00	100.00	0.00	0.00	0.00	0.00
FBC	14	50.00	0.00	0.00	50.00	0.00	0.00
FBC	15	50.00	0.00	50.00	0.00	0.00	0.00
FBC	16	0.00	50.00	0.00	50.00	0.00	0.00
FBC	17	50.00	0.00	0.00	50.00	0.00	0.00
FBC	18	0.00	50.00	0.00	50.00	0.00	0.00
FBC	19	50.00	0.00	0.00	50.00	0.00	0.00
FBC	20	0.00	50.00	50.00	0.00	0.00	0.00
FBC	21	0.00	50.00	50.00	0.00	0.00	0.00
FBC	22	0.00	0.00	50.00	50.00	0.00	0.00
FBC	23	0.00	0.00	100.00	0.00	0.00	0.00
FBC	24	50.00	0.00	0.00	50.00	0.00	0.00
FBC	25	0.00	50.00	0.00	50.00	0.00	0.00
FBC	26	0.00	0.00	100.00	0.00	0.00	0.00
FBC	27	50.00	50.00	0.00	0.00	0.00	0.00
FBC	28	0.00	0.00	0.00	100.00	0.00	0.00
FBC	29	0.00	0.00	100.00	0.00	0.00	0.00
FBC	30	0.00	0.00	0.00	100.00	0.00	0.00
FBC	31	0.00	0.00	50.00	50.00	0.00	0.00
FBC	32	50.00	0.00	0.00	50.00	0.00	0.00
FBC	33	0.00	0.00	0.00	100.00	0.00	0.00
FBC	34	0.00	0.00	50.00	50.00	0.00	0.00
FBC	35	0.00	0.00	50.00	50.00	0.00	0.00
FBC	36	50.00	0.00	0.00	50.00	0.00	0.00
FBC	37	50.00	0.00	0.00	50.00	0.00	0.00
FBC	38	0.00	0.00	50.00	50.00	0.00	0.00
FBC	39	100.00	0.00	0.00	0.00	0.00	0.00
FBC	40	0.00	50.00	0.00	50.00	0.00	0.00
FBC	41	50.00	0.00	0.00	50.00	0.00	0.00
FBC	42	0.00	50.00	0.00	50.00	0.00	0.00
FBC	43	50.00	50.00	0.00	0.00	0.00	0.00
FBC	44	50.00	50.00	0.00	0.00	0.00	0.00
FBC	45	100.00	0.00	0.00	0.00	0.00	0.00
FBC	46	0.00	100.00	0.00	0.00	0.00	0.00
FBC	47	0.00	0.00	50.00	50.00	0.00	0.00
FBC	48	50.00	0.00	0.00	50.00	0.00	0.00
FBC	49	0.00	50.00	0.00	50.00	0.00	0.00
FBC	50	100.00	0.00	0.00	0.00	0.00	0.00
FBC	51	50.00	0.00	0.00	50.00	0.00	0.00
FBC	52	0.00	100.00	0.00	0.00	0.00	0.00
FBC	53	50.00	0.00	0.00	50.00	0.00	0.00
FBC	54	0.00	0.00	50.00	50.00	0.00	0.00
FBC	55	50.00	50.00	0.00	0.00	0.00	0.00
FBC	56	50.00	0.00	50.00	0.00	0.00	0.00
FBC	57	0.00	50.00	0.00	50.00	0.00	0.00
FBC	58	50.00	0.00	0.00	50.00	0.00	0.00
FBC	59	50.00	50.00	0.00	0.00	0.00	0.00
FBC	60	50.00	0.00	0.00	50.00	0.00	0.00
FBC	61	0.00	0.00	50.00	50.00	0.00	0.00
FBC	62	0.00	50.00	0.00	50.00	0.00	0.00
FBC	63	50.00	0.00	0.00	50.00	0.00	0.00
FBC	64	0.00	0.00	50.00	50.00	0.00	0.00
FBC	65	0.00	50.00	50.00	0.00	0.00	0.00
FBC	66	0.00	0.00	0.00	100.00	0.00	0.00
FBC	67	50.00	0.00	0.00	50.00	0.00	0.00
FBC	68	0.00	0.00	50.00	50.00	0.00	0.00
FBC	69	100.00	0.00	0.00	0.00	0.00	0.00
FBC	70	0.00	50.00	50.00	0.00	0.00	0.00
FBC	71	0.00	0.00	100.00	0.00	0.00	0.00
FBC	72	0.00	50.00	0.00	50.00	0.00	0.00
FBC	73	50.00	0.00	0.00	50.00	0.00	0.00
FBC	74	0.00	0.00	100.00	0.00	0.00	0.00
FBC	75	50.00	50.00	0.00	0.00	0.00	0.00
FBC	76	50.00	0.00	0.00	50.00	0.00	0.00
FBC	77	50.00	0.00	0.00	50.00	0.00	0.00
FBC	78	0.00	100.00	0.00	0.00	0.00	0.00
FBC	79	0.00	50.00	0.00	50.00	0.00	0.00
FBC	80	100.00	0.00	0.00	0.00	0.00	0.00
FBC	81	50.00	0.00	0.00	50.00	0.00	0.00
FBC	82	50.00	50.00	0.00	0.00	0.00	0.00
FBC	83	50.00	0.00	0.00	50.00	0.00	0.00
FBC	84	0.00	0.00	0.00	100.00	0.00	0.00
FBC	85	50.00	0.00	50.00	0.00	0.00	0.00
FBC	86	50.00	0.00	50.00	0.00	0.00	0.00
FBC	87	100.00	0.00	0.00	0.00	0.00	0.00
FBC	88	0.00	0.00	0.00	100.00	0.00	0.00
FBC	89	50.00	0.00	50.00	0.00	0.00	0.00
FBC	90	0.00	50.00	50.00	0.00	0.00	0.00
FBC	91	0.00	0.00	0.00	100.00	0.00	0.00
FBC	92	0.00	0.00	50.00	50.00	0.00	0.00
FBC	93	50.00	50.00	0.00	0.00	0.00	0.00
FBC	94	50.00	0.00	50.00	0.00	0.00	0.00
FBC	95	0.00	0.00	0.00	100.00	0.00	0.00
FBC	96	0.00	0.00	0.00	100.00	0.00	0.00
FBC	97	50.00	0.00	0.00	50.00	0.00	0.00
FBC	98	50.00	0.00	0.00	50.00	0.00	0.00
FBC	99	50.00	50.00	0.00	0.00	0.00	0.00
FBC	100	0.00	50.00	0.00	50.00	0.00	0.00
FBC	101	100.00	0.00	0.00	0.00	0.00	0.00
FBC	102	100.00	0.00	0.00	0.00	0.00	0.00
FBC	103	50.00	50.00	0.00	0.00	0.00	0.00
FBC	104	0.00	0.00	50.00	50.00	0.00	0.00
FBC	105	0.00	0.00	0.00	100.00	0.00	0.00
FBC	106	0.00	0.00	0.00	100.00	0.00	0.00
FBC	107	50.00	0.00	0.00	50.00	0.00	0.00
FBC	108	50.00	0.00	0.00	50.00	0.00	0.00
FBC	109	0.00	50.00	50.00	0.00	0.00	0.00
FBC	110	50.00	0.00	50.00	0.00	0.00	0.00
FBC	111	0.00	0.00	50.00	50.00	0.00	0.00
FBC	112	50.00	0.00	0.00	50.00	0.00	0.00
FBC	113	0.00	0.00	50.00	50.00	0.00	0.00
FBC	114	0.00	0.00	0.00	100.00	0.00	0.00
FBC	115	50.00	0.00	0.00	50.00	0.00	0.00
FBC	116	50.00	0.00	50.00	0.00	0.00	0.00
FBC	117	50.00	0.00	50.00	0.00	0.00	0.00
FBC	118	0.00	100.00	0.00	0.00	0.00	0.00
FBC	119	0.00	0.00	50.00	50.00	0.00	0.00
FBC	120	50.00	0.00	50.00	0.00	0.00	0.00
FBC	121	100.00	0.00	0.00	0.00	0.00	0.00
FBC	122	50.00	0.00	50.00	0.00	0.00	0.00
FBC	123	0.00	0.00	50.00	50.00	0.00	0.00
FBC	124	50.00	0.00	50.00	0.00	0.00	0.00
FBC	125	0.00	50.00	50.00	0.00	0.00	0.00
FBC	126	0.00	0.00	0.00	100.00	0.00	0.00
FBC	127	50.00	0.00	0.00	50.00	0.00	0.00
FBC	128	0.00	0.00	0.00	100.00	0.00	0.00
FBC	129	0.00	0.00	0.00	100.00	0.00	0.00
FBC	130	0.00	0.00	0.00	100.00	0.00	0.00
FBC	131	0.00	0.00	100.00	0.00	0.00	0.00
FBC	132	0.00	0.00	0.00	100.00	0.00	0.00
FBC	133	50.00	0.00	0.00	50.00	0.00	0.00
FBC	134	50.00	0.00	50.00	0.00	0.00	0.00
FBC	135	0.00	50.00	0.00	50.00	0.00	0.00
FBC	136	0.00	0.00	0.00	100.00	0.00	0.00
FBC	137	0.00	0.00	50.00	50.00	0.00	0.00
FBC	138	0.00	0.00	0.00	100.00	0.00	0.00
FBC	139	50.00	50.00	0.00	0.00	0.00	0.00
FBC	140	0.00	0.00	50.00	50.00	0.00	0.00
FBC	141	100.00	0.00	0.00	0.00	0.00	0.00
FBC	142	50.00	50.00	0.00	0.00	0.00	0.00
FBC	143	50.00	50.00	0.00	0.00	0.00	0.00
FBC	144	50.00	0.00	50.00	0.00	0.00	0.00
FBC	145	50.00	50.00	0.00	0.00	0.00	0.00
FBC	146	100.00	0.00	0.00	0.00	0.00	0.00
FBC	147	50.00	0.00	50.00	0.00	0.00	0.00
FBC	148	0.00	0.00	50.00	50.00	0.00	0.00
FBC	149	0.00	0.00	0.00	100.00	0.00	0.00
FBC	150	50.00	0.00	0.00	50.00	0.00	0.00
FBC	151	0.00	0.00	50.00	50.00	0.00	0.00
# ACGT raw counters for first fragments. Use `grep ^FTC | cut -f 2-` to extract this part. The columns are: A,C,G,T,N base counters
FTC	89	48	56	109	0
# ACGT content per cycle for last fragments. Use `grep ^LBC | cut -f 2-` to extract this part. The columns are: cycle; A,C,G,T base counts as a percentage of all A/C/G/T bases [%]; and N and O counts as a percentage of all A/C/G/T bases [%]
LBC	1	50.00	50.00	0.00	0.00	0.00	0.00
LBC	2	50.00	0.00	0.00	50.00	0.00	0.00
LBC	3	0.00	50.00	0.00	50.00	0.00	0.00
LBC	4	0.00	50.00	0.00	50.00	0.00	0.00
LBC	5	50.00	0.00	0.00	50.00	0.00	0.00
LBC	6	0.00	50.00	0.00	50.00	0.00	0.00
LBC	7	100.00	0.00	0.00	0.00	0.00	0.00
LBC	8	50.00	0.00	0.00	50.00	0.00	0.00
LBC	9	0.00	0.00	50.00	50.00	0.00	0.00
LBC	10	0.00	0.00	0.00	100.00	0.00	0.00
LBC	11	0.00	50.00	50.00	0.00	0.00	0.00
LBC	12	100.00	0.00	0.00	0.00	0.00	0.00
LBC	13	50.00	0.00	0.00	50.00	0.00	0.00
LBC	14	0.00	50.00	0.00	50.00	0.00	0.00
LBC	15	50.00	50.00	0.00	0.00	0.00	0.00
LBC	16	50.00	0.00	0.00	50.00	0.00	0.00
LBC	17	0.00	0.00	0.00	100.00	0.00	0.00
LBC	18	0.00	100.00	0.00	0.00	0.00	0.00
LBC	19	50.00	0.00	0.00	50.00	0.00	0.00
LBC	20	50.00	50.00	0.00	0.00	0.00	0.00
LBC	21	0.00	50.00	50.00	0.00	0.00	0.00
LBC	22	50.00	50.00	0.00	0.00	0.00	0.00
LBC	23	0.00	0.00	100.00	0.00	0.00	0.00
LBC	24	50.00	0.00	0.00	50.00	0.00	0.00
LBC	25	50.00	0.00	0.00	50.00	0.00	0.00
LBC	26	0.00	0.00	50.00	50.00	0.00	0.00
LBC	27	50.00	0.00	50.00	0.00	0.00	0.00
LBC	28	0.00	0.00	0.00	100.00	0.00	0.00
LBC	29	0.00	0.00	50.00	50.00	0.00	0.00
LBC	30	0.00	0.00	50.00	50.00	0.00	0.00
LBC	31	50.00	0.00	0.00	50.00	0.00	0.00
LBC	32	100.00	0.00	0.00	0.00	0.00	0.00
LBC	33	50.00	0.00	50.00	0.00	0.00	0.00
LBC	34	50.00	0.00	0.00	50.00	0.00	0.00
LBC	35	0.00	0.00	50.00	50.00	0.00	0.00
LBC	36	50.00	0.00	50.00	0.00	0.00	0.00
LBC	37	0.00	0.00	0.00	100.00	0.00	0.00
LBC	38	50.00	0.00	0.00	50.00	0.00	0.00
LBC	39	50.00	0.00	0.00	50.00	0.00	0.00
LBC	40	50.00	0.00	0.00	50.00	0.00	0.00
LBC	41	0.00	0.00	100.00	0.00	0.00	0.00
LBC	42	50.00	50.00	0.00	0.00	0.00	0.00
LBC	43	50.00	0.00	0.00	50.00	0.00	0.00
LBC	44	0.00	0.00	0.00	100.00	0.00	0.00
LBC	45	0.00	0.00	0.00	100.00	0.00	0.00
LBC	46	100.00	0.00	0.00	0.00	0.00	0.00
LBC	47	50.00	0.00	0.00	50.00	0.00	0.00
LBC	48	0.00	0.00	0.00	100.00	0.00	0.00
LBC	49	0.00	0.00	0.00	100.00	0.00	0.00
LBC	50	0.00	0.00	0.00	100.00	0.00	0.00
LBC	51	0.00	50.00	0.00	50.00	0.00	0.00
LBC	52	0.00	0.00	50.00	50.00	0.00	0.00
LBC	53	50.00	0.00	0.00	50.00	0.00	0.00
LBC	54	0.00	50.00	50.00	0.00	0.00	0.00
LBC	55	0.00	0.00	0.00	100.00	0.00	0.00
LBC	56	0.00	0.00	100.00	0.00	0.00	0.00
LBC	57	50.00	0.00	0.00	50.00	0.00	0.00
LBC	58	50.00	0.00	0.00	50.00	0.00	0.00
LBC	59	0.00	50.00	0.00	50.00	0.00	0.00
LBC	60	50.00	0.00	0.00	50.00	0.00	0.00
LBC	61	50.00	0.00	0.00	50.00	0.00	0.00
LBC	62	0.00	0.00	50.00	50.00	0.00	0.00
LBC	63	0.00	50.00	0.00	50.00	0.00	0.00
LBC	64	100.00	0.00	0.00	0.00	0.00	0.00
LBC	65	0.00	50.00	0.00	50.00	0.00	0.00
LBC	66	0.00	0.00	50.00	50.00	0.00	0.00
LBC	67	0.00	0.00	50.00	50.00	0.00	0.00
LBC	68	50.00	0.00	0.00	50.00	0.00	0.00
LBC	69	0.00	50.00	0.00	50.00	0.00	0.00
LBC	70	50.00	0.00	0.00	50.00	0.00	0.00
LBC	71	0.00	0.00	0.00	100.00	0.00	0.00
LBC	72	0.00	0.00	50.00	50.00	0.00	0.00
LBC	73	50.00	0.00	50.00	0.00	0.00	0.00
LBC	74	50.00	50.00	0.00	0.00	0.00	0.00
LBC	75	0.00	0.00	0.00	100.00	0.00	0.00
LBC	76	0.00	0.00	0.00	100.00	0.00	0.00
LBC	77	0.00	0.00	0.00	100.00	0.00	0.00
LBC	78	0.00	50.00	50.00	0.00	0.00	0.00
LBC	79	100.00	0.00	0.00	0.00	0.00	0.00
LBC	80	0.00	50.00	50.00	0.00	0.00	0.00
LBC	81	50.00	0.00	0.00	50.00	0.00	0.00
LBC	82	50.00	0.00	50.00	0.00	0.00	0.00
LBC	83	50.00	0.00	0.00	50.00	0.00	0.00
LBC	84	0.00	0.00	50.00	50.00	0.00	0.00
LBC	85	50.00	0.00	0.00	50.00	0.00	0.00
LBC	86	50.00	50.00	0.00	0.00	0.00	0.00
LBC	87	50.00	50.00	0.00	0.00	0.00	0.00
LBC	88	50.00	0.00	0.00	50.00	0.00	0.00
LBC	89	50.00	0.00	0.00	50.00	0.00	0.00
LBC	90	50.00	50.00	0.00	0.00	0.00	0.00
LBC	91	50.00	0.00	0.00	50.00	0.00	0.00
LBC	92	0.00	0.00	50.00	50.00	0.00	0.00
LBC	93	0.00	50.00	0.00	50.00	0.00	0.00
LBC	94	50.00	0.00	0.00	50.00	0.00	0.00
LBC	95	0.00	50.00	50.00	0.00	0.00	0.00
LBC	96	0.00	0.00	50.00	50.00	0.00	0.00
LBC	97	0.00	0.00	50.00	50.00	0.00	0.00
LBC	98	0.00	0.00	0.00	100.00	0.00	0.00
LBC	99	0.00	0.00	50.00	50.00	0.00	0.00
LBC	100	0.00	50.00	0.00	50.00	0.00	0.00
LBC	101	0.00	0.00	50.00	50.00	0.00	0.00
LBC	102	50.00	0.00	0.00	50.00	0.00	0.00
LBC	103	100.00	0.00	0.00	0.00	0.00	0.00
LBC	104	50.00	0.00	0.00	50.00	0.00	0.00
LBC	105	0.00	0.00	0.00	100.00	0.00	0.00
LBC	106	0.00	0.00	100.00	0.00	0.00	0.00
LBC	107	50.00	0.00	0.00	50.00	0.00	0.00
LBC	108	0.00	0.00	0.00	100.00	0.00	0.00
LBC	109	0.00	0.00	0.00	100.00	0.00	0.00
LBC	110	0.00	0.00	100.00	0.00	0.00	0.00
LBC	111	50.00	50.00	0.00	0.00	0.00	0.00
LBC	112	50.00	0.00	0.00	50.00	0.00	0.00
LBC	113	0.00	0.00	50.00	50.00	0.00	0.00
LBC	114	0.00	50.00	0.00	50.00	0.00	0.00
LBC	115	50.00	0.00	0.00	50.00	0.00	0.00
LBC	116	50.00	0.00	0.00	50.00	0.00	0.00
LBC	117	0.00	0.00	100.00	0.00	0.00	0.00
LBC	118	50.00	0.00	0.00	50.00	0.00	0.00
LBC	119	50.00	0.00	0.00	50.00	0.00	0.00
LBC	120	50.00	0.00	50.00	0.00	0.00	0.00
LBC	121	0.00	0.00	0.00	100.00	0.00	0.00
LBC	122	0.00	50.00	50.00	0.00	0.00	0.00
LBC	123	50.00	0.00	50.00	0.00	0.00	0.00
LBC	124	100.00	0.00	0.00	0.00	0.00	0.00
LBC	125	0.00	0.00	50.00	50.00	0.00	0.00
LBC	126	0.00	50.00	50.00	0.00	0.00	0.00
LBC	127	50.00	0.00	0.00	50.00	0.00	0.00
LBC	128	0.00	50.00	0.00	50.00	0.00	0.00
LBC	129	0.00	0.00	0.00	100.00	0.00	0.00
LBC	130	100.00	0.00	0.00	0.00	0.00	0.00
LBC	131	0.00	0.00	0.00	100.00	0.00	0.00
LBC	132	0.00	100.00	0.00	0.00	0.00	0.00
LBC	133	0.00	0.00	50.00	50.00	0.00	0.00
LBC	134	0.00	0.00	50.00	50.00	0.00	0.00
LBC	135	50.00	0.00	0.00	50.00	0.00	0.00
LBC	136	50.00	0.00	0.00	50.00	0.00	0.00
LBC	137	0.00	0.00	100.00	0.00	0.00	0.00
LBC	138	0.00	50.00	0.00	50.00	0.00	0.00
LBC	139	0.00	50.00	0.00	50.00	0.00	0.00
LBC	140	0.00	0.00	50.00	50.00	0.00	0.00
LBC	141	50.00	50.00	0.00	0.00	0.00	0.00
LBC	142	50.00	0.00	50.00	0.00	0.00	0.00
LBC	143	0.00	50.00	0.00	50.00	0.00	0.00
LBC	144	0.00	0.00	0.00	100.00	0.00	0.00
LBC	145	100.00	0.00	0.00	0.00	0.00	0.00
LBC	146	0.00	0.00	100.00	0.00	0.00	0.00
LBC	147	100.00	0.00	0.00	0.00	0.00	0.00
LBC	148	50.00	50.00	0.00	0.00	0.00	0.00
LBC	149	50.00	50.00	0.00	0.00	0.00	0.00
LBC	150	50.00	50.00	0.00	0.00	0.00	0.00
LBC	151	0.00	0.00	0.00	100.00	0.00	0.00
# ACGT raw counters for last fragments. Use `grep ^LTC | cut -f 2-` to extract this part. The columns are: A,C,G,T,N base counters
LTC	84	42	53	122	0
# Insert sizes. Use `grep ^IS | cut -f 2-` to extract this part. The columns are: insert size, pairs total, inward oriented pairs, outward oriented pairs, other pairs
IS	0	0	0	0	0
IS	1	0	0	0	0
IS	2	0	0	0	0
IS	3	0	0	0	0
IS	4	0	0	0	0
IS	5	0	0	0	0
IS	6	0	0	0	0
IS	7	0	0	0	0
IS	8	0	0	0	0
IS	9	0	0	0	0
IS	10	0	0	0	0
IS	11	0	0	0	0
IS	12	0	0	0	0
IS	13	0	0	0	0
IS	14	0	0	0	0
IS	15	0	0	0	0
IS	16	0	0	0	0
IS	17	0	0	0	0
IS	18	0	0	0	0
IS	19	0	0	0	0
IS	20	0	0	0	0
IS	21	0	0	0	0
IS	22	0	0	0	0
IS	23	0	0	0	0
IS	24	0	0	0	0
IS	25	0	0	0	0
IS	26	0	0	0	0
IS	27	0	0	0	0
IS	28	0	0	0	0
IS	29	0	0	0	0
IS	30	0	0	0	0
IS	31	0	0	0	0
IS	32	0	0	0	0
IS	33	0	0	0	0
IS	34	0	0	0	0
IS	35	0	0	0	0
IS	36	0	0	0	0
IS	37	0	0	0	0
IS	38	0	0	0	0
IS	39	0	0	0	0
IS	40	0	0	0	0
IS	41	0	0	0	0
IS	42	0	0	0	0
IS	43	0	0	0	0
IS	44	0	0	0	0
IS	45	0	0	0	0
IS	46	0	0	0	0
IS	47	0	0	0	0
IS	48	0	0	0	0
IS	49	0	0	0	0
IS	50	0	0	0	0
IS	51	0	0	0	0
IS	52	0	0	0	0
IS	53	0	0	0	0
IS	54	0	0	0	0
IS	55	0	0	0	0
IS	56	0	0	0	0
IS	57	0	0	0	0
IS	58	0	0	0	0
IS	59	0	0	0	0
IS	60	0	0	0	0
IS	61	0	0	0	0
IS	62	0	0	0	0
IS	63	0	0	0	0
IS	64	0	0	0	0
IS	65	0	0	0	0
IS	66	0	0	0	0
IS	67	0	0	0	0
IS	68	0	0	0	0
IS	69	0	0	0	0
IS	70	0	0	0	0
IS	71	0	0	0	0
IS	72	0	0	0	0
IS	73	0	0	0	0
IS	74	0	0	0	0
IS	75	0	0	0	0
IS	76	0	0	0	0
IS	77	0	0	0	0
IS	78	0	0	0	0
IS	79	0	0	0	0
IS	80	0	0	0	0
IS	81	0	0	0	0
IS	82	0	0	0	0
IS	83	0	0	0	0
IS	84	0	0	0	0
IS	85	0	0	0	0
IS	86	0	0	0	0
IS	87	0	0	0	0
IS	88	0	0	0	0
IS	89	0	0	0	0
IS	90	0	0	0	0
IS	91	0	0	0	0
IS	92	0	0	0	0
IS	93	0	0	0	0
IS	94	0	0	0	0
IS	95	0	0	0	0
IS	96	0	0	0	0
IS	97	0	0	0	0
IS	98	0	0	0	0
IS	99	0	0	0	0
IS	100	0	0	0	0
IS	101	0	0	0	0
IS	102	0	0	0	0
IS	103	0	0	0	0
IS	104	0	0	0	0
IS	105	0	0	0	0
IS	106	0	0	0	0
IS	107	0	0	0	0
IS	108	0	0	0	0
IS	109	0	0	0	0
IS	110	0	0	0	0
IS	111	0	0	0	0
IS	112	0	0	0	0
IS	113	0	0	0	0
IS	114	0	0	0	0
IS	115	0	0	0	0
IS	116	0	0	0	0
IS	117	0	0	0	0
IS	118	0	0	0	0
IS	119	0	0	0	0
IS	120	0	0	0	0
IS	121	0	0	0	0
IS	122	0	0	0	0
IS	123	0	0	0	0
IS	124	0	0	0	0
IS	125	0	0	0	0
IS	126	0	0	0	0
IS	127	0	0	0	0
IS	128	0	0	0	0
IS	129	0	0	0	0
IS	130	0	0	0	0
IS	131	0	0	0	0
IS	132	0	0	0	0
IS	133	0	0	0	0
IS	134	0	0	0	0
IS	135	0	0	0	0
IS	136	0	0	0	0
IS	137	0	0	0	0
IS	138	0	0	0	0
IS	139	0	0	0	0
IS	140	0	0	0	0
IS	141	0	0	0	0
IS	142	0	0	0	0
IS	143	0	0	0	0
IS	144	0	0	0	0
IS	145	0	0	0	0
IS	146	0	0	0	0
IS	147	0	0	0	0
IS	148	0	0	0	0
IS	149	0	0	0	0
IS	150	0	0	0	0
IS	151	0	0	0	0
IS	152	0	0	0	0
IS	153	0	0	0	0
IS	154	0	0	0	0
IS	155	0	0	0	0
IS	156	0	0	0	0
IS	157	0	0	0	0
IS	158	0	0	0	0
IS	159	0	0	0	0
IS	160	0	0	0	0
IS	161	0	0	0	0
IS	162	0	0	0	0
IS	163	0	0	0	0
IS	164	0	0	0	0
IS	165	0	0	0	0
IS	166	0	0	0	0
IS	167	0	0	0	0
IS	168	0	0	0	0
IS	169	0	0	0	0
IS	170	0	0	0	0
IS	171	0	0	0	0
IS	172	0	0	0	0
IS	173	0	0	0	0
IS	174	0	0	0	0
IS	175	0	0	0	0
IS	176	0	0	0	0
IS	177	0	0	0	0
IS	178	0	0	0	0
IS	179	0	0	0	0
IS	180	0	0	0	0
IS	181	0	0	0	0
IS	182	0	0	0	0
IS	183	0	0	0	0
IS	184	0	0	0	0
IS	185	0	0	0	0
IS	186	0	0	0	0
IS	187	0	0	0	0
IS	188	0	0	0	0
IS	189	0	0	0	0
IS	190	0	0	0	0
IS	191	0	0	0	0
IS	192	0	0	0	0
IS	193	0	0	0	0
IS	194	0	0	0	0
IS	195	0	0	0	0
IS	196	0	0	0	0
IS	197	0	0	0	0
IS	198	0	0	0	0
IS	199	0	0	0	0
IS	200	0	0	0	0
IS	201	0	0	0	0
IS	202	0	0	0	0
IS	203	0	0	0	0
IS	204	0	0	0	0
IS	205	0	0	0	0
IS	206	0	0	0	0
IS	207	0	0	0	0
IS	208	0	0	0	0
IS	209	0	0	0	0
IS	210	0	0	0	0
IS	211	0	0	0	0
IS	212	0	0	0	0
IS	213	0	0	0	0
IS	214	0	0	0	0
IS	215	0	0	0	0
IS	216	0	0	0	0
IS	217	0	0	0	0
IS	218	0	0	0	0
IS	219	0	0	0	0
IS	220	0	0	0	0
IS	221	0	0	0	0
IS	222	0	0	0	0
IS	223	0	0	0	0
IS	224	0	0	0	0
IS	225	0	0	0	0
IS	226	0	0	0	0
IS	227	0	0	0	0
IS	228	0	0	0	0
IS	229	0	0	0	0
IS	230	0	0	0	0
IS	231	0	0	0	0
IS	232	0	0	0	0
IS	233	0	0	0	0
IS	234	0	0	0	0
IS	235	0	0	0	0
IS	236	0	0	0	0
IS	237	0	0	0	0
IS	238	0	0	0	0
IS	239	0	0	0	0
IS	240	0	0	0	0
IS	241	0	0	0	0
IS	242	0	0	0	0
IS	243	0	0	0	0
IS	244	0	0	0	0
IS	245	0	0	0	0
IS	246	0	0	0	0
IS	247	0	0	0	0
IS	248	0	0	0	0
IS	249	0	0	0	0
IS	250	0	0	0	0
IS	251	0	0	0	0
IS	252	0	0	0	0
IS	253	0	0	0	0
IS	254	0	0	0	0
IS	255	0	0	0	0
IS	256	1	1	0	0
IS	257	0	0	0	0
IS	258	0	0	0	0
IS	259	0	0	0	0
IS	260	0	0	0	0
IS	261	0	0	0	0
IS	262	0	0	0	0
IS	263	0	0	0	0
IS	264	0	0	0	0
IS	265	0	0	0	0
IS	266	0	0	0	0
IS	267	0	0	0	0
IS	268	0	0	0	0
IS	269	0	0	0	0
IS	270	0	0	0	0
IS	271	0	0	0	0
IS	272	0	0	0	0
IS	273	0	0	0	0
IS	274	0	0	0	0
IS	275	0	0	0	0
IS	276	0	0	0	0
IS	277	0	0	0	0
IS	278	0	0	0	0
IS	279	0	0	0	0
IS	280	0	0	0	0
IS	281	0	0	0	0
IS	282	0	0	0	0
IS	283	0	0	0	0
IS	284	0	0	0	0
IS	285	0	0	0	0
IS	286	0	0	0	0
IS	287	0	0	0	0
IS	288	0	0	0	0
IS	289	0	0	0	0
IS	290	0	0	0	0
IS	291	0	0	0	0
IS	292	0	0	0	0
IS	293	0	0	0	0
IS	294	0	0	0	0
IS	295	0	0	0	0
IS	296	0	0	0	0
IS	297	0	0	0	0
IS	298	0	0	0	0
IS	299	0	0	0	0
IS	300	0	0	0	0
IS	301	0	0	0	0
IS	302	0	0	0	0
IS	303	0	0	0	0
IS	304	0	0	0	0
IS	305	0	0	0	0
IS	306	0	0	0	0
IS	307	0	0	0	0
IS	308	0	0	0	0
IS	309	1	1	0	0
# Read lengths. Use `grep ^RL | cut -f 2-` to extract this part. The columns are: read length, count
RL	150	1
RL	151	3
# Read lengths - first fragments. Use `grep ^FRL | cut -f 2-` to extract this part. The columns are: read length, count
FRL	151	2
# Read lengths - last fragments. Use `grep ^LRL | cut -f 2-` to extract this part. The columns are: read length, count
LRL	150	1
LRL	151	1
# Mapping qualities for reads !(UNMAP|SECOND|SUPPL|QCFAIL|DUP). Use `grep ^MAPQ | cut -f 2-` to extract this part. The columns are: mapq, count
MAPQ	255	4
# Indel distribution. Use `grep ^ID | cut -f 2-` to extract this part. The columns are: length, number of insertions, number of deletions
# Indels per cycle. Use `grep ^IC | cut -f 2-` to extract this part. The columns are: cycle, number of insertions (fwd), .. (rev) , number of deletions (fwd), .. (rev)
# Coverage distribution. Use `grep ^COV | cut -f 2-` to extract this part.
COV	[1-1]	1	513
COV	[2-2]	2	45
# GC-depth. Use `grep ^GCD | cut -f 2-` to extract this part. The columns are: GC%, unique sequence percentiles, 10th, 25th, 50th, 75th and 90th depth percentile
GCD	0.0	66.667	0.000	0.000	0.000	0.000	0.000
GCD	0.7	100.000	0.015	0.015	0.015	0.015	0.015
