# This file was produced by samtools stats (1.21+htslib-1.21) and can be plotted using plot-bamstats
# This file contains statistics for all reads.
# The command line was:  stats NC.Staphy2.5B_sorted.bam
# CHK, Checksum	[2]Read Names	[3]Sequences	[4]Qualities
# CHK, CRC32 of reads which passed filtering followed by addition (32bit overflow)
CHK	0c434455	e7a7a7fb	04ddbaf4
# Summary Numbers. Use `grep ^SN | cut -f 2-` to extract this part.
SN	raw total sequences:	253	# excluding supplementary and secondary reads
SN	filtered sequences:	0
SN	sequences:	253
SN	is sorted:	1
SN	1st fragments:	133
SN	last fragments:	120
SN	reads mapped:	253
SN	reads mapped and paired:	228	# paired-end technology bit set + both mates mapped
SN	reads unmapped:	0
SN	reads properly paired:	228	# proper-pair bit set
SN	reads paired:	253	# paired-end technology bit set
SN	reads duplicated:	0	# PCR or optical duplicate bit set
SN	reads MQ0:	2	# mapped and MQ=0
SN	reads QC failed:	0
SN	non-primary alignments:	31
SN	supplementary alignments:	0
SN	total length:	38164	# ignores clipping
SN	total first fragment length:	20070	# ignores clipping
SN	total last fragment length:	18094	# ignores clipping
SN	bases mapped:	38164	# ignores clipping
SN	bases mapped (cigar):	38164	# more accurate
SN	bases trimmed:	0
SN	bases duplicated:	0
SN	mismatches:	514	# from NM fields
SN	error rate:	1.346819e-02	# mismatches / bases mapped (cigar)
SN	average length:	151
SN	average first fragment length:	151
SN	average last fragment length:	151
SN	maximum length:	151
SN	maximum first fragment length:	151
SN	maximum last fragment length:	151
SN	average quality:	38.7
SN	insert size average:	342.6
SN	insert size standard deviation:	71.8
SN	inward oriented pairs:	114
SN	outward oriented pairs:	0
SN	pairs with other orientation:	0
SN	pairs on different chromosomes:	0
SN	percentage of properly paired reads (%):	90.1
# First Fragment Qualities. Use `grep ^FFQ | cut -f 2-` to extract this part.
# Columns correspond to qualities and rows to cycles. First column is the cycle number.
FFQ	1	0	0	1	0	0	0	0	0	0	0	0	0	1	0	0	0	0	0	0	0	0	0	0	0	0	0	0	4	0	0	0	0	127	0	0	0	0	0	0	0	0	0	0
FFQ	2	0	0	0	0	0	0	0	0	0	0	0	0	0	0	0	0	0	0	0	0	0	0	0	0	0	0	0	6	0	0	0	0	127	0	0	0	0	0	0	0	0	0	0
FFQ	3	0	0	0	0	0	0	0	0	0	0	0	0	2	0	0	0	0	0	0	0	0	0	0	0	0	0	0	4	0	0	0	0	26	0	0	0	0	101	0	0	0	0	0
FFQ	4	0	0	0	0	0	0	0	0	0	0	0	0	0	0	0	0	0	0	0	0	0	0	1	0	0	0	0	1	0	0	0	0	13	0	0	0	0	118	0	0	0	0	0
FFQ	5	0	0	0	0	0	0	0	0	0	0	0	0	3	0	0	0	0	0	0	0	0	0	1	0	0	0	0	3	0	0	0	0	9	0	0	0	0	117	0	0	0	0	0
FFQ	6	0	0	0	0	0	0	0	0	0	0	0	0	1	0	0	0	0	0	0	0	0	0	1	0	0	0	0	2	0	0	0	0	6	0	0	0	0	22	0	0	0	101	0
FFQ	7	0	0	0	0	0	0	0	0	0	0	0	0	4	0	0	0	0	0	0	0	0	0	1	0	0	0	0	2	0	0	0	0	3	0	0	0	0	7	0	0	0	116	0
FFQ	8	0	0	0	0	0	0	0	0	0	0	0	0	0	0	0	0	0	0	0	0	0	0	0	0	0	0	0	2	0	0	0	0	4	0	0	0	0	14	0	0	0	113	0
FFQ	9	0	0	0	0	0	0	0	0	0	0	0	0	0	0	0	0	0	0	0	0	0	0	1	0	0	0	0	2	0	0	0	0	2	0	0	0	0	13	0	0	0	115	0
FFQ	10	0	0	0	0	0	0	0	0	0	0	0	0	1	0	0	0	0	0	0	0	0	0	1	0	0	0	0	1	0	0	0	0	4	0	0	0	0	17	0	0	0	109	0
FFQ	11	0	0	0	0	0	0	0	0	0	0	0	0	0	0	0	0	0	0	0	0	0	0	1	0	0	0	0	1	0	0	0	0	4	0	0	0	0	10	0	0	0	117	0
FFQ	12	0	0	0	0	0	0	0	0	0	0	0	0	2	0	0	0	0	0	0	0	0	0	1	0	0	0	0	2	0	0	0	0	3	0	0	0	0	9	0	0	0	116	0
FFQ	13	0	0	0	0	0	0	0	0	0	0	0	0	1	0	0	0	0	0	0	0	0	0	0	0	0	0	0	1	0	0	0	0	4	0	0	0	0	9	0	0	0	118	0
FFQ	14	0	0	0	0	0	0	0	0	0	0	0	0	0	0	0	0	0	0	0	0	0	0	0	0	0	0	0	1	0	0	0	0	5	0	0	0	0	11	0	0	0	116	0
FFQ	15	0	0	0	0	0	0	0	0	0	0	0	0	0	0	0	0	0	0	0	0	0	0	0	0	0	0	0	3	0	0	0	0	4	0	0	0	0	8	0	0	0	118	0
FFQ	16	0	0	0	0	0	0	0	0	0	0	0	0	0	0	0	0	0	0	0	0	0	0	1	0	0	0	0	1	0	0	0	0	2	0	0	0	0	10	0	0	0	119	0
FFQ	17	0	0	0	0	0	0	0	0	0	0	0	0	0	0	0	0	0	0	0	0	0	0	1	0	0	0	0	1	0	0	0	0	0	0	0	0	0	9	0	0	0	122	0
FFQ	18	0	0	0	0	0	0	0	0	0	0	0	0	1	0	0	0	0	0	0	0	0	0	0	0	0	0	0	2	0	0	0	0	5	0	0	0	0	10	0	0	0	115	0
FFQ	19	0	0	0	0	0	0	0	0	0	0	0	0	1	0	0	0	0	0	0	0	0	0	1	0	0	0	0	0	0	0	0	0	3	0	0	0	0	8	0	0	0	120	0
FFQ	20	0	0	0	0	0	0	0	0	0	0	0	0	2	0	0	0	0	0	0	0	0	0	1	0	0	0	0	1	0	0	0	0	3	0	0	0	0	7	0	0	0	119	0
FFQ	21	0	0	0	0	0	0	0	0	0	0	0	0	0	0	0	0	0	0	0	0	0	0	1	0	0	0	0	1	0	0	0	0	3	0	0	0	0	13	0	0	0	115	0
FFQ	22	0	0	0	0	0	0	0	0	0	0	0	0	1	0	0	0	0	0	0	0	0	0	1	0	0	0	0	1	0	0	0	0	5	0	0	0	0	10	0	0	0	115	0
FFQ	23	0	0	0	0	0	0	0	0	0	0	0	0	0	0	0	0	0	0	0	0	0	0	0	0	0	0	0	0	0	0	0	0	3	0	0	0	0	9	0	0	0	121	0
FFQ	24	0	0	0	0	0	0	0	0	0	0	0	0	0	0	0	0	0	0	0	0	0	0	1	0	0	0	0	3	0	0	0	0	3	0	0	0	0	11	0	0	0	115	0
FFQ	25	0	0	0	0	0	0	0	0	0	0	0	0	0	0	0	0	0	0	0	0	0	0	0	0	0	0	0	1	0	0	0	0	2	0	0	0	0	15	0	0	0	115	0
FFQ	26	0	0	0	0	0	0	0	0	0	0	0	0	2	0	0	0	0	0	0	0	0	0	1	0	0	0	0	1	0	0	0	0	3	0	0	0	0	9	0	0	0	117	0
FFQ	27	0	0	0	0	0	0	0	0	0	0	0	0	2	0	0	0	0	0	0	0	0	0	1	0	0	0	0	0	0	0	0	0	0	0	0	0	0	9	0	0	0	121	0
FFQ	28	0	0	1	0	0	0	0	0	0	0	0	0	0	0	0	0	0	0	0	0	0	0	0	0	0	0	0	2	0	0	0	0	2	0	0	0	0	11	0	0	0	117	0
FFQ	29	0	0	0	0	0	0	0	0	0	0	0	0	2	0	0	0	0	0	0	0	0	0	0	0	0	0	0	0	0	0	0	0	2	0	0	0	0	14	0	0	0	115	0
FFQ	30	0	0	0	0	0	0	0	0	0	0	0	0	0	0	0	0	0	0	0	0	0	0	2	0	0	0	0	1	0	0	0	0	2	0	0	0	0	2	0	0	0	126	0
FFQ	31	0	0	0	0	0	0	0	0	0	0	0	0	0	0	0	0	0	0	0	0	0	0	1	0	0	0	0	0	0	0	0	0	2	0	0	0	0	12	0	0	0	118	0
FFQ	32	0	0	0	0	0	0	0	0	0	0	0	0	0	0	0	0	0	0	0	0	0	0	0	0	0	0	0	3	0	0	0	0	2	0	0	0	0	7	0	0	0	121	0
FFQ	33	0	0	0	0	0	0	0	0	0	0	0	0	1	0	0	0	0	0	0	0	0	0	0	0	0	0	0	4	0	0	0	0	3	0	0	0	0	15	0	0	0	110	0
FFQ	34	0	0	0	0	0	0	0	0	0	0	0	0	1	0	0	0	0	0	0	0	0	0	0	0	0	0	0	1	0	0	0	0	4	0	0	0	0	10	0	0	0	117	0
FFQ	35	0	0	0	0	0	0	0	0	0	0	0	0	1	0	0	0	0	0	0	0	0	0	0	0	0	0	0	3	0	0	0	0	3	0	0	0	0	9	0	0	0	117	0
FFQ	36	0	0	0	0	0	0	0	0	0	0	0	0	3	0	0	0	0	0	0	0	0	0	1	0	0	0	0	1	0	0	0	0	3	0	0	0	0	10	0	0	0	115	0
FFQ	37	0	0	0	0	0	0	0	0	0	0	0	0	2	0	0	0	0	0	0	0	0	0	1	0	0	0	0	2	0	0	0	0	1	0	0	0	0	15	0	0	0	112	0
FFQ	38	0	0	0	0	0	0	0	0	0	0	0	0	3	0	0	0	0	0	0	0	0	0	1	0	0	0	0	3	0	0	0	0	2	0	0	0	0	13	0	0	0	111	0
FFQ	39	0	0	0	0	0	0	0	0	0	0	0	0	4	0	0	0	0	0	0	0	0	0	1	0	0	0	0	2	0	0	0	0	2	0	0	0	0	10	0	0	0	114	0
FFQ	40	0	0	0	0	0	0	0	0	0	0	0	0	8	0	0	0	0	0	0	0	0	0	1	0	0	0	0	4	0	0	0	0	3	0	0	0	0	10	0	0	0	107	0
FFQ	41	0	0	0	0	0	0	0	0	0	0	0	0	1	0	0	0	0	0	0	0	0	0	1	0	0	0	0	4	0	0	0	0	3	0	0	0	0	17	0	0	0	107	0
FFQ	42	0	0	0	0	0	0	0	0	0	0	0	0	2	0	0	0	0	0	0	0	0	0	1	0	0	0	0	0	0	0	0	0	3	0	0	0	0	12	0	0	0	115	0
FFQ	43	0	0	0	0	0	0	0	0	0	0	0	0	1	0	0	0	0	0	0	0	0	0	0	0	0	0	0	2	0	0	0	0	3	0	0	0	0	18	0	0	0	109	0
FFQ	44	0	0	0	0	0	0	0	0	0	0	0	0	4	0	0	0	0	0	0	0	0	0	0	0	0	0	0	1	0	0	0	0	3	0	0	0	0	17	0	0	0	108	0
FFQ	45	0	0	0	0	0	0	0	0	0	0	0	0	0	0	0	0	0	0	0	0	0	0	1	0	0	0	0	5	0	0	0	0	3	0	0	0	0	19	0	0	0	105	0
FFQ	46	0	0	0	0	0	0	0	0	0	0	0	0	2	0	0	0	0	0	0	0	0	0	1	0	0	0	0	2	0	0	0	0	5	0	0	0	0	10	0	0	0	113	0
FFQ	47	0	0	2	0	0	0	0	0	0	0	0	0	4	0	0	0	0	0	0	0	0	0	2	0	0	0	0	2	0	0	0	0	3	0	0	0	0	12	0	0	0	108	0
FFQ	48	0	0	0	0	0	0	0	0	0	0	0	0	3	0	0	0	0	0	0	0	0	0	0	0	0	0	0	2	0	0	0	0	1	0	0	0	0	17	0	0	0	110	0
FFQ	49	0	0	0	0	0	0	0	0	0	0	0	0	4	0	0	0	0	0	0	0	0	0	0	0	0	0	0	4	0	0	0	0	2	0	0	0	0	9	0	0	0	114	0
FFQ	50	0	0	0	0	0	0	0	0	0	0	0	0	3	0	0	0	0	0	0	0	0	0	0	0	0	0	0	2	0	0	0	0	2	0	0	0	0	14	0	0	0	112	0
FFQ	51	0	0	0	0	0	0	0	0	0	0	0	0	1	0	0	0	0	0	0	0	0	0	0	0	0	0	0	5	0	0	0	0	3	0	0	0	0	14	0	0	0	110	0
FFQ	52	0	0	0	0	0	0	0	0	0	0	0	0	3	0	0	0	0	0	0	0	0	0	2	0	0	0	0	3	0	0	0	0	4	0	0	0	0	6	0	0	0	115	0
FFQ	53	0	0	0	0	0	0	0	0	0	0	0	0	1	0	0	0	0	0	0	0	0	0	2	0	0	0	0	1	0	0	0	0	3	0	0	0	0	13	0	0	0	113	0
FFQ	54	0	0	0	0	0	0	0	0	0	0	0	0	5	0	0	0	0	0	0	0	0	0	2	0	0	0	0	4	0	0	0	0	4	0	0	0	0	14	0	0	0	104	0
FFQ	55	0	0	0	0	0	0	0	0	0	0	0	0	1	0	0	0	0	0	0	0	0	0	2	0	0	0	0	4	0	0	0	0	2	0	0	0	0	12	0	0	0	112	0
FFQ	56	0	0	0	0	0	0	0	0	0	0	0	0	2	0	0	0	0	0	0	0	0	0	3	0	0	0	0	1	0	0	0	0	2	0	0	0	0	12	0	0	0	113	0
FFQ	57	0	0	0	0	0	0	0	0	0	0	0	0	2	0	0	0	0	0	0	0	0	0	2	0	0	0	0	3	0	0	0	0	6	0	0	0	0	17	0	0	0	103	0
FFQ	58	0	0	0	0	0	0	0	0	0	0	0	0	1	0	0	0	0	0	0	0	0	0	2	0	0	0	0	1	0	0	0	0	6	0	0	0	0	13	0	0	0	110	0
FFQ	59	0	0	0	0	0	0	0	0	0	0	0	0	4	0	0	0	0	0	0	0	0	0	2	0	0	0	0	3	0	0	0	0	3	0	0	0	0	9	0	0	0	112	0
FFQ	60	0	0	0	0	0	0	0	0	0	0	0	0	0	0	0	0	0	0	0	0	0	0	0	0	0	0	0	4	0	0	0	0	1	0	0	0	0	11	0	0	0	117	0
FFQ	61	0	0	0	0	0	0	0	0	0	0	0	0	1	0	0	0	0	0	0	0	0	0	1	0	0	0	0	3	0	0	0	0	2	0	0	0	0	13	0	0	0	113	0
FFQ	62	0	0	0	0	0	0	0	0	0	0	0	0	1	0	0	0	0	0	0	0	0	0	0	0	0	0	0	2	0	0	0	0	4	0	0	0	0	12	0	0	0	114	0
FFQ	63	0	0	0	0	0	0	0	0	0	0	0	0	2	0	0	0	0	0	0	0	0	0	1	0	0	0	0	3	0	0	0	0	2	0	0	0	0	11	0	0	0	114	0
FFQ	64	0	0	0	0	0	0	0	0	0	0	0	0	1	0	0	0	0	0	0	0	0	0	2	0	0	0	0	2	0	0	0	0	1	0	0	0	0	14	0	0	0	113	0
FFQ	65	0	0	0	0	0	0	0	0	0	0	0	0	0	0	0	0	0	0	0	0	0	0	2	0	0	0	0	1	0	0	0	0	7	0	0	0	0	10	0	0	0	113	0
FFQ	66	0	0	0	0	0	0	0	0	0	0	0	0	1	0	0	0	0	0	0	0	0	0	0	0	0	0	0	6	0	0	0	0	3	0	0	0	0	12	0	0	0	111	0
FFQ	67	0	0	0	0	0	0	0	0	0	0	0	0	0	0	0	0	0	0	0	0	0	0	4	0	0	0	0	1	0	0	0	0	4	0	0	0	0	7	0	0	0	117	0
FFQ	68	0	0	0	0	0	0	0	0	0	0	0	0	3	0	0	0	0	0	0	0	0	0	1	0	0	0	0	1	0	0	0	0	2	0	0	0	0	8	0	0	0	118	0
FFQ	69	0	0	0	0	0	0	0	0	0	0	0	0	1	0	0	0	0	0	0	0	0	0	1	0	0	0	0	3	0	0	0	0	3	0	0	0	0	11	0	0	0	114	0
FFQ	70	0	0	0	0	0	0	0	0	0	0	0	0	3	0	0	0	0	0	0	0	0	0	0	0	0	0	0	3	0	0	0	0	5	0	0	0	0	11	0	0	0	111	0
FFQ	71	0	0	0	0	0	0	0	0	0	0	0	0	3	0	0	0	0	0	0	0	0	0	1	0	0	0	0	0	0	0	0	0	6	0	0	0	0	9	0	0	0	114	0
FFQ	72	0	0	0	0	0	0	0	0	0	0	0	0	3	0	0	0	0	0	0	0	0	0	2	0	0	0	0	0	0	0	0	0	3	0	0	0	0	10	0	0	0	115	0
FFQ	73	0	0	0	0	0	0	0	0	0	0	0	0	3	0	0	0	0	0	0	0	0	0	1	0	0	0	0	2	0	0	0	0	3	0	0	0	0	15	0	0	0	109	0
FFQ	74	0	0	0	0	0	0	0	0	0	0	0	0	4	0	0	0	0	0	0	0	0	0	0	0	0	0	0	3	0	0	0	0	5	0	0	0	0	9	0	0	0	112	0
FFQ	75	0	0	0	0	0	0	0	0	0	0	0	0	0	0	0	0	0	0	0	0	0	0	1	0	0	0	0	4	0	0	0	0	8	0	0	0	0	12	0	0	0	108	0
FFQ	76	0	0	0	0	0	0	0	0	0	0	0	0	2	0	0	0	0	0	0	0	0	0	1	0	0	0	0	2	0	0	0	0	7	0	0	0	0	16	0	0	0	105	0
FFQ	77	0	0	0	0	0	0	0	0	0	0	0	0	3	0	0	0	0	0	0	0	0	0	3	0	0	0	0	2	0	0	0	0	4	0	0	0	0	26	0	0	0	95	0
FFQ	78	0	0	0	0	0	0	0	0	0	0	0	0	4	0	0	0	0	0	0	0	0	0	2	0	0	0	0	4	0	0	0	0	5	0	0	0	0	15	0	0	0	103	0
FFQ	79	0	0	0	0	0	0	0	0	0	0	0	0	2	0	0	0	0	0	0	0	0	0	1	0	0	0	0	1	0	0	0	0	10	0	0	0	0	16	0	0	0	103	0
FFQ	80	0	0	0	0	0	0	0	0	0	0	0	0	3	0	0	0	0	0	0	0	0	0	2	0	0	0	0	5	0	0	0	0	3	0	0	0	0	14	0	0	0	106	0
FFQ	81	0	0	0	0	0	0	0	0	0	0	0	0	2	0	0	0	0	0	0	0	0	0	1	0	0	0	0	4	0	0	0	0	4	0	0	0	0	10	0	0	0	112	0
FFQ	82	0	0	0	0	0	0	0	0	0	0	0	0	2	0	0	0	0	0	0	0	0	0	1	0	0	0	0	4	0	0	0	0	5	0	0	0	0	15	0	0	0	106	0
FFQ	83	0	0	0	0	0	0	0	0	0	0	0	0	1	0	0	0	0	0	0	0	0	0	3	0	0	0	0	0	0	0	0	0	4	0	0	0	0	13	0	0	0	112	0
FFQ	84	0	0	0	0	0	0	0	0	0	0	0	0	4	0	0	0	0	0	0	0	0	0	0	0	0	0	0	3	0	0	0	0	1	0	0	0	0	13	0	0	0	112	0
FFQ	85	0	0	0	0	0	0	0	0	0	0	0	0	5	0	0	0	0	0	0	0	0	0	1	0	0	0	0	2	0	0	0	0	5	0	0	0	0	11	0	0	0	109	0
FFQ	86	0	0	0	0	0	0	0	0	0	0	0	0	4	0	0	0	0	0	0	0	0	0	1	0	0	0	0	4	0	0	0	0	1	0	0	0	0	8	0	0	0	115	0
FFQ	87	0	0	0	0	0	0	0	0	0	0	0	0	5	0	0	0	0	0	0	0	0	0	2	0	0	0	0	1	0	0	0	0	3	0	0	0	0	11	0	0	0	111	0
FFQ	88	0	0	0	0	0	0	0	0	0	0	0	0	1	0	0	0	0	0	0	0	0	0	4	0	0	0	0	3	0	0	0	0	6	0	0	0	0	10	0	0	0	109	0
FFQ	89	0	0	0	0	0	0	0	0	0	0	0	0	3	0	0	0	0	0	0	0	0	0	1	0	0	0	0	2	0	0	0	0	4	0	0	0	0	9	0	0	0	114	0
FFQ	90	0	0	0	0	0	0	0	0	0	0	0	0	4	0	0	0	0	0	0	0	0	0	4	0	0	0	0	1	0	0	0	0	2	0	0	0	0	4	0	0	0	118	0
FFQ	91	0	0	0	0	0	0	0	0	0	0	0	0	4	0	0	0	0	0	0	0	0	0	1	0	0	0	0	3	0	0	0	0	6	0	0	0	0	7	0	0	0	112	0
FFQ	92	0	0	0	0	0	0	0	0	0	0	0	0	4	0	0	0	0	0	0	0	0	0	3	0	0	0	0	2	0	0	0	0	6	0	0	0	0	9	0	0	0	109	0
FFQ	93	0	0	0	0	0	0	0	0	0	0	0	0	3	0	0	0	0	0	0	0	0	0	2	0	0	0	0	3	0	0	0	0	9	0	0	0	0	10	0	0	0	106	0
FFQ	94	0	0	0	0	0	0	0	0	0	0	0	0	4	0	0	0	0	0	0	0	0	0	3	0	0	0	0	3	0	0	0	0	4	0	0	0	0	15	0	0	0	104	0
FFQ	95	0	0	0	0	0	0	0	0	0	0	0	0	5	0	0	0	0	0	0	0	0	0	0	0	0	0	0	5	0	0	0	0	0	0	0	0	0	14	0	0	0	109	0
FFQ	96	0	0	0	0	0	0	0	0	0	0	0	0	2	0	0	0	0	0	0	0	0	0	5	0	0	0	0	3	0	0	0	0	6	0	0	0	0	9	0	0	0	108	0
FFQ	97	0	0	0	0	0	0	0	0	0	0	0	0	2	0	0	0	0	0	0	0	0	0	2	0	0	0	0	5	0	0	0	0	6	0	0	0	0	10	0	0	0	108	0
FFQ	98	0	0	0	0	0	0	0	0	0	0	0	0	5	0	0	0	0	0	0	0	0	0	1	0	0	0	0	5	0	0	0	0	5	0	0	0	0	10	0	0	0	107	0
FFQ	99	0	0	0	0	0	0	0	0	0	0	0	0	4	0	0	0	0	0	0	0	0	0	1	0	0	0	0	3	0	0	0	0	7	0	0	0	0	12	0	0	0	106	0
FFQ	100	0	0	0	0	0	0	0	0	0	0	0	0	3	0	0	0	0	0	0	0	0	0	3	0	0	0	0	4	0	0	0	0	9	0	0	0	0	11	0	0	0	103	0
FFQ	101	0	0	0	0	0	0	0	0	0	0	0	0	1	0	0	0	0	0	0	0	0	0	2	0	0	0	0	3	0	0	0	0	8	0	0	0	0	12	0	0	0	107	0
FFQ	102	0	0	0	0	0	0	0	0	0	0	0	0	5	0	0	0	0	0	0	0	0	0	2	0	0	0	0	2	0	0	0	0	13	0	0	0	0	9	0	0	0	102	0
FFQ	103	0	0	0	0	0	0	0	0	0	0	0	0	5	0	0	0	0	0	0	0	0	0	3	0	0	0	0	4	0	0	0	0	2	0	0	0	0	6	0	0	0	113	0
FFQ	104	0	0	0	0	0	0	0	0	0	0	0	0	2	0	0	0	0	0	0	0	0	0	2	0	0	0	0	1	0	0	0	0	6	0	0	0	0	10	0	0	0	112	0
FFQ	105	0	0	0	0	0	0	0	0	0	0	0	0	2	0	0	0	0	0	0	0	0	0	3	0	0	0	0	5	0	0	0	0	4	0	0	0	0	15	0	0	0	104	0
FFQ	106	0	0	0	0	0	0	0	0	0	0	0	0	3	0	0	0	0	0	0	0	0	0	5	0	0	0	0	1	0	0	0	0	6	0	0	0	0	16	0	0	0	102	0
FFQ	107	0	0	0	0	0	0	0	0	0	0	0	0	3	0	0	0	0	0	0	0	0	0	2	0	0	0	0	0	0	0	0	0	7	0	0	0	0	12	0	0	0	109	0
FFQ	108	0	0	0	0	0	0	0	0	0	0	0	0	1	0	0	0	0	0	0	0	0	0	1	0	0	0	0	4	0	0	0	0	6	0	0	0	0	16	0	0	0	105	0
FFQ	109	0	0	0	0	0	0	0	0	0	0	0	0	4	0	0	0	0	0	0	0	0	0	2	0	0	0	0	2	0	0	0	0	6	0	0	0	0	14	0	0	0	105	0
FFQ	110	0	0	0	0	0	0	0	0	0	0	0	0	1	0	0	0	0	0	0	0	0	0	4	0	0	0	0	4	0	0	0	0	6	0	0	0	0	14	0	0	0	104	0
FFQ	111	0	0	0	0	0	0	0	0	0	0	0	0	3	0	0	0	0	0	0	0	0	0	3	0	0	0	0	3	0	0	0	0	6	0	0	0	0	14	0	0	0	104	0
FFQ	112	0	0	0	0	0	0	0	0	0	0	0	0	8	0	0	0	0	0	0	0	0	0	1	0	0	0	0	5	0	0	0	0	6	0	0	0	0	13	0	0	0	100	0
FFQ	113	0	0	0	0	0	0	0	0	0	0	0	0	0	0	0	0	0	0	0	0	0	0	3	0	0	0	0	4	0	0	0	0	9	0	0	0	0	12	0	0	0	105	0
FFQ	114	0	0	0	0	0	0	0	0	0	0	0	0	3	0	0	0	0	0	0	0	0	0	1	0	0	0	0	5	0	0	0	0	4	0	0	0	0	17	0	0	0	103	0
FFQ	115	0	0	0	0	0	0	0	0	0	0	0	0	2	0	0	0	0	0	0	0	0	0	1	0	0	0	0	8	0	0	0	0	7	0	0	0	0	10	0	0	0	105	0
FFQ	116	0	0	0	0	0	0	0	0	0	0	0	0	1	0	0	0	0	0	0	0	0	0	2	0	0	0	0	2	0	0	0	0	11	0	0	0	0	8	0	0	0	109	0
FFQ	117	0	0	0	0	0	0	0	0	0	0	0	0	3	0	0	0	0	0	0	0	0	0	3	0	0	0	0	3	0	0	0	0	6	0	0	0	0	13	0	0	0	105	0
FFQ	118	0	0	0	0	0	0	0	0	0	0	0	0	1	0	0	0	0	0	0	0	0	0	4	0	0	0	0	1	0	0	0	0	5	0	0	0	0	17	0	0	0	105	0
FFQ	119	0	0	0	0	0	0	0	0	0	0	0	0	4	0	0	0	0	0	0	0	0	0	3	0	0	0	0	4	0	0	0	0	5	0	0	0	0	15	0	0	0	102	0
FFQ	120	0	0	0	0	0	0	0	0	0	0	0	0	3	0	0	0	0	0	0	0	0	0	1	0	0	0	0	2	0	0	0	0	9	0	0	0	0	10	0	0	0	108	0
FFQ	121	0	0	0	0	0	0	0	0	0	0	0	0	1	0	0	0	0	0	0	0	0	0	3	0	0	0	0	5	0	0	0	0	5	0	0	0	0	11	0	0	0	108	0
FFQ	122	0	0	0	0	0	0	0	0	0	0	0	0	3	0	0	0	0	0	0	0	0	0	2	0	0	0	0	1	0	0	0	0	4	0	0	0	0	14	0	0	0	109	0
FFQ	123	0	0	0	0	0	0	0	0	0	0	0	0	3	0	0	0	0	0	0	0	0	0	5	0	0	0	0	3	0	0	0	0	6	0	0	0	0	12	0	0	0	104	0
FFQ	124	0	0	0	0	0	0	0	0	0	0	0	0	3	0	0	0	0	0	0	0	0	0	0	0	0	0	0	1	0	0	0	0	8	0	0	0	0	15	0	0	0	106	0
FFQ	125	0	0	0	0	0	0	0	0	0	0	0	0	4	0	0	0	0	0	0	0	0	0	6	0	0	0	0	1	0	0	0	0	5	0	0	0	0	15	0	0	0	102	0
FFQ	126	0	0	0	0	0	0	0	0	0	0	0	0	5	0	0	0	0	0	0	0	0	0	1	0	0	0	0	1	0	0	0	0	7	0	0	0	0	11	0	0	0	108	0
FFQ	127	0	0	0	0	0	0	0	0	0	0	0	0	4	0	0	0	0	0	0	0	0	0	0	0	0	0	0	3	0	0	0	0	9	0	0	0	0	16	0	0	0	101	0
FFQ	128	0	0	0	0	0	0	0	0	0	0	0	0	4	0	0	0	0	0	0	0	0	0	3	0	0	0	0	4	0	0	0	0	3	0	0	0	0	16	0	0	0	103	0
FFQ	129	0	0	0	0	0	0	0	0	0	0	0	0	2	0	0	0	0	0	0	0	0	0	2	0	0	0	0	0	0	0	0	0	9	0	0	0	0	14	0	0	0	106	0
FFQ	130	0	0	0	0	0	0	0	0	0	0	0	0	5	0	0	0	0	0	0	0	0	0	4	0	0	0	0	0	0	0	0	0	8	0	0	0	0	13	0	0	0	103	0
FFQ	131	0	0	0	0	0	0	0	0	0	0	0	0	7	0	0	0	0	0	0	0	0	0	2	0	0	0	0	4	0	0	0	0	3	0	0	0	0	18	0	0	0	99	0
FFQ	132	0	0	0	0	0	0	0	0	0	0	0	0	2	0	0	0	0	0	0	0	0	0	3	0	0	0	0	3	0	0	0	0	5	0	0	0	0	14	0	0	0	106	0
FFQ	133	0	0	0	0	0	0	0	0	0	0	0	0	5	0	0	0	0	0	0	0	0	0	4	0	0	0	0	5	0	0	0	0	7	0	0	0	0	11	0	0	0	101	0
FFQ	134	0	0	0	0	0	0	0	0	0	0	0	0	4	0	0	0	0	0	0	0	0	0	5	0	0	0	0	1	0	0	0	0	7	0	0	0	0	17	0	0	0	99	0
FFQ	135	0	0	0	0	0	0	0	0	0	0	0	0	4	0	0	0	0	0	0	0	0	0	1	0	0	0	0	3	0	0	0	0	7	0	0	0	0	16	0	0	0	102	0
FFQ	136	0	0	0	0	0	0	0	0	0	0	0	0	5	0	0	0	0	0	0	0	0	0	3	0	0	0	0	1	0	0	0	0	6	0	0	0	0	16	0	0	0	102	0
FFQ	137	0	0	0	0	0	0	0	0	0	0	0	0	1	0	0	0	0	0	0	0	0	0	1	0	0	0	0	3	0	0	0	0	11	0	0	0	0	20	0	0	0	97	0
FFQ	138	0	0	0	0	0	0	0	0	0	0	0	0	3	0	0	0	0	0	0	0	0	0	2	0	0	0	0	4	0	0	0	0	6	0	0	0	0	21	0	0	0	97	0
FFQ	139	0	0	0	0	0	0	0	0	0	0	0	0	0	0	0	0	0	0	0	0	0	0	6	0	0	0	0	3	0	0	0	0	5	0	0	0	0	15	0	0	0	104	0
FFQ	140	0	0	0	0	0	0	0	0	0	0	0	0	3	0	0	0	0	0	0	0	0	0	2	0	0	0	0	4	0	0	0	0	4	0	0	0	0	21	0	0	0	99	0
FFQ	141	0	0	0	0	0	0	0	0	0	0	0	0	2	0	0	0	0	0	0	0	0	0	0	0	0	0	0	4	0	0	0	0	6	0	0	0	0	19	0	0	0	102	0
FFQ	142	0	0	0	0	0	0	0	0	0	0	0	0	5	0	0	0	0	0	0	0	0	0	2	0	0	0	0	1	0	0	0	0	3	0	0	0	0	17	0	0	0	105	0
FFQ	143	0	0	0	0	0	0	0	0	0	0	0	0	3	0	0	0	0	0	0	0	0	0	1	0	0	0	0	4	0	0	0	0	8	0	0	0	0	17	0	0	0	100	0
FFQ	144	0	0	0	0	0	0	0	0	0	0	0	0	4	0	0	0	0	0	0	0	0	0	3	0	0	0	0	3	0	0	0	0	8	0	0	0	0	28	0	0	0	87	0
FFQ	145	0	0	0	0	0	0	0	0	0	0	0	0	6	0	0	0	0	0	0	0	0	0	1	0	0	0	0	4	0	0	0	0	8	0	0	0	0	16	0	0	0	98	0
FFQ	146	0	0	0	0	0	0	0	0	0	0	0	0	2	0	0	0	0	0	0	0	0	0	4	0	0	0	0	4	0	0	0	0	7	0	0	0	0	23	0	0	0	93	0
FFQ	147	0	0	0	0	0	0	0	0	0	0	0	0	1	0	0	0	0	0	0	0	0	0	3	0	0	0	0	5	0	0	0	0	7	0	0	0	0	27	0	0	0	89	0
FFQ	148	0	0	0	0	0	0	0	0	0	0	0	0	7	0	0	0	0	0	0	0	0	0	1	0	0	0	0	2	0	0	0	0	8	0	0	0	0	22	0	0	0	92	0
FFQ	149	0	0	0	0	0	0	0	0	0	0	0	0	5	0	0	0	0	0	0	0	0	0	3	0	0	0	0	2	0	0	0	0	9	0	0	0	0	25	0	0	0	88	0
FFQ	150	0	0	0	0	0	0	0	0	0	0	0	0	3	0	0	0	0	0	0	0	0	0	4	0	0	0	0	8	0	0	0	0	8	0	0	0	0	22	0	0	0	86	0
FFQ	151	0	0	0	0	0	0	0	0	0	0	0	0	0	0	0	0	0	0	0	0	0	0	4	0	0	0	0	10	0	0	0	0	9	0	0	0	0	32	0	0	0	70	0
# Last Fragment Qualities. Use `grep ^LFQ | cut -f 2-` to extract this part.
# Columns correspond to qualities and rows to cycles. First column is the cycle number.
LFQ	1	0	0	1	0	0	0	0	0	0	0	0	0	5	0	0	0	0	0	0	0	0	0	0	0	0	0	0	5	0	0	0	0	109	0	0	0	0	0	0	0	0	0	0
LFQ	2	0	0	0	0	0	0	0	0	0	0	0	0	5	0	0	0	0	0	0	0	0	0	0	0	0	0	0	1	0	0	0	0	114	0	0	0	0	0	0	0	0	0	0
LFQ	3	0	0	0	0	0	0	0	0	0	0	0	0	9	0	0	0	0	0	0	0	0	0	0	0	0	0	0	5	0	0	0	0	33	0	0	0	0	73	0	0	0	0	0
LFQ	4	0	0	0	0	0	0	0	0	0	0	0	0	5	0	0	0	0	0	0	0	0	0	0	0	0	0	0	5	0	0	0	0	11	0	0	0	0	99	0	0	0	0	0
LFQ	5	0	0	0	0	0	0	0	0	0	0	0	0	3	0	0	0	0	0	0	0	0	0	0	0	0	0	0	0	0	0	0	0	15	0	0	0	0	102	0	0	0	0	0
LFQ	6	0	0	0	0	0	0	0	0	0	0	0	0	2	0	0	0	0	0	0	0	0	0	0	0	0	0	0	3	0	0	0	0	7	0	0	0	0	14	0	0	0	94	0
LFQ	7	0	0	0	0	0	0	0	0	0	0	0	0	1	0	0	0	0	0	0	0	0	0	0	0	0	0	0	0	0	0	0	0	5	0	0	0	0	24	0	0	0	90	0
LFQ	8	0	0	0	0	0	0	0	0	0	0	0	0	4	0	0	0	0	0	0	0	0	0	2	0	0	0	0	2	0	0	0	0	5	0	0	0	0	8	0	0	0	99	0
LFQ	9	0	0	0	0	0	0	0	0	0	0	0	0	1	0	0	0	0	0	0	0	0	0	1	0	0	0	0	0	0	0	0	0	3	0	0	0	0	11	0	0	0	104	0
LFQ	10	0	0	0	0	0	0	0	0	0	0	0	0	1	0	0	0	0	0	0	0	0	0	2	0	0	0	0	1	0	0	0	0	3	0	0	0	0	7	0	0	0	106	0
LFQ	11	0	0	0	0	0	0	0	0	0	0	0	0	1	0	0	0	0	0	0	0	0	0	1	0	0	0	0	1	0	0	0	0	5	0	0	0	0	11	0	0	0	101	0
LFQ	12	0	0	0	0	0	0	0	0	0	0	0	0	3	0	0	0	0	0	0	0	0	0	2	0	0	0	0	0	0	0	0	0	3	0	0	0	0	11	0	0	0	101	0
LFQ	13	0	0	0	0	0	0	0	0	0	0	0	0	2	0	0	0	0	0	0	0	0	0	3	0	0	0	0	0	0	0	0	0	2	0	0	0	0	9	0	0	0	104	0
LFQ	14	0	0	0	0	0	0	0	0	0	0	0	0	0	0	0	0	0	0	0	0	0	0	1	0	0	0	0	1	0	0	0	0	7	0	0	0	0	12	0	0	0	99	0
LFQ	15	0	0	0	0	0	0	0	0	0	0	0	0	2	0	0	0	0	0	0	0	0	0	1	0	0	0	0	1	0	0	0	0	4	0	0	0	0	11	0	0	0	101	0
LFQ	16	0	0	0	0	0	0	0	0	0	0	0	0	0	0	0	0	0	0	0	0	0	0	1	0	0	0	0	3	0	0	0	0	2	0	0	0	0	7	0	0	0	107	0
LFQ	17	0	0	0	0	0	0	0	0	0	0	0	0	1	0	0	0	0	0	0	0	0	0	0	0	0	0	0	8	0	0	0	0	5	0	0	0	0	11	0	0	0	95	0
LFQ	18	0	0	0	0	0	0	0	0	0	0	0	0	1	0	0	0	0	0	0	0	0	0	2	0	0	0	0	1	0	0	0	0	4	0	0	0	0	16	0	0	0	96	0
LFQ	19	0	0	0	0	0	0	0	0	0	0	0	0	2	0	0	0	0	0	0	0	0	0	1	0	0	0	0	3	0	0	0	0	3	0	0	0	0	15	0	0	0	96	0
LFQ	20	0	0	0	0	0	0	0	0	0	0	0	0	2	0	0	0	0	0	0	0	0	0	2	0	0	0	0	2	0	0	0	0	4	0	0	0	0	10	0	0	0	100	0
LFQ	21	0	0	0	0	0	0	0	0	0	0	0	0	1	0	0	0	0	0	0	0	0	0	0	0	0	0	0	3	0	0	0	0	1	0	0	0	0	14	0	0	0	101	0
LFQ	22	0	0	0	0	0	0	0	0	0	0	0	0	1	0	0	0	0	0	0	0	0	0	1	0	0	0	0	2	0	0	0	0	4	0	0	0	0	12	0	0	0	100	0
LFQ	23	0	0	0	0	0	0	0	0	0	0	0	0	3	0	0	0	0	0	0	0	0	0	0	0	0	0	0	5	0	0	0	0	1	0	0	0	0	12	0	0	0	99	0
LFQ	24	0	0	0	0	0	0	0	0	0	0	0	0	1	0	0	0	0	0	0	0	0	0	2	0	0	0	0	1	0	0	0	0	5	0	0	0	0	9	0	0	0	102	0
LFQ	25	0	0	0	0	0	0	0	0	0	0	0	0	0	0	0	0	0	0	0	0	0	0	2	0	0	0	0	4	0	0	0	0	4	0	0	0	0	12	0	0	0	98	0
LFQ	26	0	0	0	0	0	0	0	0	0	0	0	0	3	0	0	0	0	0	0	0	0	0	3	0	0	0	0	5	0	0	0	0	3	0	0	0	0	11	0	0	0	95	0
LFQ	27	0	0	0	0	0	0	0	0	0	0	0	0	2	0	0	0	0	0	0	0	0	0	1	0	0	0	0	1	0	0	0	0	6	0	0	0	0	15	0	0	0	95	0
LFQ	28	0	0	0	0	0	0	0	0	0	0	0	0	3	0	0	0	0	0	0	0	0	0	1	0	0	0	0	1	0	0	0	0	5	0	0	0	0	9	0	0	0	101	0
LFQ	29	0	0	0	0	0	0	0	0	0	0	0	0	2	0	0	0	0	0	0	0	0	0	1	0	0	0	0	2	0	0	0	0	6	0	0	0	0	13	0	0	0	96	0
LFQ	30	0	0	0	0	0	0	0	0	0	0	0	0	3	0	0	0	0	0	0	0	0	0	1	0	0	0	0	5	0	0	0	0	5	0	0	0	0	11	0	0	0	95	0
LFQ	31	0	0	0	0	0	0	0	0	0	0	0	0	4	0	0	0	0	0	0	0	0	0	0	0	0	0	0	0	0	0	0	0	4	0	0	0	0	19	0	0	0	93	0
LFQ	32	0	0	0	0	0	0	0	0	0	0	0	0	1	0	0	0	0	0	0	0	0	0	2	0	0	0	0	3	0	0	0	0	2	0	0	0	0	15	0	0	0	97	0
LFQ	33	0	0	0	0	0	0	0	0	0	0	0	0	1	0	0	0	0	0	0	0	0	0	1	0	0	0	0	3	0	0	0	0	4	0	0	0	0	15	0	0	0	96	0
LFQ	34	0	0	0	0	0	0	0	0	0	0	0	0	1	0	0	0	0	0	0	0	0	0	1	0	0	0	0	1	0	0	0	0	2	0	0	0	0	18	0	0	0	97	0
LFQ	35	0	0	0	0	0	0	0	0	0	0	0	0	3	0	0	0	0	0	0	0	0	0	0	0	0	0	0	3	0	0	0	0	8	0	0	0	0	15	0	0	0	91	0
LFQ	36	0	0	0	0	0	0	0	0	0	0	0	0	5	0	0	0	0	0	0	0	0	0	0	0	0	0	0	4	0	0	0	0	2	0	0	0	0	17	0	0	0	92	0
LFQ	37	0	0	0	0	0	0	0	0	0	0	0	0	7	0	0	0	0	0	0	0	0	0	1	0	0	0	0	4	0	0	0	0	1	0	0	0	0	11	0	0	0	96	0
LFQ	38	0	0	0	0	0	0	0	0	0	0	0	0	7	0	0	0	0	0	0	0	0	0	0	0	0	0	0	6	0	0	0	0	2	0	0	0	0	13	0	0	0	92	0
LFQ	39	0	0	0	0	0	0	0	0	0	0	0	0	4	0	0	0	0	0	0	0	0	0	0	0	0	0	0	6	0	0	0	0	4	0	0	0	0	18	0	0	0	88	0
LFQ	40	0	0	0	0	0	0	0	0	0	0	0	0	5	0	0	0	0	0	0	0	0	0	4	0	0	0	0	3	0	0	0	0	4	0	0	0	0	11	0	0	0	93	0
LFQ	41	0	0	0	0	0	0	0	0	0	0	0	0	4	0	0	0	0	0	0	0	0	0	2	0	0	0	0	2	0	0	0	0	3	0	0	0	0	17	0	0	0	92	0
LFQ	42	0	0	0	0	0	0	0	0	0	0	0	0	3	0	0	0	0	0	0	0	0	0	1	0	0	0	0	6	0	0	0	0	5	0	0	0	0	18	0	0	0	87	0
LFQ	43	0	0	0	0	0	0	0	0	0	0	0	0	5	0	0	0	0	0	0	0	0	0	1	0	0	0	0	6	0	0	0	0	1	0	0	0	0	14	0	0	0	93	0
LFQ	44	0	0	0	0	0	0	0	0	0	0	0	0	7	0	0	0	0	0	0	0	0	0	1	0	0	0	0	2	0	0	0	0	4	0	0	0	0	16	0	0	0	90	0
LFQ	45	0	0	0	0	0	0	0	0	0	0	0	0	5	0	0	0	0	0	0	0	0	0	1	0	0	0	0	4	0	0	0	0	3	0	0	0	0	19	0	0	0	88	0
LFQ	46	0	0	0	0	0	0	0	0	0	0	0	0	4	0	0	0	0	0	0	0	0	0	0	0	0	0	0	6	0	0	0	0	7	0	0	0	0	17	0	0	0	86	0
LFQ	47	0	0	0	0	0	0	0	0	0	0	0	0	3	0	0	0	0	0	0	0	0	0	2	0	0	0	0	6	0	0	0	0	2	0	0	0	0	18	0	0	0	89	0
LFQ	48	0	0	0	0	0	0	0	0	0	0	0	0	4	0	0	0	0	0	0	0	0	0	0	0	0	0	0	5	0	0	0	0	5	0	0	0	0	21	0	0	0	85	0
LFQ	49	0	0	0	0	0	0	0	0	0	0	0	0	2	0	0	0	0	0	0	0	0	0	4	0	0	0	0	4	0	0	0	0	5	0	0	0	0	13	0	0	0	92	0
LFQ	50	0	0	0	0	0	0	0	0	0	0	0	0	1	0	0	0	0	0	0	0	0	0	3	0	0	0	0	4	0	0	0	0	7	0	0	0	0	14	0	0	0	91	0
LFQ	51	0	0	0	0	0	0	0	0	0	0	0	0	4	0	0	0	0	0	0	0	0	0	2	0	0	0	0	2	0	0	0	0	3	0	0	0	0	16	0	0	0	93	0
LFQ	52	0	0	0	0	0	0	0	0	0	0	0	0	4	0	0	0	0	0	0	0	0	0	3	0	0	0	0	3	0	0	0	0	3	0	0	0	0	7	0	0	0	100	0
LFQ	53	0	0	0	0	0	0	0	0	0	0	0	0	4	0	0	0	0	0	0	0	0	0	1	0	0	0	0	3	0	0	0	0	4	0	0	0	0	16	0	0	0	92	0
LFQ	54	0	0	0	0	0	0	0	0	0	0	0	0	1	0	0	0	0	0	0	0	0	0	2	0	0	0	0	5	0	0	0	0	3	0	0	0	0	16	0	0	0	93	0
LFQ	55	0	0	0	0	0	0	0	0	0	0	0	0	4	0	0	0	0	0	0	0	0	0	2	0	0	0	0	3	0	0	0	0	6	0	0	0	0	16	0	0	0	89	0
LFQ	56	0	0	0	0	0	0	0	0	0	0	0	0	5	0	0	0	0	0	0	0	0	0	5	0	0	0	0	1	0	0	0	0	5	0	0	0	0	20	0	0	0	84	0
LFQ	57	0	0	0	0	0	0	0	0	0	0	0	0	4	0	0	0	0	0	0	0	0	0	0	0	0	0	0	7	0	0	0	0	5	0	0	0	0	13	0	0	0	91	0
LFQ	58	0	0	0	0	0	0	0	0	0	0	0	0	5	0	0	0	0	0	0	0	0	0	2	0	0	0	0	4	0	0	0	0	5	0	0	0	0	8	0	0	0	96	0
LFQ	59	0	0	0	0	0	0	0	0	0	0	0	0	3	0	0	0	0	0	0	0	0	0	1	0	0	0	0	6	0	0	0	0	5	0	0	0	0	8	0	0	0	97	0
LFQ	60	0	0	0	0	0	0	0	0	0	0	0	0	8	0	0	0	0	0	0	0	0	0	1	0	0	0	0	5	0	0	0	0	3	0	0	0	0	15	0	0	0	88	0
LFQ	61	0	0	0	0	0	0	0	0	0	0	0	0	7	0	0	0	0	0	0	0	0	0	1	0	0	0	0	1	0	0	0	0	2	0	0	0	0	13	0	0	0	96	0
LFQ	62	0	0	0	0	0	0	0	0	0	0	0	0	3	0	0	0	0	0	0	0	0	0	2	0	0	0	0	6	0	0	0	0	9	0	0	0	0	13	0	0	0	87	0
LFQ	63	0	0	0	0	0	0	0	0	0	0	0	0	5	0	0	0	0	0	0	0	0	0	0	0	0	0	0	2	0	0	0	0	7	0	0	0	0	21	0	0	0	85	0
LFQ	64	0	0	0	0	0	0	0	0	0	0	0	0	4	0	0	0	0	0	0	0	0	0	1	0	0	0	0	5	0	0	0	0	4	0	0	0	0	16	0	0	0	90	0
LFQ	65	0	0	0	0	0	0	0	0	0	0	0	0	5	0	0	0	0	0	0	0	0	0	1	0	0	0	0	5	0	0	0	0	5	0	0	0	0	16	0	0	0	88	0
LFQ	66	0	0	0	0	0	0	0	0	0	0	0	0	4	0	0	0	0	0	0	0	0	0	1	0	0	0	0	6	0	0	0	0	6	0	0	0	0	14	0	0	0	89	0
LFQ	67	0	0	0	0	0	0	0	0	0	0	0	0	4	0	0	0	0	0	0	0	0	0	5	0	0	0	0	4	0	0	0	0	8	0	0	0	0	10	0	0	0	89	0
LFQ	68	0	0	0	0	0	0	0	0	0	0	0	0	4	0	0	0	0	0	0	0	0	0	3	0	0	0	0	2	0	0	0	0	6	0	0	0	0	13	0	0	0	92	0
LFQ	69	0	0	0	0	0	0	0	0	0	0	0	0	6	0	0	0	0	0	0	0	0	0	1	0	0	0	0	7	0	0	0	0	4	0	0	0	0	16	0	0	0	86	0
LFQ	70	0	0	0	0	0	0	0	0	0	0	0	0	5	0	0	0	0	0	0	0	0	0	1	0	0	0	0	3	0	0	0	0	3	0	0	0	0	13	0	0	0	95	0
LFQ	71	0	0	0	0	0	0	0	0	0	0	0	0	2	0	0	0	0	0	0	0	0	0	1	0	0	0	0	3	0	0	0	0	5	0	0	0	0	14	0	0	0	95	0
LFQ	72	0	0	0	0	0	0	0	0	0	0	0	0	5	0	0	0	0	0	0	0	0	0	1	0	0	0	0	4	0	0	0	0	3	0	0	0	0	15	0	0	0	92	0
LFQ	73	0	0	0	0	0	0	0	0	0	0	0	0	4	0	0	0	0	0	0	0	0	0	1	0	0	0	0	1	0	0	0	0	5	0	0	0	0	19	0	0	0	90	0
LFQ	74	0	0	0	0	0	0	0	0	0	0	0	0	3	0	0	0	0	0	0	0	0	0	1	0	0	0	0	2	0	0	0	0	5	0	0	0	0	19	0	0	0	90	0
LFQ	75	0	0	0	0	0	0	0	0	0	0	0	0	3	0	0	0	0	0	0	0	0	0	6	0	0	0	0	1	0	0	0	0	3	0	0	0	0	11	0	0	0	96	0
LFQ	76	0	0	0	0	0	0	0	0	0	0	0	0	6	0	0	0	0	0	0	0	0	0	3	0	0	0	0	3	0	0	0	0	5	0	0	0	0	11	0	0	0	92	0
LFQ	77	0	0	0	0	0	0	0	0	0	0	0	0	3	0	0	0	0	0	0	0	0	0	6	0	0	0	0	3	0	0	0	0	8	0	0	0	0	28	0	0	0	72	0
LFQ	78	0	0	0	0	0	0	0	0	0	0	0	0	2	0	0	0	0	0	0	0	0	0	4	0	0	0	0	1	0	0	0	0	8	0	0	0	0	22	0	0	0	83	0
LFQ	79	0	0	0	0	0	0	0	0	0	0	0	0	1	0	0	0	0	0	0	0	0	0	4	0	0	0	0	0	0	0	0	0	7	0	0	0	0	15	0	0	0	93	0
LFQ	80	0	0	0	0	0	0	0	0	0	0	0	0	2	0	0	0	0	0	0	0	0	0	2	0	0	0	0	3	0	0	0	0	6	0	0	0	0	11	0	0	0	96	0
LFQ	81	0	0	0	0	0	0	0	0	0	0	0	0	1	0	0	0	0	0	0	0	0	0	2	0	0	0	0	4	0	0	0	0	7	0	0	0	0	13	0	0	0	93	0
LFQ	82	0	0	0	0	0	0	0	0	0	0	0	0	2	0	0	0	0	0	0	0	0	0	2	0	0	0	0	1	0	0	0	0	4	0	0	0	0	12	0	0	0	99	0
LFQ	83	0	0	0	0	0	0	0	0	0	0	0	0	0	0	0	0	0	0	0	0	0	0	2	0	0	0	0	4	0	0	0	0	6	0	0	0	0	12	0	0	0	96	0
LFQ	84	0	0	0	0	0	0	0	0	0	0	0	0	2	0	0	0	0	0	0	0	0	0	4	0	0	0	0	2	0	0	0	0	3	0	0	0	0	12	0	0	0	97	0
LFQ	85	0	0	0	0	0	0	0	0	0	0	0	0	2	0	0	0	0	0	0	0	0	0	1	0	0	0	0	1	0	0	0	0	2	0	0	0	0	14	0	0	0	100	0
LFQ	86	0	0	0	0	0	0	0	0	0	0	0	0	1	0	0	0	0	0	0	0	0	0	3	0	0	0	0	3	0	0	0	0	4	0	0	0	0	12	0	0	0	97	0
LFQ	87	0	0	0	0	0	0	0	0	0	0	0	0	3	0	0	0	0	0	0	0	0	0	3	0	0	0	0	1	0	0	0	0	5	0	0	0	0	13	0	0	0	95	0
LFQ	88	0	0	0	0	0	0	0	0	0	0	0	0	6	0	0	0	0	0	0	0	0	0	0	0	0	0	0	2	0	0	0	0	5	0	0	0	0	9	0	0	0	98	0
LFQ	89	0	0	0	0	0	0	0	0	0	0	0	0	3	0	0	0	0	0	0	0	0	0	4	0	0	0	0	1	0	0	0	0	6	0	0	0	0	15	0	0	0	91	0
LFQ	90	0	0	0	0	0	0	0	0	0	0	0	0	3	0	0	0	0	0	0	0	0	0	1	0	0	0	0	2	0	0	0	0	4	0	0	0	0	14	0	0	0	96	0
LFQ	91	0	0	0	0	0	0	0	0	0	0	0	0	1	0	0	0	0	0	0	0	0	0	2	0	0	0	0	2	0	0	0	0	6	0	0	0	0	14	0	0	0	95	0
LFQ	92	0	0	0	0	0	0	0	0	0	0	0	0	0	0	0	0	0	0	0	0	0	0	2	0	0	0	0	2	0	0	0	0	2	0	0	0	0	17	0	0	0	97	0
LFQ	93	0	0	0	0	0	0	0	0	0	0	0	0	2	0	0	0	0	0	0	0	0	0	2	0	0	0	0	2	0	0	0	0	2	0	0	0	0	19	0	0	0	93	0
LFQ	94	0	0	0	0	0	0	0	0	0	0	0	0	3	0	0	0	0	0	0	0	0	0	2	0	0	0	0	3	0	0	0	0	3	0	0	0	0	17	0	0	0	92	0
LFQ	95	0	0	0	0	0	0	0	0	0	0	0	0	3	0	0	0	0	0	0	0	0	0	1	0	0	0	0	4	0	0	0	0	5	0	0	0	0	13	0	0	0	94	0
LFQ	96	0	0	0	0	0	0	0	0	0	0	0	0	3	0	0	0	0	0	0	0	0	0	0	0	0	0	0	3	0	0	0	0	2	0	0	0	0	12	0	0	0	100	0
LFQ	97	0	0	0	0	0	0	0	0	0	0	0	0	2	0	0	0	0	0	0	0	0	0	3	0	0	0	0	1	0	0	0	0	5	0	0	0	0	16	0	0	0	93	0
LFQ	98	0	0	0	0	0	0	0	0	0	0	0	0	2	0	0	0	0	0	0	0	0	0	4	0	0	0	0	3	0	0	0	0	6	0	0	0	0	11	0	0	0	94	0
LFQ	99	0	0	0	0	0	0	0	0	0	0	0	0	2	0	0	0	0	0	0	0	0	0	4	0	0	0	0	2	0	0	0	0	0	0	0	0	0	20	0	0	0	92	0
LFQ	100	0	0	0	0	0	0	0	0	0	0	0	0	1	0	0	0	0	0	0	0	0	0	2	0	0	0	0	2	0	0	0	0	4	0	0	0	0	14	0	0	0	97	0
LFQ	101	0	0	0	0	0	0	0	0	0	0	0	0	0	0	0	0	0	0	0	0	0	0	2	0	0	0	0	2	0	0	0	0	5	0	0	0	0	15	0	0	0	96	0
LFQ	102	0	0	0	0	0	0	0	0	0	0	0	0	3	0	0	0	0	0	0	0	0	0	1	0	0	0	0	2	0	0	0	0	4	0	0	0	0	13	0	0	0	97	0
LFQ	103	0	0	0	0	0	0	0	0	0	0	0	0	3	0	0	0	0	0	0	0	0	0	2	0	0	0	0	4	0	0	0	0	2	0	0	0	0	13	0	0	0	96	0
LFQ	104	0	0	0	0	0	0	0	0	0	0	0	0	3	0	0	0	0	0	0	0	0	0	2	0	0	0	0	2	0	0	0	0	5	0	0	0	0	13	0	0	0	95	0
LFQ	105	0	0	0	0	0	0	0	0	0	0	0	0	3	0	0	0	0	0	0	0	0	0	3	0	0	0	0	1	0	0	0	0	4	0	0	0	0	21	0	0	0	88	0
LFQ	106	0	0	0	0	0	0	0	0	0	0	0	0	4	0	0	0	0	0	0	0	0	0	3	0	0	0	0	2	0	0	0	0	2	0	0	0	0	11	0	0	0	98	0
LFQ	107	0	0	0	0	0	0	0	0	0	0	0	0	2	0	0	0	0	0	0	0	0	0	3	0	0	0	0	2	0	0	0	0	5	0	0	0	0	16	0	0	0	92	0
LFQ	108	0	0	0	0	0	0	0	0	0	0	0	0	2	0	0	0	0	0	0	0	0	0	2	0	0	0	0	3	0	0	0	0	6	0	0	0	0	19	0	0	0	88	0
LFQ	109	0	0	0	0	0	0	0	0	0	0	0	0	5	0	0	0	0	0	0	0	0	0	0	0	0	0	0	0	0	0	0	0	8	0	0	0	0	17	0	0	0	90	0
LFQ	110	0	0	2	0	0	0	0	0	0	0	0	0	2	0	0	0	0	0	0	0	0	0	1	0	0	0	0	2	0	0	0	0	6	0	0	0	0	22	0	0	0	85	0
LFQ	111	0	0	0	0	0	0	0	0	0	0	0	0	5	0	0	0	0	0	0	0	0	0	2	0	0	0	0	3	0	0	0	0	4	0	0	0	0	13	0	0	0	93	0
LFQ	112	0	0	0	0	0	0	0	0	0	0	0	0	2	0	0	0	0	0	0	0	0	0	3	0	0	0	0	3	0	0	0	0	5	0	0	0	0	20	0	0	0	87	0
LFQ	113	0	0	0	0	0	0	0	0	0	0	0	0	3	0	0	0	0	0	0	0	0	0	4	0	0	0	0	3	0	0	0	0	7	0	0	0	0	13	0	0	0	90	0
LFQ	114	0	0	0	0	0	0	0	0	0	0	0	0	5	0	0	0	0	0	0	0	0	0	2	0	0	0	0	3	0	0	0	0	7	0	0	0	0	12	0	0	0	91	0
LFQ	115	0	0	0	0	0	0	0	0	0	0	0	0	3	0	0	0	0	0	0	0	0	0	3	0	0	0	0	2	0	0	0	0	5	0	0	0	0	16	0	0	0	91	0
LFQ	116	0	0	0	0	0	0	0	0	0	0	0	0	6	0	0	0	0	0	0	0	0	0	1	0	0	0	0	4	0	0	0	0	7	0	0	0	0	13	0	0	0	89	0
LFQ	117	0	0	0	0	0	0	0	0	0	0	0	0	0	0	0	0	0	0	0	0	0	0	3	0	0	0	0	4	0	0	0	0	13	0	0	0	0	20	0	0	0	80	0
LFQ	118	0	0	0	0	0	0	0	0	0	0	0	0	1	0	0	0	0	0	0	0	0	0	2	0	0	0	0	3	0	0	0	0	6	0	0	0	0	19	0	0	0	89	0
LFQ	119	0	0	0	0	0	0	0	0	0	0	0	0	4	0	0	0	0	0	0	0	0	0	2	0	0	0	0	5	0	0	0	0	5	0	0	0	0	23	0	0	0	81	0
LFQ	120	0	0	0	0	0	0	0	0	0	0	0	0	5	0	0	0	0	0	0	0	0	0	2	0	0	0	0	6	0	0	0	0	5	0	0	0	0	21	0	0	0	81	0
LFQ	121	0	0	0	0	0	0	0	0	0	0	0	0	6	0	0	0	0	0	0	0	0	0	5	0	0	0	0	3	0	0	0	0	7	0	0	0	0	15	0	0	0	84	0
LFQ	122	0	0	0	0	0	0	0	0	0	0	0	0	6	0	0	0	0	0	0	0	0	0	2	0	0	0	0	4	0	0	0	0	8	0	0	0	0	28	0	0	0	72	0
LFQ	123	0	0	0	0	0	0	0	0	0	0	0	0	7	0	0	0	0	0	0	0	0	0	3	0	0	0	0	0	0	0	0	0	7	0	0	0	0	23	0	0	0	80	0
LFQ	124	0	0	0	0	0	0	0	0	0	0	0	0	7	0	0	0	0	0	0	0	0	0	1	0	0	0	0	1	0	0	0	0	5	0	0	0	0	19	0	0	0	87	0
LFQ	125	0	0	0	0	0	0	0	0	0	0	0	0	6	0	0	0	0	0	0	0	0	0	2	0	0	0	0	3	0	0	0	0	2	0	0	0	0	26	0	0	0	81	0
LFQ	126	0	0	0	0	0	0	0	0	1	0	0	0	7	0	0	0	0	0	0	0	0	0	0	0	0	0	0	3	0	0	0	0	6	0	0	0	0	17	0	0	0	86	0
LFQ	127	0	0	0	0	0	0	0	0	1	0	0	0	2	0	0	0	0	0	0	0	0	0	2	0	0	0	0	4	0	0	0	0	7	0	0	0	0	23	0	0	0	81	0
LFQ	128	0	0	0	0	0	0	0	0	1	0	0	0	6	0	0	0	0	0	0	0	0	0	2	0	0	0	0	4	0	0	0	0	9	0	0	0	0	16	0	0	0	82	0
LFQ	129	0	0	0	0	0	0	0	0	0	0	0	0	4	0	0	0	0	0	0	0	0	0	4	0	0	0	0	4	0	0	0	0	7	0	0	0	0	21	0	0	0	80	0
LFQ	130	0	0	0	0	0	0	0	0	0	0	0	0	5	0	0	0	0	0	0	0	0	0	5	0	0	0	0	3	0	0	0	0	11	0	0	0	0	19	0	0	0	77	0
LFQ	131	0	0	0	0	0	0	0	0	0	0	0	0	9	0	0	0	0	0	0	0	0	0	2	0	0	0	0	4	0	0	0	0	14	0	0	0	0	19	0	0	0	72	0
LFQ	132	0	0	0	0	0	0	0	0	0	0	0	0	4	0	0	0	0	0	0	0	0	0	0	0	0	0	0	9	0	0	0	0	11	0	0	0	0	14	0	0	0	82	0
LFQ	133	0	0	0	0	0	0	0	0	0	0	0	0	7	0	0	0	0	0	0	0	0	0	0	0	0	0	0	2	0	0	0	0	13	0	0	0	0	19	0	0	0	79	0
LFQ	134	0	0	0	0	0	0	0	0	1	0	0	0	7	0	0	0	0	0	0	0	0	0	1	0	0	0	0	5	0	0	0	0	8	0	0	0	0	19	0	0	0	79	0
LFQ	135	0	0	0	0	0	0	0	0	0	0	0	0	5	0	0	0	0	0	0	0	0	0	5	0	0	0	0	8	0	0	0	0	11	0	0	0	0	16	0	0	0	75	0
LFQ	136	0	0	0	0	0	0	0	0	1	0	0	0	5	0	0	0	0	0	0	0	0	0	4	0	0	0	0	5	0	0	0	0	9	0	0	0	0	18	0	0	0	78	0
LFQ	137	0	0	0	0	0	0	0	0	2	0	0	0	5	0	0	0	0	0	0	0	0	0	3	0	0	0	0	6	0	0	0	0	12	0	0	0	0	12	0	0	0	80	0
LFQ	138	0	0	0	0	0	0	0	0	1	0	0	0	7	0	0	0	0	0	0	0	0	0	4	0	0	0	0	5	0	0	0	0	10	0	0	0	0	19	0	0	0	74	0
LFQ	139	0	0	0	0	0	0	0	0	1	0	0	0	4	0	0	0	0	0	0	0	0	0	5	0	0	0	0	9	0	0	0	0	11	0	0	0	0	20	0	0	0	70	0
LFQ	140	0	0	0	0	0	0	0	0	2	0	0	0	2	0	0	0	0	0	0	0	0	0	2	0	0	0	0	8	0	0	0	0	8	0	0	0	0	29	0	0	0	69	0
LFQ	141	0	0	0	0	0	0	0	0	1	0	0	0	2	0	0	0	0	0	0	0	0	0	4	0	0	0	0	4	0	0	0	0	12	0	0	0	0	21	0	0	0	76	0
LFQ	142	0	0	0	0	0	0	0	0	1	0	0	0	5	0	0	0	0	0	0	0	0	0	2	0	0	0	0	10	0	0	0	0	11	0	0	0	0	20	0	0	0	71	0
LFQ	143	0	0	0	0	0	0	0	0	2	0	0	0	2	0	0	0	0	0	0	0	0	0	6	0	0	0	0	11	0	0	0	0	7	0	0	0	0	27	0	0	0	65	0
LFQ	144	0	0	0	0	0	0	0	0	1	0	0	0	3	0	0	0	0	0	0	0	0	0	4	0	0	0	0	6	0	0	0	0	13	0	0	0	0	21	0	0	0	72	0
LFQ	145	0	0	0	0	0	0	0	0	1	0	0	0	7	0	0	0	0	0	0	0	0	0	2	0	0	0	0	7	0	0	0	0	17	0	0	0	0	18	0	0	0	68	0
LFQ	146	0	0	0	0	0	0	0	0	0	0	0	0	6	0	0	0	0	0	0	0	0	0	2	0	0	0	0	6	0	0	0	0	16	0	0	0	0	21	0	0	0	69	0
LFQ	147	0	0	0	0	0	0	0	0	1	0	0	0	8	0	0	0	0	0	0	0	0	0	8	0	0	0	0	9	0	0	0	0	13	0	0	0	0	14	0	0	0	66	0
LFQ	148	0	0	0	0	0	0	0	0	0	0	0	0	7	0	0	0	0	0	0	0	0	0	6	0	0	0	0	8	0	0	0	0	12	0	0	0	0	14	0	0	0	72	0
LFQ	149	0	0	0	0	0	0	0	0	0	0	0	0	9	0	0	0	0	0	0	0	0	0	3	0	0	0	0	5	0	0	0	0	18	0	0	0	0	21	0	0	0	61	0
LFQ	150	0	0	0	0	0	0	0	0	0	0	0	0	2	0	0	0	0	0	0	0	0	0	6	0	0	0	0	8	0	0	0	0	12	0	0	0	0	22	0	0	0	66	0
LFQ	151	0	0	0	0	0	0	0	0	0	0	0	0	0	0	0	0	0	0	0	0	0	0	5	0	0	0	0	11	0	0	0	0	22	0	0	0	0	23	0	0	0	42	0
# GC Content of first fragments. Use `grep ^GCF | cut -f 2-` to extract this part.
GCF	9.05	0
GCF	18.84	1
GCF	21.36	0
GCF	23.37	3
GCF	23.87	2
GCF	24.37	4
GCF	24.87	2
GCF	25.38	3
GCF	25.88	0
GCF	26.88	2
GCF	27.89	6
GCF	28.39	3
GCF	29.15	8
GCF	29.90	5
GCF	30.40	6
GCF	31.16	4
GCF	31.91	2
GCF	32.41	4
GCF	32.91	6
GCF	33.42	5
GCF	33.92	4
GCF	34.42	5
GCF	35.18	6
GCF	35.93	7
GCF	36.43	9
GCF	37.19	5
GCF	37.94	4
GCF	38.44	5
GCF	38.94	7
GCF	39.45	5
GCF	39.95	2
GCF	40.95	4
GCF	42.21	1
GCF	42.96	4
GCF	43.72	2
GCF	45.48	0
GCF	46.98	1
GCF	49.25	0
GCF	51.76	2
GCF	52.51	1
GCF	54.77	0
GCF	57.04	1
# GC Content of last fragments. Use `grep ^GCL | cut -f 2-` to extract this part.
GCL	11.06	0
GCL	22.86	2
GCL	23.87	1
GCL	24.62	3
GCL	25.38	0
GCL	25.88	1
GCL	26.63	2
GCL	27.39	4
GCL	27.89	3
GCL	28.39	2
GCL	28.89	4
GCL	29.40	6
GCL	30.15	4
GCL	31.16	2
GCL	31.91	3
GCL	32.66	8
GCL	33.42	6
GCL	33.92	5
GCL	34.42	6
GCL	34.92	4
GCL	35.43	3
GCL	35.93	12
GCL	36.43	6
GCL	37.19	5
GCL	37.94	6
GCL	38.44	4
GCL	39.20	2
GCL	39.95	3
GCL	40.45	4
GCL	40.95	1
GCL	41.46	0
GCL	41.96	2
GCL	42.46	3
GCL	42.96	1
GCL	43.72	0
GCL	44.72	1
GCL	45.98	0
GCL	46.98	1
GCL	48.24	0
GCL	49.75	1
GCL	51.51	0
GCL	53.02	2
# ACGT content per cycle. Use `grep ^GCC | cut -f 2-` to extract this part. The columns are: cycle; A,C,G,T base counts as a percentage of all A/C/G/T bases [%]; and N and O counts as a percentage of all A/C/G/T bases [%]
GCC	1	37.85	14.74	14.34	33.07	0.80	0.00
GCC	2	36.36	15.42	18.58	29.64	0.00	0.00
GCC	3	32.41	16.21	19.76	31.62	0.00	0.00
GCC	4	29.25	18.58	21.74	30.43	0.00	0.00
GCC	5	28.85	17.39	15.81	37.94	0.00	0.00
GCC	6	34.78	17.79	17.00	30.43	0.00	0.00
GCC	7	35.57	15.42	22.92	26.09	0.00	0.00
GCC	8	36.76	14.23	16.60	32.41	0.00	0.00
GCC	9	33.20	18.18	13.83	34.78	0.00	0.00
GCC	10	33.60	13.04	18.58	34.78	0.00	0.00
GCC	11	28.85	23.72	22.53	24.90	0.00	0.00
GCC	12	30.43	18.58	17.79	33.20	0.00	0.00
GCC	13	31.62	18.58	18.18	31.62	0.00	0.00
GCC	14	31.23	17.79	18.18	32.81	0.00	0.00
GCC	15	31.23	14.62	18.18	35.97	0.00	0.00
GCC	16	32.81	13.83	17.39	35.97	0.00	0.00
GCC	17	34.78	17.00	21.34	26.88	0.00	0.00
GCC	18	30.43	15.02	14.23	40.32	0.00	0.00
GCC	19	30.04	13.83	17.39	38.74	0.00	0.00
GCC	20	32.81	16.21	20.95	30.04	0.00	0.00
GCC	21	34.39	15.42	16.60	33.60	0.00	0.00
GCC	22	36.36	14.23	17.79	31.62	0.00	0.00
GCC	23	35.57	18.18	16.21	30.04	0.00	0.00
GCC	24	33.20	17.39	14.62	34.78	0.00	0.00
GCC	25	32.41	20.16	14.23	33.20	0.00	0.00
GCC	26	34.78	19.37	18.97	26.88	0.00	0.00
GCC	27	34.78	12.25	20.55	32.41	0.00	0.00
GCC	28	27.38	12.70	15.48	44.44	0.40	0.00
GCC	29	32.81	18.58	20.95	27.67	0.00	0.00
GCC	30	39.53	17.00	13.04	30.43	0.00	0.00
GCC	31	32.81	19.76	14.62	32.81	0.00	0.00
GCC	32	31.62	19.76	18.97	29.64	0.00	0.00
GCC	33	33.99	18.97	11.46	35.57	0.00	0.00
GCC	34	31.62	17.79	15.81	34.78	0.00	0.00
GCC	35	39.13	16.21	17.39	27.27	0.00	0.00
GCC	36	36.36	12.65	17.39	33.60	0.00	0.00
GCC	37	31.23	15.81	17.79	35.18	0.00	0.00
GCC	38	34.39	18.18	17.79	29.64	0.00	0.00
GCC	39	38.74	18.58	15.42	27.27	0.00	0.00
GCC	40	30.83	18.18	18.18	32.81	0.00	0.00
GCC	41	29.25	18.18	20.95	31.62	0.00	0.00
GCC	42	32.41	17.00	17.00	33.60	0.00	0.00
GCC	43	33.20	18.18	15.81	32.81	0.00	0.00
GCC	44	27.27	16.21	17.79	38.74	0.00	0.00
GCC	45	39.53	17.39	13.83	29.25	0.00	0.00
GCC	46	26.09	17.00	22.92	33.99	0.00	0.00
GCC	47	29.88	18.33	18.33	33.47	0.80	0.00
GCC	48	38.74	15.02	17.39	28.85	0.00	0.00
GCC	49	37.15	13.44	15.81	33.60	0.00	0.00
GCC	50	35.57	13.44	18.18	32.81	0.00	0.00
GCC	51	33.60	18.18	12.25	35.97	0.00	0.00
GCC	52	39.92	12.25	18.18	29.64	0.00	0.00
GCC	53	30.43	17.00	17.00	35.57	0.00	0.00
GCC	54	25.30	21.74	16.21	36.76	0.00	0.00
GCC	55	34.39	16.60	18.18	30.83	0.00	0.00
GCC	56	34.39	18.18	14.62	32.81	0.00	0.00
GCC	57	33.99	17.79	16.60	31.62	0.00	0.00
GCC	58	35.57	18.58	19.76	26.09	0.00	0.00
GCC	59	37.55	15.02	19.37	28.06	0.00	0.00
GCC	60	33.20	17.39	18.18	31.23	0.00	0.00
GCC	61	31.23	18.97	20.16	29.64	0.00	0.00
GCC	62	37.55	18.58	13.44	30.43	0.00	0.00
GCC	63	33.20	15.42	16.21	35.18	0.00	0.00
GCC	64	31.23	17.39	21.34	30.04	0.00	0.00
GCC	65	25.30	18.97	22.92	32.81	0.00	0.00
GCC	66	35.57	12.65	14.62	37.15	0.00	0.00
GCC	67	35.97	13.44	20.55	30.04	0.00	0.00
GCC	68	34.78	17.00	17.00	31.23	0.00	0.00
GCC	69	35.97	15.42	17.00	31.62	0.00	0.00
GCC	70	28.06	20.95	19.76	31.23	0.00	0.00
GCC	71	25.69	13.44	20.16	40.71	0.00	0.00
GCC	72	35.57	15.02	17.00	32.41	0.00	0.00
GCC	73	32.81	12.65	16.60	37.94	0.00	0.00
GCC	74	25.69	17.79	17.79	38.74	0.00	0.00
GCC	75	36.76	16.60	16.21	30.43	0.00	0.00
GCC	76	35.18	15.42	18.18	31.23	0.00	0.00
GCC	77	33.60	19.76	18.18	28.46	0.00	0.00
GCC	78	33.60	17.39	17.00	32.02	0.00	0.00
GCC	79	34.78	18.18	18.18	28.85	0.00	0.00
GCC	80	37.55	12.25	14.23	35.97	0.00	0.00
GCC	81	30.83	18.58	17.39	33.20	0.00	0.00
GCC	82	36.76	11.86	19.76	31.62	0.00	0.00
GCC	83	33.60	17.39	20.95	28.06	0.00	0.00
GCC	84	39.53	13.04	14.62	32.81	0.00	0.00
GCC	85	28.46	20.95	14.62	35.97	0.00	0.00
GCC	86	39.53	15.42	16.60	28.46	0.00	0.00
GCC	87	30.83	16.21	17.00	35.97	0.00	0.00
GCC	88	33.60	14.23	18.18	33.99	0.00	0.00
GCC	89	29.25	22.53	20.55	27.67	0.00	0.00
GCC	90	30.43	15.42	17.00	37.15	0.00	0.00
GCC	91	35.97	17.00	19.76	27.27	0.00	0.00
GCC	92	31.62	18.58	17.39	32.41	0.00	0.00
GCC	93	30.43	17.39	19.37	32.81	0.00	0.00
GCC	94	34.78	18.18	16.60	30.43	0.00	0.00
GCC	95	27.67	22.92	17.39	32.02	0.00	0.00
GCC	96	35.97	17.79	15.02	31.23	0.00	0.00
GCC	97	32.81	16.21	17.39	33.60	0.00	0.00
GCC	98	31.23	20.16	17.79	30.83	0.00	0.00
GCC	99	33.99	18.97	16.60	30.43	0.00	0.00
GCC	100	30.04	16.60	23.32	30.04	0.00	0.00
GCC	101	29.64	15.02	17.00	38.34	0.00	0.00
GCC	102	36.36	17.39	11.07	35.18	0.00	0.00
GCC	103	28.46	15.81	18.97	36.76	0.00	0.00
GCC	104	27.67	17.00	15.42	39.92	0.00	0.00
GCC	105	31.23	20.16	18.18	30.43	0.00	0.00
GCC	106	32.81	12.25	19.37	35.57	0.00	0.00
GCC	107	31.23	18.58	17.79	32.41	0.00	0.00
GCC	108	33.99	15.42	15.81	34.78	0.00	0.00
GCC	109	35.97	14.23	16.21	33.60	0.00	0.00
GCC	110	31.08	16.73	17.13	35.06	0.80	0.00
GCC	111	34.78	15.42	19.76	30.04	0.00	0.00
GCC	112	32.81	16.21	15.42	35.57	0.00	0.00
GCC	113	36.36	15.02	20.95	27.67	0.00	0.00
GCC	114	35.57	16.60	13.83	33.99	0.00	0.00
GCC	115	28.06	15.02	26.48	30.43	0.00	0.00
GCC	116	34.78	18.97	17.00	29.25	0.00	0.00
GCC	117	33.60	17.79	16.21	32.41	0.00	0.00
GCC	118	35.57	15.42	18.97	30.04	0.00	0.00
GCC	119	38.74	18.97	10.67	31.62	0.00	0.00
GCC	120	36.76	13.44	14.62	35.18	0.00	0.00
GCC	121	35.57	13.83	17.00	33.60	0.00	0.00
GCC	122	30.04	14.62	23.32	32.02	0.00	0.00
GCC	123	34.39	15.42	20.55	29.64	0.00	0.00
GCC	124	32.41	20.95	15.02	31.62	0.00	0.00
GCC	125	33.99	16.21	22.13	27.67	0.00	0.00
GCC	126	28.06	18.97	16.60	36.36	0.00	0.00
GCC	127	37.55	15.42	15.81	31.23	0.00	0.00
GCC	128	34.78	11.86	22.13	31.23	0.00	0.00
GCC	129	37.55	13.04	13.04	36.36	0.00	0.00
GCC	130	30.43	14.23	16.60	38.74	0.00	0.00
GCC	131	38.34	17.39	12.25	32.02	0.00	0.00
GCC	132	34.39	17.00	17.79	30.83	0.00	0.00
GCC	133	26.48	17.79	18.18	37.55	0.00	0.00
GCC	134	30.83	17.79	18.18	33.20	0.00	0.00
GCC	135	34.78	18.58	17.39	29.25	0.00	0.00
GCC	136	36.36	16.21	18.58	28.85	0.00	0.00
GCC	137	30.04	18.97	18.58	32.41	0.00	0.00
GCC	138	34.78	13.44	15.42	36.36	0.00	0.00
GCC	139	33.20	18.18	16.21	32.41	0.00	0.00
GCC	140	33.20	17.79	18.18	30.83	0.00	0.00
GCC	141	37.15	9.49	17.39	35.97	0.00	0.00
GCC	142	35.18	18.58	16.21	30.04	0.00	0.00
GCC	143	22.92	18.58	20.55	37.94	0.00	0.00
GCC	144	34.39	19.37	13.44	32.81	0.00	0.00
GCC	145	34.39	17.00	15.81	32.81	0.00	0.00
GCC	146	33.20	18.58	15.42	32.81	0.00	0.00
GCC	147	33.47	19.52	13.94	33.07	0.00	0.00
GCC	148	33.86	17.13	17.13	31.87	0.00	0.00
GCC	149	30.92	19.68	16.47	32.93	0.00	0.00
GCC	150	33.60	15.79	13.36	37.25	0.00	0.00
GCC	151	31.14	17.98	19.74	31.14	0.00	0.00
# ACGT content per cycle, read oriented. Use `grep ^GCT | cut -f 2-` to extract this part. The columns are: cycle; A,C,G,T base counts as a percentage of all A/C/G/T bases [%]
GCT	1	33.86	13.55	15.54	37.05
GCT	2	45.06	13.83	20.16	20.95
GCT	3	37.15	18.58	17.39	26.88
GCT	4	29.64	17.39	22.92	30.04
GCT	5	38.34	15.02	18.18	28.46
GCT	6	34.39	11.86	22.92	30.83
GCT	7	22.92	19.37	18.97	38.74
GCT	8	38.34	17.39	13.44	30.83
GCT	9	33.99	15.81	16.21	33.99
GCT	10	30.43	13.04	18.58	37.94
GCT	11	31.23	24.51	21.74	22.53
GCT	12	33.20	20.55	15.81	30.43
GCT	13	34.39	19.76	17.00	28.85
GCT	14	35.57	18.18	17.79	28.46
GCT	15	32.41	15.02	17.79	34.78
GCT	16	33.60	14.62	16.60	35.18
GCT	17	34.78	18.58	19.76	26.88
GCT	18	37.15	17.79	11.46	33.60
GCT	19	34.78	16.21	15.02	33.99
GCT	20	30.83	18.97	18.18	32.02
GCT	21	34.39	17.00	15.02	33.60
GCT	22	30.83	15.02	17.00	37.15
GCT	23	33.99	18.97	15.42	31.62
GCT	24	36.36	20.55	11.46	31.62
GCT	25	32.41	14.62	19.76	33.20
GCT	26	28.85	18.97	19.37	32.81
GCT	27	30.43	14.23	18.58	36.76
GCT	28	36.90	12.30	15.87	34.92
GCT	29	29.25	18.97	20.55	31.23
GCT	30	37.15	16.21	13.83	32.81
GCT	31	32.02	16.60	17.79	33.60
GCT	32	32.02	17.79	20.95	29.25
GCT	33	34.39	14.62	15.81	35.18
GCT	34	33.60	15.81	17.79	32.81
GCT	35	33.60	17.00	16.60	32.81
GCT	36	33.60	13.83	16.21	36.36
GCT	37	40.71	12.65	20.95	25.69
GCT	38	34.39	19.76	16.21	29.64
GCT	39	32.81	18.18	15.81	33.20
GCT	40	31.23	23.32	13.04	32.41
GCT	41	29.64	20.16	18.97	31.23
GCT	42	32.02	16.60	17.39	33.99
GCT	43	31.23	14.62	19.37	34.78
GCT	44	32.41	15.81	18.18	33.60
GCT	45	31.62	15.02	16.21	37.15
GCT	46	28.85	17.39	22.53	31.23
GCT	47	27.09	17.93	18.73	36.25
GCT	48	32.81	15.42	17.00	34.78
GCT	49	37.15	12.65	16.60	33.60
GCT	50	34.78	20.55	11.07	33.60
GCT	51	34.78	17.00	13.44	34.78
GCT	52	34.39	17.79	12.65	35.18
GCT	53	32.81	17.00	17.00	33.20
GCT	54	27.67	15.42	22.53	34.39
GCT	55	29.25	15.42	19.37	35.97
GCT	56	32.02	15.81	17.00	35.18
GCT	57	32.81	15.81	18.58	32.81
GCT	58	31.62	18.58	19.76	30.04
GCT	59	32.41	17.00	17.39	33.20
GCT	60	34.78	18.97	16.60	29.64
GCT	61	30.04	20.16	18.97	30.83
GCT	62	32.41	15.02	17.00	35.57
GCT	63	33.60	18.18	13.44	34.78
GCT	64	33.99	15.42	23.32	27.27
GCT	65	28.46	22.92	18.97	29.64
GCT	66	33.99	15.81	11.46	38.74
GCT	67	31.23	17.39	16.60	34.78
GCT	68	29.25	16.21	17.79	36.76
GCT	69	31.62	18.97	13.44	35.97
GCT	70	30.04	22.13	18.58	29.25
GCT	71	32.81	15.81	17.79	33.60
GCT	72	38.34	17.00	15.02	29.64
GCT	73	34.39	15.02	14.23	36.36
GCT	74	37.15	18.18	17.39	27.27
GCT	75	35.97	11.86	20.95	31.23
GCT	76	33.20	17.39	16.21	33.20
GCT	77	29.64	18.97	18.97	32.41
GCT	78	32.81	15.81	18.58	32.81
GCT	79	28.46	15.81	20.55	35.18
GCT	80	38.34	13.83	12.65	35.18
GCT	81	37.94	18.58	17.39	26.09
GCT	82	34.39	15.02	16.60	33.99
GCT	83	33.99	17.00	21.34	27.67
GCT	84	35.97	11.86	15.81	36.36
GCT	85	30.83	14.62	20.95	33.60
GCT	86	35.18	15.81	16.21	32.81
GCT	87	36.36	17.79	15.42	30.43
GCT	88	30.43	15.81	16.60	37.15
GCT	89	26.48	24.51	18.58	30.43
GCT	90	32.02	18.58	13.83	35.57
GCT	91	35.57	17.39	19.37	27.67
GCT	92	28.46	19.37	16.60	35.57
GCT	93	30.43	18.97	17.79	32.81
GCT	94	36.36	16.60	18.18	28.85
GCT	95	33.99	18.97	21.34	25.69
GCT	96	34.78	17.39	15.42	32.41
GCT	97	37.55	16.21	17.39	28.85
GCT	98	30.83	17.39	20.55	31.23
GCT	99	33.60	17.00	18.58	30.83
GCT	100	33.60	18.58	21.34	26.48
GCT	101	34.39	14.23	17.79	33.60
GCT	102	37.94	15.81	12.65	33.60
GCT	103	34.78	19.76	15.02	30.43
GCT	104	30.04	15.42	17.00	37.55
GCT	105	34.78	22.13	16.21	26.88
GCT	106	35.18	16.21	15.42	33.20
GCT	107	28.85	16.21	20.16	34.78
GCT	108	29.25	18.58	12.65	39.53
GCT	109	34.78	13.83	16.60	34.78
GCT	110	29.48	17.93	15.94	36.65
GCT	111	32.41	18.58	16.60	32.41
GCT	112	33.60	13.83	17.79	34.78
GCT	113	30.43	15.42	20.55	33.60
GCT	114	34.78	17.39	13.04	34.78
GCT	115	28.85	19.76	21.74	29.64
GCT	116	28.06	19.37	16.60	35.97
GCT	117	28.06	16.21	17.79	37.94
GCT	118	34.78	17.00	17.39	30.83
GCT	119	39.13	14.62	15.02	31.23
GCT	120	35.18	12.65	15.42	36.76
GCT	121	33.20	15.42	15.42	35.97
GCT	122	35.57	16.21	21.74	26.48
GCT	123	32.81	17.00	18.97	31.23
GCT	124	30.43	18.18	17.79	33.60
GCT	125	35.57	17.00	21.34	26.09
GCT	126	26.48	20.55	15.02	37.94
GCT	127	38.34	12.25	18.97	30.43
GCT	128	32.02	16.21	17.79	33.99
GCT	129	35.57	14.23	11.86	38.34
GCT	130	35.97	18.97	11.86	33.20
GCT	131	35.18	15.81	13.83	35.18
GCT	132	27.27	14.62	20.16	37.94
GCT	133	33.20	18.97	17.00	30.83
GCT	134	28.85	16.60	19.37	35.18
GCT	135	29.64	17.39	18.58	34.39
GCT	136	30.43	16.60	18.18	34.78
GCT	137	25.30	20.55	17.00	37.15
GCT	138	33.99	14.23	14.62	37.15
GCT	139	35.97	16.21	18.18	29.64
GCT	140	32.41	14.62	21.34	31.62
GCT	141	37.94	15.02	11.86	35.18
GCT	142	36.76	17.00	17.79	28.46
GCT	143	33.20	16.21	22.92	27.67
GCT	144	26.88	17.39	15.42	40.32
GCT	145	32.41	15.81	17.00	34.78
GCT	146	27.27	19.76	14.23	38.74
GCT	147	36.65	17.13	16.33	29.88
GCT	148	31.47	14.74	19.52	34.26
GCT	149	29.32	17.67	18.47	34.54
GCT	150	32.79	10.53	18.62	38.06
GCT	151	33.77	17.11	20.61	28.51
# ACGT content per cycle for first fragments. Use `grep ^FBC | cut -f 2-` to extract this part. The columns are: cycle; A,C,G,T base counts as a percentage of all A/C/G/T bases [%]; and N and O counts as a percentage of all A/C/G/T bases [%]
FBC	1	34.85	15.91	12.88	36.36	0.76	0.00
FBC	2	33.08	14.29	17.29	35.34	0.00	0.00
FBC	3	32.33	12.03	22.56	33.08	0.00	0.00
FBC	4	30.83	25.56	17.29	26.32	0.00	0.00
FBC	5	29.32	22.56	13.53	34.59	0.00	0.00
FBC	6	37.59	18.05	18.80	25.56	0.00	0.00
FBC	7	39.85	18.05	20.30	21.80	0.00	0.00
FBC	8	33.08	13.53	17.29	36.09	0.00	0.00
FBC	9	27.82	20.30	14.29	37.59	0.00	0.00
FBC	10	36.84	11.28	16.54	35.34	0.00	0.00
FBC	11	27.07	29.32	18.05	25.56	0.00	0.00
FBC	12	33.83	18.80	18.05	29.32	0.00	0.00
FBC	13	30.08	16.54	17.29	36.09	0.00	0.00
FBC	14	27.07	18.80	16.54	37.59	0.00	0.00
FBC	15	30.83	15.04	21.05	33.08	0.00	0.00
FBC	16	30.08	16.54	16.54	36.84	0.00	0.00
FBC	17	35.34	18.80	21.05	24.81	0.00	0.00
FBC	18	28.57	15.04	13.53	42.86	0.00	0.00
FBC	19	30.08	13.53	18.80	37.59	0.00	0.00
FBC	20	33.08	16.54	16.54	33.83	0.00	0.00
FBC	21	37.59	15.79	17.29	29.32	0.00	0.00
FBC	22	39.10	12.03	17.29	31.58	0.00	0.00
FBC	23	33.83	20.30	15.79	30.08	0.00	0.00
FBC	24	36.84	16.54	13.53	33.08	0.00	0.00
FBC	25	36.84	21.05	12.03	30.08	0.00	0.00
FBC	26	33.08	19.55	15.79	31.58	0.00	0.00
FBC	27	32.33	12.78	22.56	32.33	0.00	0.00
FBC	28	30.30	12.88	13.64	43.18	0.76	0.00
FBC	29	33.08	21.05	20.30	25.56	0.00	0.00
FBC	30	36.09	16.54	18.80	28.57	0.00	0.00
FBC	31	32.33	21.05	13.53	33.08	0.00	0.00
FBC	32	34.59	15.79	18.80	30.83	0.00	0.00
FBC	33	33.08	18.80	12.03	36.09	0.00	0.00
FBC	34	28.57	18.80	12.78	39.85	0.00	0.00
FBC	35	37.59	18.80	16.54	27.07	0.00	0.00
FBC	36	36.84	12.78	18.80	31.58	0.00	0.00
FBC	37	27.07	16.54	19.55	36.84	0.00	0.00
FBC	38	33.08	21.05	13.53	32.33	0.00	0.00
FBC	39	45.11	15.79	14.29	24.81	0.00	0.00
FBC	40	30.83	18.80	23.31	27.07	0.00	0.00
FBC	41	26.32	18.80	26.32	28.57	0.00	0.00
FBC	42	33.83	18.05	16.54	31.58	0.00	0.00
FBC	43	32.33	16.54	16.54	34.59	0.00	0.00
FBC	44	29.32	16.54	16.54	37.59	0.00	0.00
FBC	45	47.37	12.78	13.53	26.32	0.00	0.00
FBC	46	21.80	18.05	22.56	37.59	0.00	0.00
FBC	47	32.06	18.32	15.27	34.35	1.53	0.00
FBC	48	40.60	16.54	12.03	30.83	0.00	0.00
FBC	49	34.59	16.54	12.03	36.84	0.00	0.00
FBC	50	36.84	11.28	20.30	31.58	0.00	0.00
FBC	51	33.08	18.80	12.78	35.34	0.00	0.00
FBC	52	35.34	12.03	21.80	30.83	0.00	0.00
FBC	53	29.32	17.29	13.53	39.85	0.00	0.00
FBC	54	24.06	21.80	16.54	37.59	0.00	0.00
FBC	55	36.09	15.79	15.79	32.33	0.00	0.00
FBC	56	30.83	21.80	14.29	33.08	0.00	0.00
FBC	57	36.09	15.04	17.29	31.58	0.00	0.00
FBC	58	39.85	14.29	15.04	30.83	0.00	0.00
FBC	59	35.34	15.79	18.05	30.83	0.00	0.00
FBC	60	36.09	15.79	19.55	28.57	0.00	0.00
FBC	61	30.08	18.05	17.29	34.59	0.00	0.00
FBC	62	30.83	18.80	11.28	39.10	0.00	0.00
FBC	63	38.35	15.04	15.79	30.83	0.00	0.00
FBC	64	30.83	17.29	21.05	30.83	0.00	0.00
FBC	65	24.81	18.80	25.56	30.83	0.00	0.00
FBC	66	36.09	13.53	16.54	33.83	0.00	0.00
FBC	67	36.84	14.29	18.80	30.08	0.00	0.00
FBC	68	33.08	15.79	15.04	36.09	0.00	0.00
FBC	69	39.85	15.79	18.05	26.32	0.00	0.00
FBC	70	25.56	22.56	17.29	34.59	0.00	0.00
FBC	71	26.32	17.29	17.29	39.10	0.00	0.00
FBC	72	40.60	14.29	15.04	30.08	0.00	0.00
FBC	73	33.83	14.29	15.79	36.09	0.00	0.00
FBC	74	27.07	15.04	15.79	42.11	0.00	0.00
FBC	75	34.59	18.80	18.05	28.57	0.00	0.00
FBC	76	39.10	14.29	16.54	30.08	0.00	0.00
FBC	77	29.32	20.30	20.30	30.08	0.00	0.00
FBC	78	33.08	18.05	16.54	32.33	0.00	0.00
FBC	79	32.33	18.05	18.80	30.83	0.00	0.00
FBC	80	34.59	11.28	17.29	36.84	0.00	0.00
FBC	81	25.56	19.55	23.31	31.58	0.00	0.00
FBC	82	37.59	9.02	19.55	33.83	0.00	0.00
FBC	83	31.58	21.05	21.80	25.56	0.00	0.00
FBC	84	40.60	14.29	14.29	30.83	0.00	0.00
FBC	85	28.57	24.06	12.78	34.59	0.00	0.00
FBC	86	36.84	17.29	16.54	29.32	0.00	0.00
FBC	87	29.32	11.28	17.29	42.11	0.00	0.00
FBC	88	33.83	14.29	17.29	34.59	0.00	0.00
FBC	89	31.58	22.56	22.56	23.31	0.00	0.00
FBC	90	31.58	16.54	11.28	40.60	0.00	0.00
FBC	91	34.59	16.54	17.29	31.58	0.00	0.00
FBC	92	30.08	18.05	17.29	34.59	0.00	0.00
FBC	93	31.58	17.29	24.81	26.32	0.00	0.00
FBC	94	36.09	17.29	17.29	29.32	0.00	0.00
FBC	95	23.31	25.56	15.04	36.09	0.00	0.00
FBC	96	38.35	15.04	15.79	30.83	0.00	0.00
FBC	97	33.83	17.29	15.04	33.83	0.00	0.00
FBC	98	30.08	20.30	19.55	30.08	0.00	0.00
FBC	99	30.83	17.29	18.80	33.08	0.00	0.00
FBC	100	28.57	19.55	16.54	35.34	0.00	0.00
FBC	101	27.07	17.29	15.79	39.85	0.00	0.00
FBC	102	39.10	15.79	11.28	33.83	0.00	0.00
FBC	103	25.56	16.54	21.05	36.84	0.00	0.00
FBC	104	33.83	11.28	15.79	39.10	0.00	0.00
FBC	105	31.58	21.05	13.53	33.83	0.00	0.00
FBC	106	30.08	14.29	21.05	34.59	0.00	0.00
FBC	107	29.32	22.56	20.30	27.82	0.00	0.00
FBC	108	29.32	18.05	16.54	36.09	0.00	0.00
FBC	109	36.09	17.29	14.29	32.33	0.00	0.00
FBC	110	30.83	16.54	15.04	37.59	0.00	0.00
FBC	111	31.58	12.03	21.80	34.59	0.00	0.00
FBC	112	32.33	17.29	16.54	33.83	0.00	0.00
FBC	113	39.85	13.53	25.56	21.05	0.00	0.00
FBC	114	37.59	16.54	15.79	30.08	0.00	0.00
FBC	115	27.82	14.29	24.06	33.83	0.00	0.00
FBC	116	33.83	19.55	18.80	27.82	0.00	0.00
FBC	117	32.33	20.30	18.05	29.32	0.00	0.00
FBC	118	31.58	11.28	18.05	39.10	0.00	0.00
FBC	119	36.09	20.30	9.77	33.83	0.00	0.00
FBC	120	39.10	15.04	11.28	34.59	0.00	0.00
FBC	121	36.09	12.78	18.05	33.08	0.00	0.00
FBC	122	31.58	21.05	20.30	27.07	0.00	0.00
FBC	123	30.83	16.54	21.80	30.83	0.00	0.00
FBC	124	31.58	23.31	13.53	31.58	0.00	0.00
FBC	125	32.33	18.80	21.05	27.82	0.00	0.00
FBC	126	36.84	17.29	17.29	28.57	0.00	0.00
FBC	127	35.34	16.54	13.53	34.59	0.00	0.00
FBC	128	36.84	12.03	19.55	31.58	0.00	0.00
FBC	129	37.59	10.53	12.78	39.10	0.00	0.00
FBC	130	27.07	14.29	17.29	41.35	0.00	0.00
FBC	131	36.84	19.55	14.29	29.32	0.00	0.00
FBC	132	38.35	15.79	15.79	30.08	0.00	0.00
FBC	133	26.32	19.55	16.54	37.59	0.00	0.00
FBC	134	33.83	18.05	16.54	31.58	0.00	0.00
FBC	135	33.08	13.53	20.30	33.08	0.00	0.00
FBC	136	39.10	13.53	13.53	33.83	0.00	0.00
FBC	137	32.33	20.30	18.80	28.57	0.00	0.00
FBC	138	31.58	14.29	21.05	33.08	0.00	0.00
FBC	139	33.08	17.29	15.79	33.83	0.00	0.00
FBC	140	34.59	15.04	20.30	30.08	0.00	0.00
FBC	141	38.35	12.78	15.79	33.08	0.00	0.00
FBC	142	33.08	18.05	13.53	35.34	0.00	0.00
FBC	143	22.56	15.79	23.31	38.35	0.00	0.00
FBC	144	33.83	19.55	12.78	33.83	0.00	0.00
FBC	145	37.59	18.05	15.04	29.32	0.00	0.00
FBC	146	36.09	15.79	15.79	32.33	0.00	0.00
FBC	147	31.06	21.97	15.15	31.82	0.00	0.00
FBC	148	33.33	18.18	15.15	33.33	0.00	0.00
FBC	149	28.79	22.73	18.18	30.30	0.00	0.00
FBC	150	30.53	18.32	16.03	35.11	0.00	0.00
FBC	151	30.40	20.00	20.00	29.60	0.00	0.00
# ACGT raw counters for first fragments. Use `grep ^FTC | cut -f 2-` to extract this part. The columns are: A,C,G,T,N base counters
FTC	6629	3424	3442	6571	4
# ACGT content per cycle for last fragments. Use `grep ^LBC | cut -f 2-` to extract this part. The columns are: cycle; A,C,G,T base counts as a percentage of all A/C/G/T bases [%]; and N and O counts as a percentage of all A/C/G/T bases [%]
LBC	1	41.18	13.45	15.97	29.41	0.84	0.00
LBC	2	40.00	16.67	20.00	23.33	0.00	0.00
LBC	3	32.50	20.83	16.67	30.00	0.00	0.00
LBC	4	27.50	10.83	26.67	35.00	0.00	0.00
LBC	5	28.33	11.67	18.33	41.67	0.00	0.00
LBC	6	31.67	17.50	15.00	35.83	0.00	0.00
LBC	7	30.83	12.50	25.83	30.83	0.00	0.00
LBC	8	40.83	15.00	15.83	28.33	0.00	0.00
LBC	9	39.17	15.83	13.33	31.67	0.00	0.00
LBC	10	30.00	15.00	20.83	34.17	0.00	0.00
LBC	11	30.83	17.50	27.50	24.17	0.00	0.00
LBC	12	26.67	18.33	17.50	37.50	0.00	0.00
LBC	13	33.33	20.83	19.17	26.67	0.00	0.00
LBC	14	35.83	16.67	20.00	27.50	0.00	0.00
LBC	15	31.67	14.17	15.00	39.17	0.00	0.00
LBC	16	35.83	10.83	18.33	35.00	0.00	0.00
LBC	17	34.17	15.00	21.67	29.17	0.00	0.00
LBC	18	32.50	15.00	15.00	37.50	0.00	0.00
LBC	19	30.00	14.17	15.83	40.00	0.00	0.00
LBC	20	32.50	15.83	25.83	25.83	0.00	0.00
LBC	21	30.83	15.00	15.83	38.33	0.00	0.00
LBC	22	33.33	16.67	18.33	31.67	0.00	0.00
LBC	23	37.50	15.83	16.67	30.00	0.00	0.00
LBC	24	29.17	18.33	15.83	36.67	0.00	0.00
LBC	25	27.50	19.17	16.67	36.67	0.00	0.00
LBC	26	36.67	19.17	22.50	21.67	0.00	0.00
LBC	27	37.50	11.67	18.33	32.50	0.00	0.00
LBC	28	24.17	12.50	17.50	45.83	0.00	0.00
LBC	29	32.50	15.83	21.67	30.00	0.00	0.00
LBC	30	43.33	17.50	6.67	32.50	0.00	0.00
LBC	31	33.33	18.33	15.83	32.50	0.00	0.00
LBC	32	28.33	24.17	19.17	28.33	0.00	0.00
LBC	33	35.00	19.17	10.83	35.00	0.00	0.00
LBC	34	35.00	16.67	19.17	29.17	0.00	0.00
LBC	35	40.83	13.33	18.33	27.50	0.00	0.00
LBC	36	35.83	12.50	15.83	35.83	0.00	0.00
LBC	37	35.83	15.00	15.83	33.33	0.00	0.00
LBC	38	35.83	15.00	22.50	26.67	0.00	0.00
LBC	39	31.67	21.67	16.67	30.00	0.00	0.00
LBC	40	30.83	17.50	12.50	39.17	0.00	0.00
LBC	41	32.50	17.50	15.00	35.00	0.00	0.00
LBC	42	30.83	15.83	17.50	35.83	0.00	0.00
LBC	43	34.17	20.00	15.00	30.83	0.00	0.00
LBC	44	25.00	15.83	19.17	40.00	0.00	0.00
LBC	45	30.83	22.50	14.17	32.50	0.00	0.00
LBC	46	30.83	15.83	23.33	30.00	0.00	0.00
LBC	47	27.50	18.33	21.67	32.50	0.00	0.00
LBC	48	36.67	13.33	23.33	26.67	0.00	0.00
LBC	49	40.00	10.00	20.00	30.00	0.00	0.00
LBC	50	34.17	15.83	15.83	34.17	0.00	0.00
LBC	51	34.17	17.50	11.67	36.67	0.00	0.00
LBC	52	45.00	12.50	14.17	28.33	0.00	0.00
LBC	53	31.67	16.67	20.83	30.83	0.00	0.00
LBC	54	26.67	21.67	15.83	35.83	0.00	0.00
LBC	55	32.50	17.50	20.83	29.17	0.00	0.00
LBC	56	38.33	14.17	15.00	32.50	0.00	0.00
LBC	57	31.67	20.83	15.83	31.67	0.00	0.00
LBC	58	30.83	23.33	25.00	20.83	0.00	0.00
LBC	59	40.00	14.17	20.83	25.00	0.00	0.00
LBC	60	30.00	19.17	16.67	34.17	0.00	0.00
LBC	61	32.50	20.00	23.33	24.17	0.00	0.00
LBC	62	45.00	18.33	15.83	20.83	0.00	0.00
LBC	63	27.50	15.83	16.67	40.00	0.00	0.00
LBC	64	31.67	17.50	21.67	29.17	0.00	0.00
LBC	65	25.83	19.17	20.00	35.00	0.00	0.00
LBC	66	35.00	11.67	12.50	40.83	0.00	0.00
LBC	67	35.00	12.50	22.50	30.00	0.00	0.00
LBC	68	36.67	18.33	19.17	25.83	0.00	0.00
LBC	69	31.67	15.00	15.83	37.50	0.00	0.00
LBC	70	30.83	19.17	22.50	27.50	0.00	0.00
LBC	71	25.00	9.17	23.33	42.50	0.00	0.00
LBC	72	30.00	15.83	19.17	35.00	0.00	0.00
LBC	73	31.67	10.83	17.50	40.00	0.00	0.00
LBC	74	24.17	20.83	20.00	35.00	0.00	0.00
LBC	75	39.17	14.17	14.17	32.50	0.00	0.00
LBC	76	30.83	16.67	20.00	32.50	0.00	0.00
LBC	77	38.33	19.17	15.83	26.67	0.00	0.00
LBC	78	34.17	16.67	17.50	31.67	0.00	0.00
LBC	79	37.50	18.33	17.50	26.67	0.00	0.00
LBC	80	40.83	13.33	10.83	35.00	0.00	0.00
LBC	81	36.67	17.50	10.83	35.00	0.00	0.00
LBC	82	35.83	15.00	20.00	29.17	0.00	0.00
LBC	83	35.83	13.33	20.00	30.83	0.00	0.00
LBC	84	38.33	11.67	15.00	35.00	0.00	0.00
LBC	85	28.33	17.50	16.67	37.50	0.00	0.00
LBC	86	42.50	13.33	16.67	27.50	0.00	0.00
LBC	87	32.50	21.67	16.67	29.17	0.00	0.00
LBC	88	33.33	14.17	19.17	33.33	0.00	0.00
LBC	89	26.67	22.50	18.33	32.50	0.00	0.00
LBC	90	29.17	14.17	23.33	33.33	0.00	0.00
LBC	91	37.50	17.50	22.50	22.50	0.00	0.00
LBC	92	33.33	19.17	17.50	30.00	0.00	0.00
LBC	93	29.17	17.50	13.33	40.00	0.00	0.00
LBC	94	33.33	19.17	15.83	31.67	0.00	0.00
LBC	95	32.50	20.00	20.00	27.50	0.00	0.00
LBC	96	33.33	20.83	14.17	31.67	0.00	0.00
LBC	97	31.67	15.00	20.00	33.33	0.00	0.00
LBC	98	32.50	20.00	15.83	31.67	0.00	0.00
LBC	99	37.50	20.83	14.17	27.50	0.00	0.00
LBC	100	31.67	13.33	30.83	24.17	0.00	0.00
LBC	101	32.50	12.50	18.33	36.67	0.00	0.00
LBC	102	33.33	19.17	10.83	36.67	0.00	0.00
LBC	103	31.67	15.00	16.67	36.67	0.00	0.00
LBC	104	20.83	23.33	15.00	40.83	0.00	0.00
LBC	105	30.83	19.17	23.33	26.67	0.00	0.00
LBC	106	35.83	10.00	17.50	36.67	0.00	0.00
LBC	107	33.33	14.17	15.00	37.50	0.00	0.00
LBC	108	39.17	12.50	15.00	33.33	0.00	0.00
LBC	109	35.83	10.83	18.33	35.00	0.00	0.00
LBC	110	31.36	16.95	19.49	32.20	1.69	0.00
LBC	111	38.33	19.17	17.50	25.00	0.00	0.00
LBC	112	33.33	15.00	14.17	37.50	0.00	0.00
LBC	113	32.50	16.67	15.83	35.00	0.00	0.00
LBC	114	33.33	16.67	11.67	38.33	0.00	0.00
LBC	115	28.33	15.83	29.17	26.67	0.00	0.00
LBC	116	35.83	18.33	15.00	30.83	0.00	0.00
LBC	117	35.00	15.00	14.17	35.83	0.00	0.00
LBC	118	40.00	20.00	20.00	20.00	0.00	0.00
LBC	119	41.67	17.50	11.67	29.17	0.00	0.00
LBC	120	34.17	11.67	18.33	35.83	0.00	0.00
LBC	121	35.00	15.00	15.83	34.17	0.00	0.00
LBC	122	28.33	7.50	26.67	37.50	0.00	0.00
LBC	123	38.33	14.17	19.17	28.33	0.00	0.00
LBC	124	33.33	18.33	16.67	31.67	0.00	0.00
LBC	125	35.83	13.33	23.33	27.50	0.00	0.00
LBC	126	18.33	20.83	15.83	45.00	0.00	0.00
LBC	127	40.00	14.17	18.33	27.50	0.00	0.00
LBC	128	32.50	11.67	25.00	30.83	0.00	0.00
LBC	129	37.50	15.83	13.33	33.33	0.00	0.00
LBC	130	34.17	14.17	15.83	35.83	0.00	0.00
LBC	131	40.00	15.00	10.00	35.00	0.00	0.00
LBC	132	30.00	18.33	20.00	31.67	0.00	0.00
LBC	133	26.67	15.83	20.00	37.50	0.00	0.00
LBC	134	27.50	17.50	20.00	35.00	0.00	0.00
LBC	135	36.67	24.17	14.17	25.00	0.00	0.00
LBC	136	33.33	19.17	24.17	23.33	0.00	0.00
LBC	137	27.50	17.50	18.33	36.67	0.00	0.00
LBC	138	38.33	12.50	9.17	40.00	0.00	0.00
LBC	139	33.33	19.17	16.67	30.83	0.00	0.00
LBC	140	31.67	20.83	15.83	31.67	0.00	0.00
LBC	141	35.83	5.83	19.17	39.17	0.00	0.00
LBC	142	37.50	19.17	19.17	24.17	0.00	0.00
LBC	143	23.33	21.67	17.50	37.50	0.00	0.00
LBC	144	35.00	19.17	14.17	31.67	0.00	0.00
LBC	145	30.83	15.83	16.67	36.67	0.00	0.00
LBC	146	30.00	21.67	15.00	33.33	0.00	0.00
LBC	147	36.13	16.81	12.61	34.45	0.00	0.00
LBC	148	34.45	15.97	19.33	30.25	0.00	0.00
LBC	149	33.33	16.24	14.53	35.90	0.00	0.00
LBC	150	37.07	12.93	10.34	39.66	0.00	0.00
LBC	151	32.04	15.53	19.42	33.01	0.00	0.00
# ACGT raw counters for last fragments. Use `grep ^LTC | cut -f 2-` to extract this part. The columns are: A,C,G,T,N base counters
LTC	6038	2968	3214	5871	3
# Insert sizes. Use `grep ^IS | cut -f 2-` to extract this part. The columns are: insert size, pairs total, inward oriented pairs, outward oriented pairs, other pairs
IS	0	0	0	0	0
IS	1	0	0	0	0
IS	2	0	0	0	0
IS	3	0	0	0	0
IS	4	0	0	0	0
IS	5	0	0	0	0
IS	6	0	0	0	0
IS	7	0	0	0	0
IS	8	0	0	0	0
IS	9	0	0	0	0
IS	10	0	0	0	0
IS	11	0	0	0	0
IS	12	0	0	0	0
IS	13	0	0	0	0
IS	14	0	0	0	0
IS	15	0	0	0	0
IS	16	0	0	0	0
IS	17	0	0	0	0
IS	18	0	0	0	0
IS	19	0	0	0	0
IS	20	0	0	0	0
IS	21	0	0	0	0
IS	22	0	0	0	0
IS	23	0	0	0	0
IS	24	0	0	0	0
IS	25	0	0	0	0
IS	26	0	0	0	0
IS	27	0	0	0	0
IS	28	0	0	0	0
IS	29	0	0	0	0
IS	30	0	0	0	0
IS	31	0	0	0	0
IS	32	0	0	0	0
IS	33	0	0	0	0
IS	34	0	0	0	0
IS	35	0	0	0	0
IS	36	0	0	0	0
IS	37	0	0	0	0
IS	38	0	0	0	0
IS	39	0	0	0	0
IS	40	0	0	0	0
IS	41	0	0	0	0
IS	42	0	0	0	0
IS	43	0	0	0	0
IS	44	0	0	0	0
IS	45	0	0	0	0
IS	46	0	0	0	0
IS	47	0	0	0	0
IS	48	0	0	0	0
IS	49	0	0	0	0
IS	50	0	0	0	0
IS	51	0	0	0	0
IS	52	0	0	0	0
IS	53	0	0	0	0
IS	54	0	0	0	0
IS	55	0	0	0	0
IS	56	0	0	0	0
IS	57	0	0	0	0
IS	58	0	0	0	0
IS	59	0	0	0	0
IS	60	0	0	0	0
IS	61	0	0	0	0
IS	62	0	0	0	0
IS	63	0	0	0	0
IS	64	0	0	0	0
IS	65	0	0	0	0
IS	66	0	0	0	0
IS	67	0	0	0	0
IS	68	0	0	0	0
IS	69	0	0	0	0
IS	70	0	0	0	0
IS	71	0	0	0	0
IS	72	0	0	0	0
IS	73	0	0	0	0
IS	74	0	0	0	0
IS	75	0	0	0	0
IS	76	0	0	0	0
IS	77	0	0	0	0
IS	78	0	0	0	0
IS	79	0	0	0	0
IS	80	0	0	0	0
IS	81	0	0	0	0
IS	82	0	0	0	0
IS	83	0	0	0	0
IS	84	0	0	0	0
IS	85	0	0	0	0
IS	86	0	0	0	0
IS	87	0	0	0	0
IS	88	0	0	0	0
IS	89	0	0	0	0
IS	90	0	0	0	0
IS	91	0	0	0	0
IS	92	0	0	0	0
IS	93	0	0	0	0
IS	94	0	0	0	0
IS	95	0	0	0	0
IS	96	0	0	0	0
IS	97	0	0	0	0
IS	98	0	0	0	0
IS	99	0	0	0	0
IS	100	0	0	0	0
IS	101	0	0	0	0
IS	102	0	0	0	0
IS	103	0	0	0	0
IS	104	0	0	0	0
IS	105	0	0	0	0
IS	106	0	0	0	0
IS	107	0	0	0	0
IS	108	0	0	0	0
IS	109	0	0	0	0
IS	110	0	0	0	0
IS	111	0	0	0	0
IS	112	0	0	0	0
IS	113	0	0	0	0
IS	114	0	0	0	0
IS	115	0	0	0	0
IS	116	0	0	0	0
IS	117	0	0	0	0
IS	118	0	0	0	0
IS	119	0	0	0	0
IS	120	0	0	0	0
IS	121	0	0	0	0
IS	122	0	0	0	0
IS	123	0	0	0	0
IS	124	0	0	0	0
IS	125	0	0	0	0
IS	126	0	0	0	0
IS	127	0	0	0	0
IS	128	0	0	0	0
IS	129	0	0	0	0
IS	130	0	0	0	0
IS	131	0	0	0	0
IS	132	0	0	0	0
IS	133	0	0	0	0
IS	134	0	0	0	0
IS	135	0	0	0	0
IS	136	0	0	0	0
IS	137	0	0	0	0
IS	138	0	0	0	0
IS	139	0	0	0	0
IS	140	0	0	0	0
IS	141	0	0	0	0
IS	142	0	0	0	0
IS	143	0	0	0	0
IS	144	0	0	0	0
IS	145	0	0	0	0
IS	146	0	0	0	0
IS	147	0	0	0	0
IS	148	0	0	0	0
IS	149	0	0	0	0
IS	150	0	0	0	0
IS	151	0	0	0	0
IS	152	0	0	0	0
IS	153	0	0	0	0
IS	154	0	0	0	0
IS	155	0	0	0	0
IS	156	0	0	0	0
IS	157	0	0	0	0
IS	158	0	0	0	0
IS	159	0	0	0	0
IS	160	0	0	0	0
IS	161	0	0	0	0
IS	162	0	0	0	0
IS	163	0	0	0	0
IS	164	0	0	0	0
IS	165	0	0	0	0
IS	166	0	0	0	0
IS	167	0	0	0	0
IS	168	0	0	0	0
IS	169	0	0	0	0
IS	170	1	1	0	0
IS	171	0	0	0	0
IS	172	0	0	0	0
IS	173	0	0	0	0
IS	174	0	0	0	0
IS	175	0	0	0	0
IS	176	0	0	0	0
IS	177	0	0	0	0
IS	178	0	0	0	0
IS	179	0	0	0	0
IS	180	0	0	0	0
IS	181	0	0	0	0
IS	182	0	0	0	0
IS	183	0	0	0	0
IS	184	0	0	0	0
IS	185	0	0	0	0
IS	186	0	0	0	0
IS	187	1	1	0	0
IS	188	0	0	0	0
IS	189	0	0	0	0
IS	190	0	0	0	0
IS	191	0	0	0	0
IS	192	0	0	0	0
IS	193	0	0	0	0
IS	194	0	0	0	0
IS	195	0	0	0	0
IS	196	0	0	0	0
IS	197	0	0	0	0
IS	198	1	1	0	0
IS	199	0	0	0	0
IS	200	0	0	0	0
IS	201	0	0	0	0
IS	202	0	0	0	0
IS	203	2	2	0	0
IS	204	0	0	0	0
IS	205	0	0	0	0
IS	206	0	0	0	0
IS	207	2	2	0	0
IS	208	0	0	0	0
IS	209	0	0	0	0
IS	210	0	0	0	0
IS	211	2	2	0	0
IS	212	0	0	0	0
IS	213	0	0	0	0
IS	214	0	0	0	0
IS	215	1	1	0	0
IS	216	0	0	0	0
IS	217	0	0	0	0
IS	218	0	0	0	0
IS	219	0	0	0	0
IS	220	0	0	0	0
IS	221	0	0	0	0
IS	222	0	0	0	0
IS	223	0	0	0	0
IS	224	0	0	0	0
IS	225	0	0	0	0
IS	226	0	0	0	0
IS	227	0	0	0	0
IS	228	0	0	0	0
IS	229	0	0	0	0
IS	230	0	0	0	0
IS	231	0	0	0	0
IS	232	0	0	0	0
IS	233	1	1	0	0
IS	234	0	0	0	0
IS	235	1	1	0	0
IS	236	0	0	0	0
IS	237	1	1	0	0
IS	238	0	0	0	0
IS	239	0	0	0	0
IS	240	0	0	0	0
IS	241	0	0	0	0
IS	242	0	0	0	0
IS	243	0	0	0	0
IS	244	0	0	0	0
IS	245	0	0	0	0
IS	246	0	0	0	0
IS	247	0	0	0	0
IS	248	0	0	0	0
IS	249	0	0	0	0
IS	250	0	0	0	0
IS	251	0	0	0	0
IS	252	0	0	0	0
IS	253	1	1	0	0
IS	254	0	0	0	0
IS	255	0	0	0	0
IS	256	0	0	0	0
IS	257	1	1	0	0
IS	258	0	0	0	0
IS	259	0	0	0	0
IS	260	0	0	0	0
IS	261	0	0	0	0
IS	262	1	1	0	0
IS	263	0	0	0	0
IS	264	0	0	0	0
IS	265	1	1	0	0
IS	266	0	0	0	0
IS	267	1	1	0	0
IS	268	1	1	0	0
IS	269	0	0	0	0
IS	270	1	1	0	0
IS	271	0	0	0	0
IS	272	1	1	0	0
IS	273	0	0	0	0
IS	274	0	0	0	0
IS	275	2	2	0	0
IS	276	0	0	0	0
IS	277	1	1	0	0
IS	278	0	0	0	0
IS	279	0	0	0	0
IS	280	0	0	0	0
IS	281	1	1	0	0
IS	282	0	0	0	0
IS	283	0	0	0	0
IS	284	1	1	0	0
IS	285	0	0	0	0
IS	286	0	0	0	0
IS	287	0	0	0	0
IS	288	0	0	0	0
IS	289	0	0	0	0
IS	290	0	0	0	0
IS	291	1	1	0	0
IS	292	1	1	0	0
IS	293	0	0	0	0
IS	294	0	0	0	0
IS	295	0	0	0	0
IS	296	0	0	0	0
IS	297	0	0	0	0
IS	298	0	0	0	0
IS	299	0	0	0	0
IS	300	1	1	0	0
IS	301	0	0	0	0
IS	302	0	0	0	0
IS	303	2	2	0	0
IS	304	0	0	0	0
IS	305	0	0	0	0
IS	306	0	0	0	0
IS	307	0	0	0	0
IS	308	0	0	0	0
IS	309	2	2	0	0
IS	310	2	2	0	0
IS	311	1	1	0	0
IS	312	1	1	0	0
IS	313	0	0	0	0
IS	314	0	0	0	0
IS	315	2	2	0	0
IS	316	1	1	0	0
IS	317	0	0	0	0
IS	318	0	0	0	0
IS	319	1	1	0	0
IS	320	0	0	0	0
IS	321	0	0	0	0
IS	322	0	0	0	0
IS	323	0	0	0	0
IS	324	2	2	0	0
IS	325	0	0	0	0
IS	326	0	0	0	0
IS	327	2	2	0	0
IS	328	1	1	0	0
IS	329	0	0	0	0
IS	330	0	0	0	0
IS	331	1	1	0	0
IS	332	0	0	0	0
IS	333	0	0	0	0
IS	334	0	0	0	0
IS	335	1	1	0	0
IS	336	0	0	0	0
IS	337	1	1	0	0
IS	338	0	0	0	0
IS	339	0	0	0	0
IS	340	0	0	0	0
IS	341	1	1	0	0
IS	342	0	0	0	0
IS	343	2	2	0	0
IS	344	0	0	0	0
IS	345	1	1	0	0
IS	346	2	2	0	0
IS	347	0	0	0	0
IS	348	0	0	0	0
IS	349	0	0	0	0
IS	350	0	0	0	0
IS	351	1	1	0	0
IS	352	0	0	0	0
IS	353	0	0	0	0
IS	354	3	3	0	0
IS	355	0	0	0	0
IS	356	0	0	0	0
IS	357	1	1	0	0
IS	358	0	0	0	0
IS	359	0	0	0	0
IS	360	0	0	0	0
IS	361	3	3	0	0
IS	362	0	0	0	0
IS	363	2	2	0	0
IS	364	1	1	0	0
IS	365	1	1	0	0
IS	366	0	0	0	0
IS	367	0	0	0	0
IS	368	1	1	0	0
IS	369	2	2	0	0
IS	370	0	0	0	0
IS	371	0	0	0	0
IS	372	1	1	0	0
IS	373	0	0	0	0
IS	374	0	0	0	0
IS	375	0	0	0	0
IS	376	0	0	0	0
IS	377	1	1	0	0
IS	378	0	0	0	0
IS	379	3	3	0	0
IS	380	0	0	0	0
IS	381	0	0	0	0
IS	382	1	1	0	0
IS	383	3	3	0	0
IS	384	2	2	0	0
IS	385	0	0	0	0
IS	386	1	1	0	0
IS	387	0	0	0	0
IS	388	0	0	0	0
IS	389	0	0	0	0
IS	390	1	1	0	0
IS	391	1	1	0	0
IS	392	1	1	0	0
IS	393	0	0	0	0
IS	394	0	0	0	0
IS	395	0	0	0	0
IS	396	1	1	0	0
IS	397	1	1	0	0
IS	398	1	1	0	0
IS	399	0	0	0	0
IS	400	1	1	0	0
IS	401	0	0	0	0
IS	402	0	0	0	0
IS	403	0	0	0	0
IS	404	1	1	0	0
IS	405	0	0	0	0
IS	406	1	1	0	0
IS	407	0	0	0	0
IS	408	0	0	0	0
IS	409	1	1	0	0
IS	410	0	0	0	0
IS	411	0	0	0	0
IS	412	1	1	0	0
IS	413	0	0	0	0
IS	414	0	0	0	0
IS	415	0	0	0	0
IS	416	0	0	0	0
IS	417	1	1	0	0
IS	418	0	0	0	0
IS	419	1	1	0	0
IS	420	0	0	0	0
IS	421	0	0	0	0
IS	422	1	1	0	0
IS	423	1	1	0	0
IS	424	0	0	0	0
IS	425	0	0	0	0
IS	426	1	1	0	0
IS	427	1	1	0	0
IS	428	1	1	0	0
IS	429	0	0	0	0
IS	430	0	0	0	0
IS	431	0	0	0	0
IS	432	0	0	0	0
IS	433	1	1	0	0
IS	434	0	0	0	0
IS	435	0	0	0	0
IS	436	0	0	0	0
IS	437	0	0	0	0
IS	438	2	2	0	0
IS	439	0	0	0	0
IS	440	0	0	0	0
IS	441	2	2	0	0
IS	442	0	0	0	0
IS	443	0	0	0	0
IS	444	2	2	0	0
IS	445	0	0	0	0
IS	446	0	0	0	0
IS	447	0	0	0	0
IS	448	1	1	0	0
IS	449	0	0	0	0
IS	450	0	0	0	0
IS	451	0	0	0	0
IS	452	0	0	0	0
IS	453	2	2	0	0
IS	454	0	0	0	0
IS	455	0	0	0	0
IS	456	0	0	0	0
IS	457	0	0	0	0
IS	458	1	1	0	0
IS	459	0	0	0	0
IS	460	0	0	0	0
IS	461	0	0	0	0
IS	462	0	0	0	0
IS	463	0	0	0	0
IS	464	0	0	0	0
IS	465	0	0	0	0
IS	466	0	0	0	0
IS	467	0	0	0	0
IS	468	0	0	0	0
IS	469	0	0	0	0
IS	470	1	1	0	0
IS	471	0	0	0	0
IS	472	0	0	0	0
IS	473	0	0	0	0
IS	474	0	0	0	0
IS	475	0	0	0	0
IS	476	0	0	0	0
IS	477	1	1	0	0
# Read lengths. Use `grep ^RL | cut -f 2-` to extract this part. The columns are: read length, count
RL	146	2
RL	148	2
RL	149	2
RL	150	19
RL	151	228
# Read lengths - first fragments. Use `grep ^FRL | cut -f 2-` to extract this part. The columns are: read length, count
FRL	146	1
FRL	149	1
FRL	150	6
FRL	151	125
# Read lengths - last fragments. Use `grep ^LRL | cut -f 2-` to extract this part. The columns are: read length, count
LRL	146	1
LRL	148	2
LRL	149	1
LRL	150	13
LRL	151	103
# Mapping qualities for reads !(UNMAP|SECOND|SUPPL|QCFAIL|DUP). Use `grep ^MAPQ | cut -f 2-` to extract this part. The columns are: mapq, count
MAPQ	0	2
MAPQ	1	7
MAPQ	255	244
# Indel distribution. Use `grep ^ID | cut -f 2-` to extract this part. The columns are: length, number of insertions, number of deletions
ID	1	3	2
# Indels per cycle. Use `grep ^IC | cut -f 2-` to extract this part. The columns are: cycle, number of insertions (fwd), .. (rev) , number of deletions (fwd), .. (rev)
IC	23	0	0	0	1
IC	41	0	0	1	0
IC	45	1	0	0	0
IC	139	1	1	0	0
# Coverage distribution. Use `grep ^COV | cut -f 2-` to extract this part.
COV	[1-1]	1	24872
COV	[2-2]	2	5798
COV	[3-3]	3	311
COV	[4-4]	4	190
# GC-depth. Use `grep ^GCD | cut -f 2-` to extract this part. The columns are: GC%, unique sequence percentiles, 10th, 25th, 50th, 75th and 90th depth percentile
GCD	0.0	2.985	0.000	0.000	0.000	0.000	0.000
GCD	0.7	4.478	0.015	0.015	0.015	0.015	0.015
GCD	25.0	5.970	0.008	0.008	0.008	0.008	0.008
GCD	27.0	7.463	0.015	0.015	0.015	0.015	0.015
GCD	28.0	13.433	0.015	0.017	0.026	0.030	0.030
GCD	30.0	23.881	0.008	0.008	0.015	0.030	0.075
GCD	31.0	29.851	0.015	0.021	0.038	0.060	0.068
GCD	32.0	44.776	0.008	0.015	0.030	0.053	0.096
GCD	33.0	50.746	0.015	0.019	0.030	0.041	0.045
GCD	34.0	56.716	0.015	0.019	0.030	0.030	0.030
GCD	35.0	64.179	0.015	0.023	0.030	0.068	0.091
GCD	36.0	71.642	0.015	0.023	0.030	0.060	0.068
GCD	37.0	80.597	0.015	0.015	0.023	0.032	0.038
GCD	38.0	85.075	0.008	0.008	0.015	0.030	0.030
GCD	39.0	88.060	0.008	0.008	0.008	0.008	0.008
GCD	40.0	91.045	0.015	0.015	0.034	0.053	0.053
GCD	41.0	92.537	0.030	0.030	0.030	0.030	0.030
GCD	42.0	95.522	0.015	0.015	0.023	0.030	0.030
GCD	43.0	97.015	0.015	0.015	0.015	0.015	0.015
GCD	44.0	100.000	0.008	0.008	0.023	0.038	0.038
