# This file was produced by samtools stats (1.21+htslib-1.21) and can be plotted using plot-bamstats
# This file contains statistics for all reads.
# The command line was:  stats NC.Staphy2.2D_sorted.bam
# CHK, Checksum	[2]Read Names	[3]Sequences	[4]Qualities
# CHK, CRC32 of reads which passed filtering followed by addition (32bit overflow)
CHK	58866c69	b1e5a6cd	157b31d1
# Summary Numbers. Use `grep ^SN | cut -f 2-` to extract this part.
SN	raw total sequences:	703	# excluding supplementary and secondary reads
SN	filtered sequences:	0
SN	sequences:	703
SN	is sorted:	1
SN	1st fragments:	356
SN	last fragments:	347
SN	reads mapped:	703
SN	reads mapped and paired:	632	# paired-end technology bit set + both mates mapped
SN	reads unmapped:	0
SN	reads properly paired:	626	# proper-pair bit set
SN	reads paired:	703	# paired-end technology bit set
SN	reads duplicated:	0	# PCR or optical duplicate bit set
SN	reads MQ0:	3	# mapped and MQ=0
SN	reads QC failed:	0
SN	non-primary alignments:	75
SN	supplementary alignments:	0
SN	total length:	105908	# ignores clipping
SN	total first fragment length:	53661	# ignores clipping
SN	total last fragment length:	52247	# ignores clipping
SN	bases mapped:	105908	# ignores clipping
SN	bases mapped (cigar):	105908	# more accurate
SN	bases trimmed:	0
SN	bases duplicated:	0
SN	mismatches:	1436	# from NM fields
SN	error rate:	1.355894e-02	# mismatches / bases mapped (cigar)
SN	average length:	151
SN	average first fragment length:	151
SN	average last fragment length:	151
SN	maximum length:	151
SN	maximum first fragment length:	151
SN	maximum last fragment length:	151
SN	average quality:	38.7
SN	insert size average:	326.8
SN	insert size standard deviation:	81.4
SN	inward oriented pairs:	315
SN	outward oriented pairs:	1
SN	pairs with other orientation:	0
SN	pairs on different chromosomes:	0
SN	percentage of properly paired reads (%):	89.0
# First Fragment Qualities. Use `grep ^FFQ | cut -f 2-` to extract this part.
# Columns correspond to qualities and rows to cycles. First column is the cycle number.
FFQ	1	0	0	2	0	0	0	0	0	0	0	0	0	4	0	0	0	0	0	0	0	0	0	0	0	0	0	0	14	0	0	0	0	336	0	0	0	0	0	0	0	0	0	0
FFQ	2	0	0	0	0	0	0	0	0	0	0	0	0	6	0	0	0	0	0	0	0	0	0	0	0	0	0	0	5	0	0	0	0	345	0	0	0	0	0	0	0	0	0	0
FFQ	3	0	0	0	0	0	0	0	0	0	0	0	0	4	0	0	0	0	0	0	0	0	0	0	0	0	0	0	7	0	0	0	0	61	0	0	0	0	284	0	0	0	0	0
FFQ	4	0	0	0	0	0	0	0	0	0	0	0	0	6	0	0	0	0	0	0	0	0	0	0	0	0	0	0	8	0	0	0	0	28	0	0	0	0	314	0	0	0	0	0
FFQ	5	0	0	0	0	0	0	0	0	0	0	0	0	3	0	0	0	0	0	0	0	0	0	4	0	0	0	0	6	0	0	0	0	19	0	0	0	0	324	0	0	0	0	0
FFQ	6	0	0	0	0	0	0	0	0	0	0	0	0	3	0	0	0	0	0	0	0	0	0	1	0	0	0	0	4	0	0	0	0	12	0	0	0	0	38	0	0	0	298	0
FFQ	7	0	0	0	0	0	0	0	0	0	0	0	0	1	0	0	0	0	0	0	0	0	0	2	0	0	0	0	3	0	0	0	0	9	0	0	0	0	25	0	0	0	316	0
FFQ	8	0	0	0	0	0	0	0	0	0	0	0	0	0	0	0	0	0	0	0	0	0	0	2	0	0	0	0	0	0	0	0	0	9	0	0	0	0	33	0	0	0	312	0
FFQ	9	0	0	0	0	0	0	0	0	0	0	0	0	4	0	0	0	0	0	0	0	0	0	1	0	0	0	0	2	0	0	0	0	12	0	0	0	0	18	0	0	0	319	0
FFQ	10	0	0	0	0	0	0	0	0	0	0	0	0	1	0	0	0	0	0	0	0	0	0	2	0	0	0	0	0	0	0	0	0	8	0	0	0	0	19	0	0	0	326	0
FFQ	11	0	0	0	0	0	0	0	0	0	0	0	0	2	0	0	0	0	0	0	0	0	0	1	0	0	0	0	4	0	0	0	0	8	0	0	0	0	20	0	0	0	321	0
FFQ	12	0	0	0	0	0	0	0	0	0	0	0	0	0	0	0	0	0	0	0	0	0	0	1	0	0	0	0	4	0	0	0	0	13	0	0	0	0	25	0	0	0	313	0
FFQ	13	0	0	0	0	0	0	0	0	0	0	0	0	4	0	0	0	0	0	0	0	0	0	3	0	0	0	0	7	0	0	0	0	10	0	0	0	0	24	0	0	0	308	0
FFQ	14	0	0	0	0	0	0	0	0	0	0	0	0	2	0	0	0	0	0	0	0	0	0	1	0	0	0	0	2	0	0	0	0	6	0	0	0	0	20	0	0	0	325	0
FFQ	15	0	0	0	0	0	0	0	0	0	0	0	0	1	0	0	0	0	0	0	0	0	0	3	0	0	0	0	5	0	0	0	0	7	0	0	0	0	27	0	0	0	313	0
FFQ	16	0	0	0	0	0	0	0	0	0	0	0	0	3	0	0	0	0	0	0	0	0	0	0	0	0	0	0	3	0	0	0	0	7	0	0	0	0	20	0	0	0	323	0
FFQ	17	0	0	0	0	0	0	0	0	0	0	0	0	4	0	0	0	0	0	0	0	0	0	1	0	0	0	0	3	0	0	0	0	6	0	0	0	0	25	0	0	0	317	0
FFQ	18	0	0	0	0	0	0	0	0	0	0	0	0	5	0	0	0	0	0	0	0	0	0	1	0	0	0	0	4	0	0	0	0	7	0	0	0	0	30	0	0	0	309	0
FFQ	19	0	0	0	0	0	0	0	0	0	0	0	0	6	0	0	0	0	0	0	0	0	0	0	0	0	0	0	4	0	0	0	0	12	0	0	0	0	26	0	0	0	308	0
FFQ	20	0	0	0	0	0	0	0	0	0	0	0	0	2	0	0	0	0	0	0	0	0	0	3	0	0	0	0	2	0	0	0	0	12	0	0	0	0	20	0	0	0	317	0
FFQ	21	0	0	0	0	0	0	0	0	0	0	0	0	2	0	0	0	0	0	0	0	0	0	3	0	0	0	0	4	0	0	0	0	7	0	0	0	0	26	0	0	0	314	0
FFQ	22	0	0	0	0	0	0	0	0	0	0	0	0	0	0	0	0	0	0	0	0	0	0	3	0	0	0	0	4	0	0	0	0	7	0	0	0	0	35	0	0	0	307	0
FFQ	23	0	0	0	0	0	0	0	0	0	0	0	0	3	0	0	0	0	0	0	0	0	0	4	0	0	0	0	4	0	0	0	0	10	0	0	0	0	21	0	0	0	314	0
FFQ	24	0	0	0	0	0	0	0	0	0	0	0	0	5	0	0	0	0	0	0	0	0	0	1	0	0	0	0	6	0	0	0	0	14	0	0	0	0	27	0	0	0	303	0
FFQ	25	0	0	0	0	0	0	0	0	0	0	0	0	2	0	0	0	0	0	0	0	0	0	4	0	0	0	0	6	0	0	0	0	11	0	0	0	0	29	0	0	0	304	0
FFQ	26	0	0	0	0	0	0	0	0	0	0	0	0	2	0	0	0	0	0	0	0	0	0	2	0	0	0	0	2	0	0	0	0	12	0	0	0	0	29	0	0	0	309	0
FFQ	27	0	0	2	0	0	0	0	0	0	0	0	0	2	0	0	0	0	0	0	0	0	0	2	0	0	0	0	7	0	0	0	0	7	0	0	0	0	22	0	0	0	314	0
FFQ	28	0	0	0	0	0	0	0	0	0	0	0	0	4	0	0	0	0	0	0	0	0	0	5	0	0	0	0	2	0	0	0	0	10	0	0	0	0	17	0	0	0	318	0
FFQ	29	0	0	0	0	0	0	0	0	0	0	0	0	5	0	0	0	0	0	0	0	0	0	3	0	0	0	0	6	0	0	0	0	12	0	0	0	0	21	0	0	0	309	0
FFQ	30	0	0	0	0	0	0	0	0	0	0	0	0	4	0	0	0	0	0	0	0	0	0	1	0	0	0	0	6	0	0	0	0	9	0	0	0	0	28	0	0	0	308	0
FFQ	31	0	0	0	0	0	0	0	0	0	0	0	0	7	0	0	0	0	0	0	0	0	0	3	0	0	0	0	3	0	0	0	0	13	0	0	0	0	22	0	0	0	308	0
FFQ	32	0	0	0	0	0	0	0	0	0	0	0	0	5	0	0	0	0	0	0	0	0	0	2	0	0	0	0	6	0	0	0	0	9	0	0	0	0	24	0	0	0	310	0
FFQ	33	0	0	0	0	0	0	0	0	0	0	0	0	4	0	0	0	0	0	0	0	0	0	2	0	0	0	0	5	0	0	0	0	8	0	0	0	0	26	0	0	0	311	0
FFQ	34	0	0	0	0	0	0	0	0	0	0	0	0	5	0	0	0	0	0	0	0	0	0	4	0	0	0	0	8	0	0	0	0	8	0	0	0	0	27	0	0	0	304	0
FFQ	35	0	0	0	0	0	0	0	0	0	0	0	0	5	0	0	0	0	0	0	0	0	0	3	0	0	0	0	5	0	0	0	0	9	0	0	0	0	31	0	0	0	303	0
FFQ	36	0	0	0	0	0	0	0	0	0	0	0	0	5	0	0	0	0	0	0	0	0	0	3	0	0	0	0	5	0	0	0	0	5	0	0	0	0	29	0	0	0	309	0
FFQ	37	0	0	0	0	0	0	0	0	0	0	0	0	6	0	0	0	0	0	0	0	0	0	3	0	0	0	0	6	0	0	0	0	5	0	0	0	0	24	0	0	0	312	0
FFQ	38	0	0	0	0	0	0	0	0	0	0	0	0	4	0	0	0	0	0	0	0	0	0	4	0	0	0	0	6	0	0	0	0	7	0	0	0	0	28	0	0	0	307	0
FFQ	39	0	0	0	0	0	0	0	0	0	0	0	0	6	0	0	0	0	0	0	0	0	0	5	0	0	0	0	6	0	0	0	0	6	0	0	0	0	28	0	0	0	305	0
FFQ	40	0	0	2	0	0	0	0	0	0	0	0	0	10	0	0	0	0	0	0	0	0	0	4	0	0	0	0	6	0	0	0	0	2	0	0	0	0	18	0	0	0	314	0
FFQ	41	0	0	0	0	0	0	0	0	0	0	0	0	5	0	0	0	0	0	0	0	0	0	1	0	0	0	0	9	0	0	0	0	8	0	0	0	0	27	0	0	0	306	0
FFQ	42	0	0	0	0	0	0	0	0	0	0	0	0	7	0	0	0	0	0	0	0	0	0	5	0	0	0	0	6	0	0	0	0	5	0	0	0	0	29	0	0	0	304	0
FFQ	43	0	0	0	0	0	0	0	0	0	0	0	0	8	0	0	0	0	0	0	0	0	0	4	0	0	0	0	6	0	0	0	0	11	0	0	0	0	20	0	0	0	307	0
FFQ	44	0	0	0	0	0	0	0	0	0	0	0	0	5	0	0	0	0	0	0	0	0	0	2	0	0	0	0	7	0	0	0	0	8	0	0	0	0	31	0	0	0	303	0
FFQ	45	0	0	0	0	0	0	0	0	0	0	0	0	6	0	0	0	0	0	0	0	0	0	1	0	0	0	0	6	0	0	0	0	7	0	0	0	0	25	0	0	0	311	0
FFQ	46	0	0	0	0	0	0	0	0	0	0	0	0	1	0	0	0	0	0	0	0	0	0	4	0	0	0	0	7	0	0	0	0	8	0	0	0	0	33	0	0	0	303	0
FFQ	47	0	0	0	0	0	0	0	0	0	0	0	0	4	0	0	0	0	0	0	0	0	0	3	0	0	0	0	5	0	0	0	0	4	0	0	0	0	37	0	0	0	303	0
FFQ	48	0	0	0	0	0	0	0	0	0	0	0	0	5	0	0	0	0	0	0	0	0	0	2	0	0	0	0	11	0	0	0	0	6	0	0	0	0	30	0	0	0	302	0
FFQ	49	0	0	0	0	0	0	0	0	0	0	0	0	12	0	0	0	0	0	0	0	0	0	3	0	0	0	0	5	0	0	0	0	6	0	0	0	0	34	0	0	0	296	0
FFQ	50	0	0	0	0	0	0	0	0	0	0	0	0	6	0	0	0	0	0	0	0	0	0	3	0	0	0	0	4	0	0	0	0	13	0	0	0	0	32	0	0	0	298	0
FFQ	51	0	0	0	0	0	0	0	0	0	0	0	0	5	0	0	0	0	0	0	0	0	0	2	0	0	0	0	8	0	0	0	0	5	0	0	0	0	30	0	0	0	306	0
FFQ	52	0	0	0	0	0	0	0	0	0	0	0	0	4	0	0	0	0	0	0	0	0	0	3	0	0	0	0	4	0	0	0	0	12	0	0	0	0	40	0	0	0	293	0
FFQ	53	0	0	0	0	0	0	0	0	0	0	0	0	3	0	0	0	0	0	0	0	0	0	5	0	0	0	0	9	0	0	0	0	7	0	0	0	0	35	0	0	0	297	0
FFQ	54	0	0	0	0	0	0	0	0	0	0	0	0	10	0	0	0	0	0	0	0	0	0	2	0	0	0	0	5	0	0	0	0	10	0	0	0	0	26	0	0	0	303	0
FFQ	55	0	0	0	0	0	0	0	0	0	0	0	0	6	0	0	0	0	0	0	0	0	0	2	0	0	0	0	12	0	0	0	0	7	0	0	0	0	36	0	0	0	293	0
FFQ	56	0	0	0	0	0	0	0	0	0	0	0	0	4	0	0	0	0	0	0	0	0	0	4	0	0	0	0	7	0	0	0	0	4	0	0	0	0	39	0	0	0	298	0
FFQ	57	0	0	0	0	0	0	0	0	0	0	0	0	3	0	0	0	0	0	0	0	0	0	5	0	0	0	0	7	0	0	0	0	9	0	0	0	0	26	0	0	0	306	0
FFQ	58	0	0	0	0	0	0	0	0	0	0	0	0	7	0	0	0	0	0	0	0	0	0	4	0	0	0	0	4	0	0	0	0	6	0	0	0	0	21	0	0	0	314	0
FFQ	59	0	0	0	0	0	0	0	0	0	0	0	0	4	0	0	0	0	0	0	0	0	0	3	0	0	0	0	8	0	0	0	0	4	0	0	0	0	35	0	0	0	302	0
FFQ	60	0	0	0	0	0	0	0	0	0	0	0	0	6	0	0	0	0	0	0	0	0	0	1	0	0	0	0	10	0	0	0	0	8	0	0	0	0	20	0	0	0	311	0
FFQ	61	0	0	0	0	0	0	0	0	0	0	0	0	2	0	0	0	0	0	0	0	0	0	1	0	0	0	0	5	0	0	0	0	5	0	0	0	0	35	0	0	0	308	0
FFQ	62	0	0	0	0	0	0	0	0	0	0	0	0	3	0	0	0	0	0	0	0	0	0	2	0	0	0	0	3	0	0	0	0	7	0	0	0	0	33	0	0	0	308	0
FFQ	63	0	0	0	0	0	0	0	0	0	0	0	0	5	0	0	0	0	0	0	0	0	0	1	0	0	0	0	6	0	0	0	0	10	0	0	0	0	34	0	0	0	300	0
FFQ	64	0	0	0	0	0	0	0	0	0	0	0	0	3	0	0	0	0	0	0	0	0	0	1	0	0	0	0	3	0	0	0	0	8	0	0	0	0	38	0	0	0	303	0
FFQ	65	0	0	0	0	0	0	0	0	0	0	0	0	6	0	0	0	0	0	0	0	0	0	3	0	0	0	0	5	0	0	0	0	6	0	0	0	0	24	0	0	0	312	0
FFQ	66	0	0	0	0	0	0	0	0	0	0	0	0	8	0	0	0	0	0	0	0	0	0	3	0	0	0	0	6	0	0	0	0	7	0	0	0	0	23	0	0	0	309	0
FFQ	67	0	0	0	0	0	0	0	0	0	0	0	0	5	0	0	0	0	0	0	0	0	0	2	0	0	0	0	4	0	0	0	0	9	0	0	0	0	30	0	0	0	306	0
FFQ	68	0	0	0	0	0	0	0	0	0	0	0	0	2	0	0	0	0	0	0	0	0	0	3	0	0	0	0	5	0	0	0	0	15	0	0	0	0	24	0	0	0	307	0
FFQ	69	0	0	0	0	0	0	0	0	0	0	0	0	10	0	0	0	0	0	0	0	0	0	4	0	0	0	0	5	0	0	0	0	15	0	0	0	0	24	0	0	0	298	0
FFQ	70	0	0	0	0	0	0	0	0	0	0	0	0	6	0	0	0	0	0	0	0	0	0	6	0	0	0	0	6	0	0	0	0	7	0	0	0	0	38	0	0	0	293	0
FFQ	71	0	0	0	0	0	0	0	0	0	0	0	0	8	0	0	0	0	0	0	0	0	0	4	0	0	0	0	7	0	0	0	0	7	0	0	0	0	23	0	0	0	307	0
FFQ	72	0	0	0	0	0	0	0	0	0	0	0	0	7	0	0	0	0	0	0	0	0	0	3	0	0	0	0	6	0	0	0	0	10	0	0	0	0	26	0	0	0	304	0
FFQ	73	0	0	0	0	0	0	0	0	0	0	0	0	5	0	0	0	0	0	0	0	0	0	4	0	0	0	0	7	0	0	0	0	8	0	0	0	0	22	0	0	0	310	0
FFQ	74	0	0	0	0	0	0	0	0	0	0	0	0	5	0	0	0	0	0	0	0	0	0	2	0	0	0	0	7	0	0	0	0	12	0	0	0	0	27	0	0	0	303	0
FFQ	75	0	0	0	0	0	0	0	0	0	0	0	0	4	0	0	0	0	0	0	0	0	0	4	0	0	0	0	7	0	0	0	0	9	0	0	0	0	17	0	0	0	315	0
FFQ	76	0	0	0	0	0	0	0	0	0	0	0	0	5	0	0	0	0	0	0	0	0	0	1	0	0	0	0	6	0	0	0	0	10	0	0	0	0	41	0	0	0	293	0
FFQ	77	0	0	0	0	0	0	0	0	0	0	0	0	6	0	0	0	0	0	0	0	0	0	6	0	0	0	0	10	0	0	0	0	23	0	0	0	0	50	0	0	0	261	0
FFQ	78	0	0	0	0	0	0	0	0	0	0	0	0	5	0	0	0	0	0	0	0	0	0	5	0	0	0	0	10	0	0	0	0	9	0	0	0	0	28	0	0	0	299	0
FFQ	79	0	0	0	0	0	0	0	0	0	0	0	0	5	0	0	0	0	0	0	0	0	0	3	0	0	0	0	6	0	0	0	0	13	0	0	0	0	36	0	0	0	293	0
FFQ	80	0	0	0	0	0	0	0	0	0	0	0	0	4	0	0	0	0	0	0	0	0	0	3	0	0	0	0	8	0	0	0	0	9	0	0	0	0	30	0	0	0	302	0
FFQ	81	0	0	0	0	0	0	0	0	0	0	0	0	2	0	0	0	0	0	0	0	0	0	5	0	0	0	0	10	0	0	0	0	8	0	0	0	0	28	0	0	0	303	0
FFQ	82	0	0	0	0	0	0	0	0	0	0	0	0	6	0	0	0	0	0	0	0	0	0	1	0	0	0	0	4	0	0	0	0	8	0	0	0	0	26	0	0	0	311	0
FFQ	83	0	0	0	0	0	0	0	0	0	0	0	0	9	0	0	0	0	0	0	0	0	0	3	0	0	0	0	5	0	0	0	0	9	0	0	0	0	28	0	0	0	302	0
FFQ	84	0	0	0	0	0	0	0	0	0	0	0	0	9	0	0	0	0	0	0	0	0	0	3	0	0	0	0	7	0	0	0	0	13	0	0	0	0	16	0	0	0	308	0
FFQ	85	0	0	0	0	0	0	0	0	0	0	0	0	6	0	0	0	0	0	0	0	0	0	2	0	0	0	0	10	0	0	0	0	7	0	0	0	0	33	0	0	0	298	0
FFQ	86	0	0	0	0	0	0	0	0	0	0	0	0	12	0	0	0	0	0	0	0	0	0	3	0	0	0	0	7	0	0	0	0	14	0	0	0	0	29	0	0	0	291	0
FFQ	87	0	0	0	0	0	0	0	0	0	0	0	0	4	0	0	0	0	0	0	0	0	0	9	0	0	0	0	4	0	0	0	0	14	0	0	0	0	28	0	0	0	297	0
FFQ	88	0	0	0	0	0	0	0	0	0	0	0	0	4	0	0	0	0	0	0	0	0	0	5	0	0	0	0	8	0	0	0	0	13	0	0	0	0	31	0	0	0	295	0
FFQ	89	0	0	0	0	0	0	0	0	0	0	0	0	3	0	0	0	0	0	0	0	0	0	7	0	0	0	0	1	0	0	0	0	15	0	0	0	0	25	0	0	0	305	0
FFQ	90	0	0	0	0	0	0	0	0	0	0	0	0	9	0	0	0	0	0	0	0	0	0	2	0	0	0	0	3	0	0	0	0	11	0	0	0	0	34	0	0	0	297	0
FFQ	91	0	0	0	0	0	0	0	0	0	0	0	0	12	0	0	0	0	0	0	0	0	0	4	0	0	0	0	4	0	0	0	0	10	0	0	0	0	27	0	0	0	299	0
FFQ	92	0	0	0	0	0	0	0	0	0	0	0	0	4	0	0	0	0	0	0	0	0	0	7	0	0	0	0	10	0	0	0	0	7	0	0	0	0	25	0	0	0	303	0
FFQ	93	0	0	0	0	0	0	0	0	0	0	0	0	7	0	0	0	0	0	0	0	0	0	5	0	0	0	0	4	0	0	0	0	14	0	0	0	0	26	0	0	0	300	0
FFQ	94	0	0	0	0	0	0	0	0	0	0	0	0	4	0	0	0	0	0	0	0	0	0	5	0	0	0	0	7	0	0	0	0	8	0	0	0	0	40	0	0	0	292	0
FFQ	95	0	0	0	0	0	0	0	0	0	0	0	0	7	0	0	0	0	0	0	0	0	0	5	0	0	0	0	6	0	0	0	0	9	0	0	0	0	32	0	0	0	297	0
FFQ	96	0	0	0	0	0	0	0	0	0	0	0	0	11	0	0	0	0	0	0	0	0	0	2	0	0	0	0	14	0	0	0	0	11	0	0	0	0	21	0	0	0	297	0
FFQ	97	0	0	0	0	0	0	0	0	0	0	0	0	7	0	0	0	0	0	0	0	0	0	6	0	0	0	0	10	0	0	0	0	11	0	0	0	0	24	0	0	0	298	0
FFQ	98	0	0	0	0	0	0	0	0	0	0	0	0	10	0	0	0	0	0	0	0	0	0	3	0	0	0	0	6	0	0	0	0	12	0	0	0	0	33	0	0	0	292	0
FFQ	99	0	0	0	0	0	0	0	0	0	0	0	0	5	0	0	0	0	0	0	0	0	0	8	0	0	0	0	11	0	0	0	0	20	0	0	0	0	22	0	0	0	290	0
FFQ	100	0	0	0	0	0	0	0	0	0	0	0	0	9	0	0	0	0	0	0	0	0	0	4	0	0	0	0	6	0	0	0	0	10	0	0	0	0	35	0	0	0	292	0
FFQ	101	0	0	0	0	0	0	0	0	0	0	0	0	8	0	0	0	0	0	0	0	0	0	2	0	0	0	0	7	0	0	0	0	15	0	0	0	0	36	0	0	0	288	0
FFQ	102	0	0	0	0	0	0	0	0	0	0	0	0	9	0	0	0	0	0	0	0	0	0	7	0	0	0	0	5	0	0	0	0	17	0	0	0	0	31	0	0	0	287	0
FFQ	103	0	0	0	0	0	0	0	0	0	0	0	0	6	0	0	0	0	0	0	0	0	0	5	0	0	0	0	7	0	0	0	0	11	0	0	0	0	40	0	0	0	287	0
FFQ	104	0	0	0	0	0	0	0	0	0	0	0	0	11	0	0	0	0	0	0	0	0	0	3	0	0	0	0	8	0	0	0	0	13	0	0	0	0	41	0	0	0	280	0
FFQ	105	0	0	0	0	0	0	0	0	0	0	0	0	9	0	0	0	0	0	0	0	0	0	6	0	0	0	0	9	0	0	0	0	11	0	0	0	0	46	0	0	0	275	0
FFQ	106	0	0	0	0	0	0	0	0	0	0	0	0	7	0	0	0	0	0	0	0	0	0	7	0	0	0	0	5	0	0	0	0	15	0	0	0	0	34	0	0	0	288	0
FFQ	107	0	0	0	0	0	0	0	0	0	0	0	0	6	0	0	0	0	0	0	0	0	0	10	0	0	0	0	10	0	0	0	0	18	0	0	0	0	28	0	0	0	284	0
FFQ	108	0	0	0	0	0	0	0	0	0	0	0	0	8	0	0	0	0	0	0	0	0	0	10	0	0	0	0	6	0	0	0	0	17	0	0	0	0	34	0	0	0	281	0
FFQ	109	0	0	0	0	0	0	0	0	0	0	0	0	4	0	0	0	0	0	0	0	0	0	7	0	0	0	0	4	0	0	0	0	14	0	0	0	0	41	0	0	0	286	0
FFQ	110	0	0	0	0	0	0	0	0	0	0	0	0	9	0	0	0	0	0	0	0	0	0	6	0	0	0	0	3	0	0	0	0	16	0	0	0	0	25	0	0	0	297	0
FFQ	111	0	0	0	0	0	0	0	0	0	0	0	0	6	0	0	0	0	0	0	0	0	0	5	0	0	0	0	5	0	0	0	0	16	0	0	0	0	37	0	0	0	286	0
FFQ	112	0	0	0	0	0	0	0	0	0	0	0	0	4	0	0	0	0	0	0	0	0	0	11	0	0	0	0	7	0	0	0	0	10	0	0	0	0	41	0	0	0	282	0
FFQ	113	0	0	0	0	0	0	0	0	0	0	0	0	8	0	0	0	0	0	0	0	0	0	5	0	0	0	0	5	0	0	0	0	14	0	0	0	0	31	0	0	0	292	0
FFQ	114	0	0	0	0	0	0	0	0	0	0	0	0	13	0	0	0	0	0	0	0	0	0	6	0	0	0	0	5	0	0	0	0	5	0	0	0	0	41	0	0	0	285	0
FFQ	115	0	0	0	0	0	0	0	0	0	0	0	0	12	0	0	0	0	0	0	0	0	0	8	0	0	0	0	8	0	0	0	0	13	0	0	0	0	31	0	0	0	283	0
FFQ	116	0	0	0	0	0	0	0	0	0	0	0	0	6	0	0	0	0	0	0	0	0	0	5	0	0	0	0	7	0	0	0	0	13	0	0	0	0	47	0	0	0	277	0
FFQ	117	0	0	0	0	0	0	0	0	0	0	0	0	4	0	0	0	0	0	0	0	0	0	6	0	0	0	0	3	0	0	0	0	13	0	0	0	0	43	0	0	0	286	0
FFQ	118	0	0	0	0	0	0	0	0	0	0	0	0	8	0	0	0	0	0	0	0	0	0	3	0	0	0	0	3	0	0	0	0	10	0	0	0	0	27	0	0	0	304	0
FFQ	119	0	0	0	0	0	0	0	0	0	0	0	0	16	0	0	0	0	0	0	0	0	0	7	0	0	0	0	4	0	0	0	0	8	0	0	0	0	34	0	0	0	286	0
FFQ	120	0	0	0	0	0	0	0	0	0	0	0	0	9	0	0	0	0	0	0	0	0	0	6	0	0	0	0	7	0	0	0	0	10	0	0	0	0	34	0	0	0	289	0
FFQ	121	0	0	0	0	0	0	0	0	0	0	0	0	7	0	0	0	0	0	0	0	0	0	5	0	0	0	0	6	0	0	0	0	20	0	0	0	0	35	0	0	0	282	0
FFQ	122	0	0	0	0	0	0	0	0	0	0	0	0	8	0	0	0	0	0	0	0	0	0	11	0	0	0	0	6	0	0	0	0	15	0	0	0	0	35	0	0	0	280	0
FFQ	123	0	0	0	0	0	0	0	0	0	0	0	0	6	0	0	0	0	0	0	0	0	0	9	0	0	0	0	5	0	0	0	0	23	0	0	0	0	26	0	0	0	286	0
FFQ	124	0	0	0	0	0	0	0	0	0	0	0	0	6	0	0	0	0	0	0	0	0	0	0	0	0	0	0	11	0	0	0	0	18	0	0	0	0	34	0	0	0	286	0
FFQ	125	0	0	0	0	0	0	0	0	0	0	0	0	5	0	0	0	0	0	0	0	0	0	1	0	0	0	0	7	0	0	0	0	15	0	0	0	0	41	0	0	0	286	0
FFQ	126	0	0	0	0	0	0	0	0	0	0	0	0	5	0	0	0	0	0	0	0	0	0	2	0	0	0	0	4	0	0	0	0	15	0	0	0	0	36	0	0	0	293	0
FFQ	127	0	0	0	0	0	0	0	0	0	0	0	0	6	0	0	0	0	0	0	0	0	0	9	0	0	0	0	8	0	0	0	0	15	0	0	0	0	33	0	0	0	284	0
FFQ	128	0	0	0	0	0	0	0	0	0	0	0	0	4	0	0	0	0	0	0	0	0	0	9	0	0	0	0	7	0	0	0	0	20	0	0	0	0	32	0	0	0	283	0
FFQ	129	0	0	0	0	0	0	0	0	0	0	0	0	8	0	0	0	0	0	0	0	0	0	11	0	0	0	0	8	0	0	0	0	15	0	0	0	0	35	0	0	0	278	0
FFQ	130	0	0	0	0	0	0	0	0	0	0	0	0	7	0	0	0	0	0	0	0	0	0	9	0	0	0	0	8	0	0	0	0	14	0	0	0	0	38	0	0	0	279	0
FFQ	131	0	0	0	0	0	0	0	0	0	0	0	0	14	0	0	0	0	0	0	0	0	0	4	0	0	0	0	6	0	0	0	0	18	0	0	0	0	49	0	0	0	264	0
FFQ	132	0	0	0	0	0	0	0	0	0	0	0	0	8	0	0	0	0	0	0	0	0	0	10	0	0	0	0	6	0	0	0	0	19	0	0	0	0	39	0	0	0	273	0
FFQ	133	0	0	0	0	0	0	0	0	0	0	0	0	14	0	0	0	0	0	0	0	0	0	6	0	0	0	0	7	0	0	0	0	18	0	0	0	0	41	0	0	0	269	0
FFQ	134	0	0	0	0	0	0	0	0	0	0	0	0	12	0	0	0	0	0	0	0	0	0	5	0	0	0	0	4	0	0	0	0	19	0	0	0	0	35	0	0	0	280	0
FFQ	135	0	0	0	0	0	0	0	0	0	0	0	0	7	0	0	0	0	0	0	0	0	0	4	0	0	0	0	8	0	0	0	0	23	0	0	0	0	38	0	0	0	275	0
FFQ	136	0	0	0	0	0	0	0	0	0	0	0	0	9	0	0	0	0	0	0	0	0	0	8	0	0	0	0	10	0	0	0	0	15	0	0	0	0	53	0	0	0	260	0
FFQ	137	0	0	0	0	0	0	0	0	0	0	0	0	9	0	0	0	0	0	0	0	0	0	4	0	0	0	0	4	0	0	0	0	22	0	0	0	0	60	0	0	0	256	0
FFQ	138	0	0	0	0	0	0	0	0	0	0	0	0	8	0	0	0	0	0	0	0	0	0	7	0	0	0	0	10	0	0	0	0	16	0	0	0	0	53	0	0	0	261	0
FFQ	139	0	0	0	0	0	0	0	0	0	0	0	0	10	0	0	0	0	0	0	0	0	0	3	0	0	0	0	5	0	0	0	0	18	0	0	0	0	59	0	0	0	260	0
FFQ	140	0	0	0	0	0	0	0	0	0	0	0	0	10	0	0	0	0	0	0	0	0	0	6	0	0	0	0	6	0	0	0	0	9	0	0	0	0	51	0	0	0	273	0
FFQ	141	0	0	0	0	0	0	0	0	0	0	0	0	10	0	0	0	0	0	0	0	0	0	5	0	0	0	0	16	0	0	0	0	24	0	0	0	0	49	0	0	0	251	0
FFQ	142	0	0	0	0	0	0	0	0	0	0	0	0	9	0	0	0	0	0	0	0	0	0	3	0	0	0	0	10	0	0	0	0	17	0	0	0	0	49	0	0	0	267	0
FFQ	143	0	0	0	0	0	0	0	0	0	0	0	0	13	0	0	0	0	0	0	0	0	0	9	0	0	0	0	8	0	0	0	0	14	0	0	0	0	50	0	0	0	261	0
FFQ	144	0	0	0	0	0	0	0	0	0	0	0	0	16	0	0	0	0	0	0	0	0	0	6	0	0	0	0	6	0	0	0	0	17	0	0	0	0	47	0	0	0	263	0
FFQ	145	0	0	0	0	0	0	0	0	0	0	0	0	10	0	0	0	0	0	0	0	0	0	13	0	0	0	0	11	0	0	0	0	19	0	0	0	0	46	0	0	0	256	0
FFQ	146	0	0	0	0	0	0	0	0	0	0	0	0	18	0	0	0	0	0	0	0	0	0	5	0	0	0	0	12	0	0	0	0	10	0	0	0	0	55	0	0	0	255	0
FFQ	147	0	0	0	0	0	0	0	0	0	0	0	0	12	0	0	0	0	0	0	0	0	0	8	0	0	0	0	15	0	0	0	0	22	0	0	0	0	58	0	0	0	239	0
FFQ	148	0	0	0	0	0	0	0	0	0	0	0	0	13	0	0	0	0	0	0	0	0	0	12	0	0	0	0	12	0	0	0	0	12	0	0	0	0	63	0	0	0	241	0
FFQ	149	0	0	0	0	0	0	0	0	0	0	0	0	12	0	0	0	0	0	0	0	0	0	10	0	0	0	0	11	0	0	0	0	11	0	0	0	0	59	0	0	0	241	0
FFQ	150	0	0	0	0	0	0	0	0	0	0	0	0	8	0	0	0	0	0	0	0	0	0	7	0	0	0	0	8	0	0	0	0	19	0	0	0	0	56	0	0	0	244	0
FFQ	151	0	0	0	0	0	0	0	0	0	0	0	0	0	0	0	0	0	0	0	0	0	0	13	0	0	0	0	20	0	0	0	0	36	0	0	0	0	65	0	0	0	194	0
# Last Fragment Qualities. Use `grep ^LFQ | cut -f 2-` to extract this part.
# Columns correspond to qualities and rows to cycles. First column is the cycle number.
LFQ	1	0	0	5	0	0	0	0	0	0	0	0	0	12	0	0	0	0	0	0	0	0	0	0	0	0	0	0	15	0	0	0	0	315	0	0	0	0	0	0	0	0	0	0
LFQ	2	0	0	0	0	0	0	0	0	0	0	0	0	13	0	0	0	0	0	0	0	0	0	0	0	0	0	0	17	0	0	0	0	317	0	0	0	0	0	0	0	0	0	0
LFQ	3	0	0	0	0	0	0	0	0	0	0	0	0	13	0	0	0	0	0	0	0	0	0	0	0	0	0	0	14	0	0	0	0	100	0	0	0	0	220	0	0	0	0	0
LFQ	4	0	0	0	0	0	0	0	0	0	0	0	0	6	0	0	0	0	0	0	0	0	0	0	0	0	0	0	9	0	0	0	0	37	0	0	0	0	295	0	0	0	0	0
LFQ	5	0	0	0	0	0	0	0	0	0	0	0	0	9	0	0	0	0	0	0	0	0	0	3	0	0	0	0	5	0	0	0	0	29	0	0	0	0	301	0	0	0	0	0
LFQ	6	0	0	0	0	0	0	0	0	0	0	0	0	11	0	0	0	0	0	0	0	0	0	1	0	0	0	0	7	0	0	0	0	13	0	0	0	0	34	0	0	0	281	0
LFQ	7	0	0	0	0	0	0	0	0	0	0	0	0	7	0	0	0	0	0	0	0	0	0	3	0	0	0	0	6	0	0	0	0	14	0	0	0	0	44	0	0	0	273	0
LFQ	8	0	0	0	0	0	0	0	0	0	0	0	0	11	0	0	0	0	0	0	0	0	0	3	0	0	0	0	3	0	0	0	0	15	0	0	0	0	37	0	0	0	278	0
LFQ	9	0	0	0	0	0	0	0	0	0	0	0	0	5	0	0	0	0	0	0	0	0	0	7	0	0	0	0	6	0	0	0	0	9	0	0	0	0	49	0	0	0	271	0
LFQ	10	0	0	0	0	0	0	0	0	0	0	0	0	7	0	0	0	0	0	0	0	0	0	3	0	0	0	0	6	0	0	0	0	10	0	0	0	0	30	0	0	0	291	0
LFQ	11	0	0	0	0	0	0	0	0	0	0	0	0	12	0	0	0	0	0	0	0	0	0	6	0	0	0	0	0	0	0	0	0	6	0	0	0	0	34	0	0	0	289	0
LFQ	12	0	0	0	0	0	0	0	0	0	0	0	0	3	0	0	0	0	0	0	0	0	0	4	0	0	0	0	7	0	0	0	0	13	0	0	0	0	35	0	0	0	285	0
LFQ	13	0	0	0	0	0	0	0	0	0	0	0	0	8	0	0	0	0	0	0	0	0	0	0	0	0	0	0	6	0	0	0	0	9	0	0	0	0	34	0	0	0	290	0
LFQ	14	0	0	0	0	0	0	0	0	0	0	0	0	6	0	0	0	0	0	0	0	0	0	6	0	0	0	0	4	0	0	0	0	7	0	0	0	0	29	0	0	0	295	0
LFQ	15	0	0	0	0	0	0	0	0	0	0	0	0	8	0	0	0	0	0	0	0	0	0	3	0	0	0	0	4	0	0	0	0	14	0	0	0	0	37	0	0	0	281	0
LFQ	16	0	0	0	0	0	0	0	0	0	0	0	0	4	0	0	0	0	0	0	0	0	0	4	0	0	0	0	8	0	0	0	0	16	0	0	0	0	37	0	0	0	278	0
LFQ	17	0	0	0	0	0	0	0	0	0	0	0	0	9	0	0	0	0	0	0	0	0	0	2	0	0	0	0	11	0	0	0	0	10	0	0	0	0	33	0	0	0	282	0
LFQ	18	0	0	0	0	0	0	0	0	0	0	0	0	11	0	0	0	0	0	0	0	0	0	6	0	0	0	0	7	0	0	0	0	12	0	0	0	0	39	0	0	0	272	0
LFQ	19	0	0	0	0	0	0	0	0	0	0	0	0	10	0	0	0	0	0	0	0	0	0	1	0	0	0	0	7	0	0	0	0	7	0	0	0	0	34	0	0	0	288	0
LFQ	20	0	0	0	0	0	0	0	0	0	0	0	0	6	0	0	0	0	0	0	0	0	0	6	0	0	0	0	6	0	0	0	0	9	0	0	0	0	36	0	0	0	284	0
LFQ	21	0	0	0	0	0	0	0	0	0	0	0	0	12	0	0	0	0	0	0	0	0	0	3	0	0	0	0	11	0	0	0	0	5	0	0	0	0	29	0	0	0	287	0
LFQ	22	0	0	0	0	0	0	0	0	0	0	0	0	8	0	0	0	0	0	0	0	0	0	6	0	0	0	0	7	0	0	0	0	7	0	0	0	0	40	0	0	0	279	0
LFQ	23	0	0	0	0	0	0	0	0	0	0	0	0	9	0	0	0	0	0	0	0	0	0	5	0	0	0	0	6	0	0	0	0	8	0	0	0	0	36	0	0	0	283	0
LFQ	24	0	0	0	0	0	0	0	0	0	0	0	0	10	0	0	0	0	0	0	0	0	0	5	0	0	0	0	9	0	0	0	0	3	0	0	0	0	24	0	0	0	296	0
LFQ	25	0	0	0	0	0	0	0	0	0	0	0	0	13	0	0	0	0	0	0	0	0	0	4	0	0	0	0	8	0	0	0	0	6	0	0	0	0	35	0	0	0	281	0
LFQ	26	0	0	0	0	0	0	0	0	0	0	0	0	13	0	0	0	0	0	0	0	0	0	6	0	0	0	0	6	0	0	0	0	8	0	0	0	0	30	0	0	0	284	0
LFQ	27	0	0	1	0	0	0	0	0	0	0	0	0	11	0	0	0	0	0	0	0	0	0	6	0	0	0	0	10	0	0	0	0	8	0	0	0	0	40	0	0	0	271	0
LFQ	28	0	0	0	0	0	0	0	0	0	0	0	0	11	0	0	0	0	0	0	0	0	0	6	0	0	0	0	10	0	0	0	0	12	0	0	0	0	32	0	0	0	276	0
LFQ	29	0	0	0	0	0	0	0	0	0	0	0	0	7	0	0	0	0	0	0	0	0	0	3	0	0	0	0	9	0	0	0	0	7	0	0	0	0	45	0	0	0	276	0
LFQ	30	0	0	0	0	0	0	0	0	0	0	0	0	6	0	0	0	0	0	0	0	0	0	7	0	0	0	0	6	0	0	0	0	16	0	0	0	0	40	0	0	0	272	0
LFQ	31	0	0	0	0	0	0	0	0	0	0	0	0	12	0	0	0	0	0	0	0	0	0	6	0	0	0	0	10	0	0	0	0	9	0	0	0	0	33	0	0	0	277	0
LFQ	32	0	0	0	0	0	0	0	0	0	0	0	0	7	0	0	0	0	0	0	0	0	0	4	0	0	0	0	8	0	0	0	0	9	0	0	0	0	42	0	0	0	277	0
LFQ	33	0	0	0	0	0	0	0	0	0	0	0	0	12	0	0	0	0	0	0	0	0	0	5	0	0	0	0	10	0	0	0	0	6	0	0	0	0	41	0	0	0	273	0
LFQ	34	0	0	0	0	0	0	0	0	0	0	0	0	10	0	0	0	0	0	0	0	0	0	3	0	0	0	0	4	0	0	0	0	12	0	0	0	0	32	0	0	0	286	0
LFQ	35	0	0	0	0	0	0	0	0	0	0	0	0	9	0	0	0	0	0	0	0	0	0	2	0	0	0	0	6	0	0	0	0	10	0	0	0	0	39	0	0	0	281	0
LFQ	36	0	0	0	0	0	0	0	0	0	0	0	0	11	0	0	0	0	0	0	0	0	0	4	0	0	0	0	10	0	0	0	0	5	0	0	0	0	35	0	0	0	282	0
LFQ	37	0	0	0	0	0	0	0	0	0	0	0	0	8	0	0	0	0	0	0	0	0	0	7	0	0	0	0	9	0	0	0	0	14	0	0	0	0	42	0	0	0	267	0
LFQ	38	0	0	0	0	0	0	0	0	0	0	0	0	8	0	0	0	0	0	0	0	0	0	7	0	0	0	0	14	0	0	0	0	14	0	0	0	0	43	0	0	0	261	0
LFQ	39	0	0	0	0	0	0	0	0	0	0	0	0	5	0	0	0	0	0	0	0	0	0	7	0	0	0	0	14	0	0	0	0	10	0	0	0	0	37	0	0	0	274	0
LFQ	40	0	0	0	0	0	0	0	0	0	0	0	0	11	0	0	0	0	0	0	0	0	0	2	0	0	0	0	10	0	0	0	0	14	0	0	0	0	43	0	0	0	267	0
LFQ	41	0	0	0	0	0	0	0	0	0	0	0	0	12	0	0	0	0	0	0	0	0	0	2	0	0	0	0	3	0	0	0	0	6	0	0	0	0	50	0	0	0	274	0
LFQ	42	0	0	0	0	0	0	0	0	0	0	0	0	10	0	0	0	0	0	0	0	0	0	2	0	0	0	0	9	0	0	0	0	12	0	0	0	0	40	0	0	0	274	0
LFQ	43	0	0	0	0	0	0	0	0	0	0	0	0	6	0	0	0	0	0	0	0	0	0	5	0	0	0	0	10	0	0	0	0	13	0	0	0	0	35	0	0	0	278	0
LFQ	44	0	0	0	0	0	0	0	0	0	0	0	0	11	0	0	0	0	0	0	0	0	0	4	0	0	0	0	6	0	0	0	0	9	0	0	0	0	39	0	0	0	278	0
LFQ	45	0	0	0	0	0	0	0	0	0	0	0	0	13	0	0	0	0	0	0	0	0	0	4	0	0	0	0	6	0	0	0	0	15	0	0	0	0	31	0	0	0	278	0
LFQ	46	0	0	0	0	0	0	0	0	0	0	0	0	12	0	0	0	0	0	0	0	0	0	6	0	0	0	0	6	0	0	0	0	7	0	0	0	0	41	0	0	0	275	0
LFQ	47	0	0	0	0	0	0	0	0	0	0	0	0	11	0	0	0	0	0	0	0	0	0	6	0	0	0	0	7	0	0	0	0	9	0	0	0	0	40	0	0	0	274	0
LFQ	48	0	0	0	0	0	0	0	0	0	0	0	0	10	0	0	0	0	0	0	0	0	0	6	0	0	0	0	11	0	0	0	0	7	0	0	0	0	47	0	0	0	266	0
LFQ	49	0	0	0	0	0	0	0	0	0	0	0	0	9	0	0	0	0	0	0	0	0	0	3	0	0	0	0	13	0	0	0	0	10	0	0	0	0	40	0	0	0	272	0
LFQ	50	0	0	0	0	0	0	0	0	0	0	0	0	8	0	0	0	0	0	0	0	0	0	5	0	0	0	0	12	0	0	0	0	12	0	0	0	0	40	0	0	0	270	0
LFQ	51	0	0	0	0	0	0	0	0	0	0	0	0	8	0	0	0	0	0	0	0	0	0	8	0	0	0	0	8	0	0	0	0	8	0	0	0	0	45	0	0	0	270	0
LFQ	52	0	0	0	0	0	0	0	0	0	0	0	0	6	0	0	0	0	0	0	0	0	0	5	0	0	0	0	13	0	0	0	0	13	0	0	0	0	40	0	0	0	270	0
LFQ	53	0	0	0	0	0	0	0	0	0	0	0	0	14	0	0	0	0	0	0	0	0	0	4	0	0	0	0	5	0	0	0	0	8	0	0	0	0	42	0	0	0	274	0
LFQ	54	0	0	0	0	0	0	0	0	0	0	0	0	8	0	0	0	0	0	0	0	0	0	6	0	0	0	0	11	0	0	0	0	8	0	0	0	0	35	0	0	0	279	0
LFQ	55	0	0	0	0	0	0	0	0	0	0	0	0	8	0	0	0	0	0	0	0	0	0	4	0	0	0	0	11	0	0	0	0	15	0	0	0	0	45	0	0	0	264	0
LFQ	56	0	0	0	0	0	0	0	0	0	0	0	0	15	0	0	0	0	0	0	0	0	0	3	0	0	0	0	8	0	0	0	0	18	0	0	0	0	39	0	0	0	264	0
LFQ	57	0	0	0	0	0	0	0	0	0	0	0	0	11	0	0	0	0	0	0	0	0	0	7	0	0	0	0	11	0	0	0	0	18	0	0	0	0	34	0	0	0	266	0
LFQ	58	0	0	0	0	0	0	0	0	0	0	0	0	14	0	0	0	0	0	0	0	0	0	5	0	0	0	0	9	0	0	0	0	12	0	0	0	0	45	0	0	0	262	0
LFQ	59	0	0	0	0	0	0	0	0	0	0	0	0	7	0	0	0	0	0	0	0	0	0	8	0	0	0	0	12	0	0	0	0	19	0	0	0	0	41	0	0	0	260	0
LFQ	60	0	0	0	0	0	0	0	0	0	0	0	0	5	0	0	0	0	0	0	0	0	0	7	0	0	0	0	11	0	0	0	0	19	0	0	0	0	48	0	0	0	257	0
LFQ	61	0	0	0	0	0	0	0	0	0	0	0	0	11	0	0	0	0	0	0	0	0	0	4	0	0	0	0	10	0	0	0	0	13	0	0	0	0	34	0	0	0	275	0
LFQ	62	0	0	0	0	0	0	0	0	0	0	0	0	14	0	0	0	0	0	0	0	0	0	4	0	0	0	0	10	0	0	0	0	19	0	0	0	0	43	0	0	0	257	0
LFQ	63	0	0	0	0	0	0	0	0	0	0	0	0	7	0	0	0	0	0	0	0	0	0	8	0	0	0	0	12	0	0	0	0	13	0	0	0	0	39	0	0	0	268	0
LFQ	64	0	0	0	0	0	0	0	0	0	0	0	0	6	0	0	0	0	0	0	0	0	0	5	0	0	0	0	11	0	0	0	0	16	0	0	0	0	36	0	0	0	273	0
LFQ	65	0	0	0	0	0	0	0	0	0	0	0	0	7	0	0	0	0	0	0	0	0	0	7	0	0	0	0	12	0	0	0	0	13	0	0	0	0	42	0	0	0	266	0
LFQ	66	0	0	0	0	0	0	0	0	0	0	0	0	5	0	0	0	0	0	0	0	0	0	8	0	0	0	0	11	0	0	0	0	10	0	0	0	0	46	0	0	0	267	0
LFQ	67	0	0	0	0	0	0	0	0	0	0	0	0	5	0	0	0	0	0	0	0	0	0	6	0	0	0	0	7	0	0	0	0	22	0	0	0	0	43	0	0	0	264	0
LFQ	68	0	0	0	0	0	0	0	0	0	0	0	0	9	0	0	0	0	0	0	0	0	0	4	0	0	0	0	8	0	0	0	0	13	0	0	0	0	40	0	0	0	273	0
LFQ	69	0	0	0	0	0	0	0	0	0	0	0	0	8	0	0	0	0	0	0	0	0	0	2	0	0	0	0	10	0	0	0	0	13	0	0	0	0	45	0	0	0	269	0
LFQ	70	0	0	0	0	0	0	0	0	0	0	0	0	10	0	0	0	0	0	0	0	0	0	8	0	0	0	0	7	0	0	0	0	13	0	0	0	0	41	0	0	0	268	0
LFQ	71	0	0	0	0	0	0	0	0	0	0	0	0	10	0	0	0	0	0	0	0	0	0	4	0	0	0	0	7	0	0	0	0	11	0	0	0	0	39	0	0	0	276	0
LFQ	72	0	0	0	0	0	0	0	0	0	0	0	0	10	0	0	0	0	0	0	0	0	0	3	0	0	0	0	7	0	0	0	0	21	0	0	0	0	43	0	0	0	263	0
LFQ	73	0	0	0	0	0	0	0	0	0	0	0	0	15	0	0	0	0	0	0	0	0	0	5	0	0	0	0	9	0	0	0	0	20	0	0	0	0	33	0	0	0	265	0
LFQ	74	0	0	0	0	0	0	0	0	0	0	0	0	2	0	0	0	0	0	0	0	0	0	8	0	0	0	0	11	0	0	0	0	17	0	0	0	0	43	0	0	0	266	0
LFQ	75	0	0	0	0	0	0	0	0	0	0	0	0	9	0	0	0	0	0	0	0	0	0	8	0	0	0	0	9	0	0	0	0	5	0	0	0	0	43	0	0	0	273	0
LFQ	76	0	0	0	0	0	0	0	0	0	0	0	0	9	0	0	0	0	0	0	0	0	0	5	0	0	0	0	7	0	0	0	0	15	0	0	0	0	39	0	0	0	272	0
LFQ	77	0	0	0	0	0	0	0	0	0	0	0	0	4	0	0	0	0	0	0	0	0	0	13	0	0	0	0	12	0	0	0	0	34	0	0	0	0	78	0	0	0	206	0
LFQ	78	0	0	0	0	0	0	0	0	0	0	0	0	4	0	0	0	0	0	0	0	0	0	7	0	0	0	0	7	0	0	0	0	16	0	0	0	0	57	0	0	0	256	0
LFQ	79	0	0	0	0	0	0	0	0	0	0	0	0	6	0	0	0	0	0	0	0	0	0	11	0	0	0	0	5	0	0	0	0	15	0	0	0	0	40	0	0	0	270	0
LFQ	80	0	0	0	0	0	0	0	0	0	0	0	0	9	0	0	0	0	0	0	0	0	0	9	0	0	0	0	7	0	0	0	0	12	0	0	0	0	30	0	0	0	280	0
LFQ	81	0	0	0	0	0	0	0	0	0	0	0	0	6	0	0	0	0	0	0	0	0	0	9	0	0	0	0	8	0	0	0	0	13	0	0	0	0	39	0	0	0	272	0
LFQ	82	0	0	0	0	0	0	0	0	0	0	0	0	7	0	0	0	0	0	0	0	0	0	5	0	0	0	0	11	0	0	0	0	14	0	0	0	0	29	0	0	0	281	0
LFQ	83	0	0	0	0	0	0	0	0	0	0	0	0	8	0	0	0	0	0	0	0	0	0	9	0	0	0	0	3	0	0	0	0	15	0	0	0	0	44	0	0	0	268	0
LFQ	84	0	0	0	0	0	0	0	0	0	0	0	0	10	0	0	0	0	0	0	0	0	0	7	0	0	0	0	5	0	0	0	0	10	0	0	0	0	33	0	0	0	282	0
LFQ	85	0	0	0	0	0	0	0	0	0	0	0	0	7	0	0	0	0	0	0	0	0	0	4	0	0	0	0	7	0	0	0	0	14	0	0	0	0	43	0	0	0	272	0
LFQ	86	0	0	0	0	0	0	0	0	0	0	0	0	11	0	0	0	0	0	0	0	0	0	5	0	0	0	0	11	0	0	0	0	6	0	0	0	0	34	0	0	0	280	0
LFQ	87	0	0	0	0	0	0	0	0	0	0	0	0	10	0	0	0	0	0	0	0	0	0	3	0	0	0	0	6	0	0	0	0	14	0	0	0	0	36	0	0	0	278	0
LFQ	88	0	0	0	0	0	0	0	0	0	0	0	0	7	0	0	0	0	0	0	0	0	0	3	0	0	0	0	7	0	0	0	0	12	0	0	0	0	24	0	0	0	294	0
LFQ	89	0	0	0	0	0	0	0	0	0	0	0	0	7	0	0	0	0	0	0	0	0	0	5	0	0	0	0	7	0	0	0	0	14	0	0	0	0	17	0	0	0	297	0
LFQ	90	0	0	0	0	0	0	0	0	0	0	0	0	6	0	0	0	0	0	0	0	0	0	6	0	0	0	0	10	0	0	0	0	9	0	0	0	0	39	0	0	0	277	0
LFQ	91	0	0	0	0	0	0	0	0	0	0	0	0	14	0	0	0	0	0	0	0	0	0	4	0	0	0	0	9	0	0	0	0	15	0	0	0	0	36	0	0	0	269	0
LFQ	92	0	0	0	0	0	0	0	0	0	0	0	0	7	0	0	0	0	0	0	0	0	0	9	0	0	0	0	8	0	0	0	0	14	0	0	0	0	34	0	0	0	275	0
LFQ	93	0	0	0	0	0	0	0	0	0	0	0	0	6	0	0	0	0	0	0	0	0	0	10	0	0	0	0	4	0	0	0	0	16	0	0	0	0	33	0	0	0	278	0
LFQ	94	0	0	0	0	0	0	0	0	0	0	0	0	4	0	0	0	0	0	0	0	0	0	11	0	0	0	0	3	0	0	0	0	15	0	0	0	0	37	0	0	0	277	0
LFQ	95	0	0	0	0	0	0	0	0	0	0	0	0	7	0	0	0	0	0	0	0	0	0	6	0	0	0	0	1	0	0	0	0	12	0	0	0	0	41	0	0	0	280	0
LFQ	96	0	0	0	0	0	0	0	0	0	0	0	0	4	0	0	0	0	0	0	0	0	0	8	0	0	0	0	7	0	0	0	0	7	0	0	0	0	42	0	0	0	279	0
LFQ	97	0	0	0	0	0	0	0	0	0	0	0	0	4	0	0	0	0	0	0	0	0	0	5	0	0	0	0	6	0	0	0	0	19	0	0	0	0	34	0	0	0	279	0
LFQ	98	0	0	0	0	0	0	0	0	0	0	0	0	8	0	0	0	0	0	0	0	0	0	6	0	0	0	0	4	0	0	0	0	10	0	0	0	0	39	0	0	0	280	0
LFQ	99	0	0	0	0	0	0	0	0	0	0	0	0	7	0	0	0	0	0	0	0	0	0	8	0	0	0	0	6	0	0	0	0	8	0	0	0	0	41	0	0	0	277	0
LFQ	100	0	0	0	0	0	0	0	0	0	0	0	0	3	0	0	0	0	0	0	0	0	0	3	0	0	0	0	6	0	0	0	0	14	0	0	0	0	41	0	0	0	280	0
LFQ	101	0	0	0	0	0	0	0	0	0	0	0	0	8	0	0	0	0	0	0	0	0	0	2	0	0	0	0	7	0	0	0	0	15	0	0	0	0	36	0	0	0	279	0
LFQ	102	0	0	0	0	0	0	0	0	0	0	0	0	14	0	0	0	0	0	0	0	0	0	2	0	0	0	0	5	0	0	0	0	18	0	0	0	0	43	0	0	0	265	0
LFQ	103	0	0	0	0	0	0	0	0	0	0	0	0	7	0	0	0	0	0	0	0	0	0	7	0	0	0	0	11	0	0	0	0	16	0	0	0	0	45	0	0	0	261	0
LFQ	104	0	0	0	0	0	0	0	0	0	0	0	0	6	0	0	0	0	0	0	0	0	0	5	0	0	0	0	6	0	0	0	0	17	0	0	0	0	45	0	0	0	268	0
LFQ	105	0	0	0	0	0	0	0	0	0	0	0	0	11	0	0	0	0	0	0	0	0	0	2	0	0	0	0	7	0	0	0	0	14	0	0	0	0	34	0	0	0	279	0
LFQ	106	0	0	0	0	0	0	0	0	0	0	0	0	5	0	0	0	0	0	0	0	0	0	7	0	0	0	0	2	0	0	0	0	17	0	0	0	0	44	0	0	0	272	0
LFQ	107	0	0	0	0	0	0	0	0	0	0	0	0	5	0	0	0	0	0	0	0	0	0	7	0	0	0	0	3	0	0	0	0	13	0	0	0	0	39	0	0	0	280	0
LFQ	108	0	0	0	0	0	0	0	0	0	0	0	0	8	0	0	0	0	0	0	0	0	0	7	0	0	0	0	8	0	0	0	0	14	0	0	0	0	50	0	0	0	260	0
LFQ	109	0	0	0	0	0	0	0	0	0	0	0	0	8	0	0	0	0	0	0	0	0	0	3	0	0	0	0	11	0	0	0	0	14	0	0	0	0	32	0	0	0	279	0
LFQ	110	0	0	2	0	0	0	0	0	0	0	0	0	6	0	0	0	0	0	0	0	0	0	5	0	0	0	0	10	0	0	0	0	13	0	0	0	0	59	0	0	0	252	0
LFQ	111	0	0	0	0	0	0	0	0	0	0	0	0	13	0	0	0	0	0	0	0	0	0	4	0	0	0	0	12	0	0	0	0	11	0	0	0	0	44	0	0	0	262	0
LFQ	112	0	0	0	0	0	0	0	0	0	0	0	0	15	0	0	0	0	0	0	0	0	0	7	0	0	0	0	11	0	0	0	0	15	0	0	0	0	40	0	0	0	258	0
LFQ	113	0	0	0	0	0	0	0	0	0	0	0	0	8	0	0	0	0	0	0	0	0	0	11	0	0	0	0	11	0	0	0	0	13	0	0	0	0	45	0	0	0	258	0
LFQ	114	0	0	0	0	0	0	0	0	0	0	0	0	14	0	0	0	0	0	0	0	0	0	4	0	0	0	0	9	0	0	0	0	16	0	0	0	0	48	0	0	0	255	0
LFQ	115	0	0	0	0	0	0	0	0	0	0	0	0	9	0	0	0	0	0	0	0	0	0	12	0	0	0	0	7	0	0	0	0	16	0	0	0	0	41	0	0	0	261	0
LFQ	116	0	0	0	0	0	0	0	0	0	0	0	0	11	0	0	0	0	0	0	0	0	0	10	0	0	0	0	6	0	0	0	0	9	0	0	0	0	42	0	0	0	268	0
LFQ	117	0	0	0	0	0	0	0	0	0	0	0	0	12	0	0	0	0	0	0	0	0	0	8	0	0	0	0	8	0	0	0	0	22	0	0	0	0	51	0	0	0	245	0
LFQ	118	0	0	0	0	0	0	0	0	0	0	0	0	12	0	0	0	0	0	0	0	0	0	11	0	0	0	0	13	0	0	0	0	14	0	0	0	0	57	0	0	0	239	0
LFQ	119	0	0	0	0	0	0	0	0	0	0	0	0	16	0	0	0	0	0	0	0	0	0	8	0	0	0	0	15	0	0	0	0	11	0	0	0	0	54	0	0	0	242	0
LFQ	120	0	0	0	0	0	0	0	0	0	0	0	0	9	0	0	0	0	0	0	0	0	0	14	0	0	0	0	9	0	0	0	0	17	0	0	0	0	59	0	0	0	238	0
LFQ	121	0	0	0	0	0	0	0	0	0	0	0	0	17	0	0	0	0	0	0	0	0	0	6	0	0	0	0	10	0	0	0	0	20	0	0	0	0	51	0	0	0	242	0
LFQ	122	0	0	0	0	0	0	0	0	0	0	0	0	14	0	0	0	0	0	0	0	0	0	6	0	0	0	0	14	0	0	0	0	18	0	0	0	0	50	0	0	0	244	0
LFQ	123	0	0	0	0	0	0	0	0	0	0	0	0	15	0	0	0	0	0	0	0	0	0	6	0	0	0	0	7	0	0	0	0	21	0	0	0	0	65	0	0	0	232	0
LFQ	124	0	0	0	0	0	0	0	0	0	0	0	0	13	0	0	0	0	0	0	0	0	0	7	0	0	0	0	8	0	0	0	0	17	0	0	0	0	73	0	0	0	228	0
LFQ	125	0	0	0	0	0	0	0	0	0	0	0	0	14	0	0	0	0	0	0	0	0	0	13	0	0	0	0	8	0	0	0	0	13	0	0	0	0	83	0	0	0	215	0
LFQ	126	0	0	0	0	0	0	0	0	2	0	0	0	17	0	0	0	0	0	0	0	0	0	6	0	0	0	0	10	0	0	0	0	17	0	0	0	0	67	0	0	0	227	0
LFQ	127	0	0	0	0	0	0	0	0	2	0	0	0	16	0	0	0	0	0	0	0	0	0	8	0	0	0	0	11	0	0	0	0	17	0	0	0	0	70	0	0	0	222	0
LFQ	128	0	0	0	0	0	0	0	0	0	0	0	0	13	0	0	0	0	0	0	0	0	0	12	0	0	0	0	12	0	0	0	0	24	0	0	0	0	81	0	0	0	204	0
LFQ	129	0	0	0	0	0	0	0	0	2	0	0	0	22	0	0	0	0	0	0	0	0	0	5	0	0	0	0	10	0	0	0	0	29	0	0	0	0	63	0	0	0	215	0
LFQ	130	0	0	0	0	0	0	0	0	1	0	0	0	12	0	0	0	0	0	0	0	0	0	11	0	0	0	0	15	0	0	0	0	25	0	0	0	0	66	0	0	0	216	0
LFQ	131	0	0	0	0	0	0	0	0	1	0	0	0	19	0	0	0	0	0	0	0	0	0	9	0	0	0	0	10	0	0	0	0	30	0	0	0	0	68	0	0	0	209	0
LFQ	132	0	0	0	0	0	0	0	0	3	0	0	0	13	0	0	0	0	0	0	0	0	0	15	0	0	0	0	10	0	0	0	0	33	0	0	0	0	52	0	0	0	220	0
LFQ	133	0	0	0	0	0	0	0	0	0	0	0	0	17	0	0	0	0	0	0	0	0	0	16	0	0	0	0	9	0	0	0	0	33	0	0	0	0	55	0	0	0	216	0
LFQ	134	0	0	0	0	0	0	0	0	1	0	0	0	20	0	0	0	0	0	0	0	0	0	9	0	0	0	0	16	0	0	0	0	30	0	0	0	0	58	0	0	0	212	0
LFQ	135	0	0	0	0	0	0	0	0	2	0	0	0	18	0	0	0	0	0	0	0	0	0	13	0	0	0	0	10	0	0	0	0	35	0	0	0	0	48	0	0	0	220	0
LFQ	136	0	0	0	0	0	0	0	0	1	0	0	0	21	0	0	0	0	0	0	0	0	0	5	0	0	0	0	8	0	0	0	0	32	0	0	0	0	68	0	0	0	211	0
LFQ	137	0	0	0	0	0	0	0	0	0	0	0	0	14	0	0	0	0	0	0	0	0	0	10	0	0	0	0	14	0	0	0	0	33	0	0	0	0	57	0	0	0	218	0
LFQ	138	0	0	0	0	0	0	0	0	1	0	0	0	18	0	0	0	0	0	0	0	0	0	5	0	0	0	0	13	0	0	0	0	28	0	0	0	0	59	0	0	0	222	0
LFQ	139	0	0	0	0	0	0	0	0	0	0	0	0	15	0	0	0	0	0	0	0	0	0	8	0	0	0	0	9	0	0	0	0	30	0	0	0	0	70	0	0	0	214	0
LFQ	140	0	0	0	0	0	0	0	0	0	0	0	0	16	0	0	0	0	0	0	0	0	0	10	0	0	0	0	16	0	0	0	0	31	0	0	0	0	62	0	0	0	211	0
LFQ	141	0	0	0	0	0	0	0	0	0	0	0	0	21	0	0	0	0	0	0	0	0	0	11	0	0	0	0	15	0	0	0	0	28	0	0	0	0	59	0	0	0	211	0
LFQ	142	0	0	0	0	0	0	0	0	1	0	0	0	11	0	0	0	0	0	0	0	0	0	16	0	0	0	0	24	0	0	0	0	40	0	0	0	0	47	0	0	0	206	0
LFQ	143	0	0	0	0	0	0	0	0	0	0	0	0	18	0	0	0	0	0	0	0	0	0	9	0	0	0	0	23	0	0	0	0	48	0	0	0	0	51	0	0	0	196	0
LFQ	144	0	0	0	0	0	0	0	0	0	0	0	0	23	0	0	0	0	0	0	0	0	0	14	0	0	0	0	21	0	0	0	0	41	0	0	0	0	47	0	0	0	199	0
LFQ	145	0	0	0	0	0	0	0	0	0	0	0	0	13	0	0	0	0	0	0	0	0	0	11	0	0	0	0	21	0	0	0	0	43	0	0	0	0	51	0	0	0	205	0
LFQ	146	0	0	0	0	0	0	0	0	1	0	0	0	20	0	0	0	0	0	0	0	0	0	5	0	0	0	0	24	0	0	0	0	38	0	0	0	0	53	0	0	0	203	0
LFQ	147	0	0	0	0	0	0	0	0	1	0	0	0	23	0	0	0	0	0	0	0	0	0	12	0	0	0	0	13	0	0	0	0	37	0	0	0	0	56	0	0	0	202	0
LFQ	148	0	0	0	0	0	0	0	0	0	0	0	0	20	0	0	0	0	0	0	0	0	0	16	0	0	0	0	20	0	0	0	0	37	0	0	0	0	64	0	0	0	182	0
LFQ	149	0	0	0	0	0	0	0	0	2	0	0	0	13	0	0	0	0	0	0	0	0	0	15	0	0	0	0	24	0	0	0	0	29	0	0	0	0	64	0	0	0	184	0
LFQ	150	0	0	0	0	0	0	0	0	0	0	0	0	11	0	0	0	0	0	0	0	0	0	12	0	0	0	0	21	0	0	0	0	38	0	0	0	0	70	0	0	0	171	0
LFQ	151	0	0	0	0	0	0	0	0	0	0	0	0	0	0	0	0	0	0	0	0	0	0	20	0	0	0	0	30	0	0	0	0	46	0	0	0	0	60	0	0	0	136	0
# GC Content of first fragments. Use `grep ^GCF | cut -f 2-` to extract this part.
GCF	9.80	0
GCF	19.85	1
GCF	20.35	2
GCF	20.85	1
GCF	21.36	2
GCF	21.86	1
GCF	22.86	3
GCF	23.87	4
GCF	24.62	3
GCF	25.38	4
GCF	26.38	6
GCF	27.89	8
GCF	28.89	13
GCF	29.40	12
GCF	30.15	14
GCF	31.16	6
GCF	31.91	16
GCF	32.41	18
GCF	33.17	20
GCF	33.92	23
GCF	34.42	20
GCF	34.92	29
GCF	35.43	31
GCF	35.93	16
GCF	36.43	13
GCF	36.93	18
GCF	37.44	16
GCF	37.94	7
GCF	38.44	16
GCF	38.94	8
GCF	39.45	10
GCF	39.95	13
GCF	40.45	7
GCF	40.95	0
GCF	41.46	1
GCF	41.96	6
GCF	42.46	1
GCF	42.96	2
GCF	43.72	3
GCF	44.47	2
GCF	45.98	0
GCF	47.99	1
GCF	49.50	0
GCF	51.26	1
GCF	52.51	3
GCF	53.02	1
GCF	53.77	2
GCF	55.53	0
GCF	57.04	1
# GC Content of last fragments. Use `grep ^GCL | cut -f 2-` to extract this part.
GCL	9.05	0
GCL	18.59	1
GCL	19.35	0
GCL	19.85	2
GCL	20.35	1
GCL	20.85	0
GCL	21.36	2
GCL	21.86	0
GCL	22.61	3
GCL	23.37	2
GCL	23.87	6
GCL	24.37	4
GCL	24.87	3
GCL	25.38	11
GCL	25.88	3
GCL	26.38	4
GCL	26.88	5
GCL	27.64	9
GCL	28.39	10
GCL	28.89	13
GCL	29.40	10
GCL	29.90	11
GCL	30.40	14
GCL	31.16	25
GCL	32.16	18
GCL	32.91	16
GCL	33.42	15
GCL	33.92	20
GCL	34.42	12
GCL	34.92	17
GCL	35.43	20
GCL	35.93	21
GCL	36.43	16
GCL	36.93	9
GCL	37.44	10
GCL	37.94	11
GCL	38.44	9
GCL	38.94	7
GCL	39.45	8
GCL	39.95	9
GCL	40.45	11
GCL	40.95	8
GCL	41.46	5
GCL	41.96	3
GCL	42.46	1
GCL	42.96	2
GCL	43.47	1
GCL	43.97	2
GCL	44.47	0
GCL	44.97	1
GCL	45.98	0
GCL	46.98	2
GCL	47.49	0
GCL	48.49	1
GCL	50.25	0
GCL	51.76	2
GCL	52.76	0
GCL	53.77	2
GCL	55.28	0
GCL	56.53	1
GCL	57.04	0
GCL	57.54	1
# ACGT content per cycle. Use `grep ^GCC | cut -f 2-` to extract this part. The columns are: cycle; A,C,G,T base counts as a percentage of all A/C/G/T bases [%]; and N and O counts as a percentage of all A/C/G/T bases [%]
GCC	1	33.19	21.12	17.24	28.45	1.01	0.00
GCC	2	32.86	15.36	15.93	35.85	0.00	0.00
GCC	3	36.70	14.08	16.36	32.86	0.00	0.00
GCC	4	34.00	17.07	18.63	30.30	0.00	0.00
GCC	5	34.42	15.22	17.50	32.86	0.00	0.00
GCC	6	34.28	15.93	16.07	33.71	0.00	0.00
GCC	7	32.01	14.65	14.51	38.83	0.00	0.00
GCC	8	33.00	19.35	14.79	32.86	0.00	0.00
GCC	9	30.01	16.79	17.07	36.13	0.00	0.00
GCC	10	37.84	14.08	17.92	30.16	0.00	0.00
GCC	11	34.57	17.92	19.06	28.45	0.00	0.00
GCC	12	30.16	18.78	19.63	31.44	0.00	0.00
GCC	13	35.99	17.50	17.07	29.45	0.00	0.00
GCC	14	31.44	17.21	16.79	34.57	0.00	0.00
GCC	15	30.44	16.36	16.93	36.27	0.00	0.00
GCC	16	33.85	16.79	16.79	32.57	0.00	0.00
GCC	17	34.00	15.93	15.22	34.85	0.00	0.00
GCC	18	34.14	17.64	21.05	27.17	0.00	0.00
GCC	19	31.86	16.50	18.92	32.72	0.00	0.00
GCC	20	35.14	17.50	14.51	32.86	0.00	0.00
GCC	21	32.15	16.50	16.07	35.28	0.00	0.00
GCC	22	32.01	18.35	18.21	31.44	0.00	0.00
GCC	23	34.71	15.22	19.63	30.44	0.00	0.00
GCC	24	32.86	20.20	19.20	27.74	0.00	0.00
GCC	25	35.14	15.22	16.50	33.14	0.00	0.00
GCC	26	31.72	15.79	17.78	34.71	0.00	0.00
GCC	27	31.71	18.29	16.29	33.71	0.43	0.00
GCC	28	33.71	14.94	18.35	33.00	0.00	0.00
GCC	29	34.57	19.91	15.36	30.16	0.00	0.00
GCC	30	34.42	17.50	13.37	34.71	0.00	0.00
GCC	31	37.98	13.23	18.49	30.30	0.00	0.00
GCC	32	34.00	14.08	16.50	35.42	0.00	0.00
GCC	33	36.42	14.22	19.06	30.30	0.00	0.00
GCC	34	33.14	14.51	19.06	33.29	0.00	0.00
GCC	35	33.00	16.64	15.65	34.71	0.00	0.00
GCC	36	35.99	14.22	16.36	33.43	0.00	0.00
GCC	37	31.44	17.64	16.79	34.14	0.00	0.00
GCC	38	34.00	19.91	17.92	28.17	0.00	0.00
GCC	39	34.14	14.51	15.79	35.56	0.00	0.00
GCC	40	32.67	19.12	14.41	33.81	0.29	0.00
GCC	41	32.29	17.07	15.93	34.71	0.00	0.00
GCC	42	35.70	15.36	15.65	33.29	0.00	0.00
GCC	43	31.86	17.78	19.06	31.29	0.00	0.00
GCC	44	32.43	16.36	15.79	35.42	0.00	0.00
GCC	45	31.29	16.93	18.07	33.71	0.00	0.00
GCC	46	34.85	15.79	16.36	33.00	0.00	0.00
GCC	47	33.85	15.22	17.64	33.29	0.00	0.00
GCC	48	32.86	18.63	18.21	30.30	0.00	0.00
GCC	49	28.17	16.93	20.34	34.57	0.00	0.00
GCC	50	34.99	18.35	17.21	29.45	0.00	0.00
GCC	51	34.28	17.07	16.22	32.43	0.00	0.00
GCC	52	32.15	17.50	16.79	33.57	0.00	0.00
GCC	53	34.28	17.50	17.21	31.01	0.00	0.00
GCC	54	29.87	19.20	17.92	33.00	0.00	0.00
GCC	55	32.15	19.49	13.66	34.71	0.00	0.00
GCC	56	34.42	16.22	17.50	31.86	0.00	0.00
GCC	57	35.28	16.07	17.21	31.44	0.00	0.00
GCC	58	34.42	17.50	20.34	27.74	0.00	0.00
GCC	59	37.27	15.93	14.51	32.29	0.00	0.00
GCC	60	35.28	17.21	18.49	29.02	0.00	0.00
GCC	61	35.14	15.08	15.93	33.85	0.00	0.00
GCC	62	32.86	15.93	13.66	37.55	0.00	0.00
GCC	63	33.71	16.22	18.92	31.15	0.00	0.00
GCC	64	33.85	15.93	17.92	32.29	0.00	0.00
GCC	65	34.57	13.66	17.35	34.42	0.00	0.00
GCC	66	32.72	13.23	17.35	36.70	0.00	0.00
GCC	67	31.29	16.07	18.78	33.85	0.00	0.00
GCC	68	31.86	14.94	18.78	34.42	0.00	0.00
GCC	69	32.29	17.07	19.91	30.73	0.00	0.00
GCC	70	35.42	17.50	16.93	30.16	0.00	0.00
GCC	71	32.29	19.35	14.65	33.71	0.00	0.00
GCC	72	33.00	15.79	19.77	31.44	0.00	0.00
GCC	73	32.43	15.22	16.79	35.56	0.00	0.00
GCC	74	32.57	16.36	17.50	33.57	0.00	0.00
GCC	75	31.01	16.93	17.07	34.99	0.00	0.00
GCC	76	33.29	15.79	17.07	33.85	0.00	0.00
GCC	77	31.72	16.64	17.78	33.85	0.00	0.00
GCC	78	33.57	17.50	14.65	34.28	0.00	0.00
GCC	79	32.29	15.50	15.93	36.27	0.00	0.00
GCC	80	34.00	18.49	18.49	29.02	0.00	0.00
GCC	81	29.02	17.50	18.07	35.42	0.00	0.00
GCC	82	30.01	14.65	23.76	31.58	0.00	0.00
GCC	83	33.71	15.22	18.63	32.43	0.00	0.00
GCC	84	35.85	16.36	16.36	31.44	0.00	0.00
GCC	85	34.28	14.65	17.07	34.00	0.00	0.00
GCC	86	31.86	17.35	16.93	33.85	0.00	0.00
GCC	87	36.56	17.78	15.36	30.30	0.00	0.00
GCC	88	33.71	15.22	17.78	33.29	0.00	0.00
GCC	89	32.57	14.65	16.50	36.27	0.00	0.00
GCC	90	33.00	17.07	17.64	32.29	0.00	0.00
GCC	91	35.14	13.51	16.79	34.57	0.00	0.00
GCC	92	34.00	17.35	16.50	32.15	0.00	0.00
GCC	93	34.00	16.93	17.50	31.58	0.00	0.00
GCC	94	34.99	18.35	16.36	30.30	0.00	0.00
GCC	95	36.70	17.35	12.38	33.57	0.00	0.00
GCC	96	35.14	19.20	16.50	29.16	0.00	0.00
GCC	97	29.30	18.35	17.35	34.99	0.00	0.00
GCC	98	31.44	16.64	18.21	33.71	0.00	0.00
GCC	99	32.57	16.07	19.20	32.15	0.00	0.00
GCC	100	26.88	17.78	21.34	34.00	0.00	0.00
GCC	101	31.01	15.08	19.63	34.28	0.00	0.00
GCC	102	37.70	13.37	14.79	34.14	0.00	0.00
GCC	103	35.70	16.07	15.79	32.43	0.00	0.00
GCC	104	35.28	17.50	17.07	30.16	0.00	0.00
GCC	105	30.73	19.35	14.65	35.28	0.00	0.00
GCC	106	31.15	17.21	16.22	35.42	0.00	0.00
GCC	107	32.86	17.78	17.50	31.86	0.00	0.00
GCC	108	33.29	16.22	18.21	32.29	0.00	0.00
GCC	109	31.01	16.79	16.07	36.13	0.00	0.00
GCC	110	27.39	19.69	15.98	36.95	0.29	0.00
GCC	111	31.81	19.12	16.26	32.81	0.00	0.00
GCC	112	34.24	14.12	17.40	34.24	0.00	0.00
GCC	113	32.24	17.12	16.55	34.09	0.00	0.00
GCC	114	34.95	13.41	17.26	34.38	0.00	0.00
GCC	115	33.67	15.98	17.97	32.38	0.00	0.00
GCC	116	34.81	13.98	19.69	31.53	0.00	0.00
GCC	117	31.95	13.98	20.26	33.81	0.00	0.00
GCC	118	32.81	18.54	17.69	30.96	0.00	0.00
GCC	119	33.52	18.69	17.40	30.39	0.00	0.00
GCC	120	34.52	15.55	17.55	32.38	0.00	0.00
GCC	121	31.81	14.41	18.83	34.95	0.00	0.00
GCC	122	31.81	15.69	18.54	33.95	0.00	0.00
GCC	123	33.24	14.69	17.55	34.52	0.00	0.00
GCC	124	29.96	14.98	20.26	34.81	0.00	0.00
GCC	125	33.38	15.12	18.54	32.95	0.00	0.00
GCC	126	29.81	15.69	22.11	32.38	0.00	0.00
GCC	127	35.81	15.83	14.12	34.24	0.00	0.00
GCC	128	35.24	14.27	17.69	32.81	0.00	0.00
GCC	129	37.95	14.27	15.55	32.24	0.00	0.00
GCC	130	32.24	17.83	17.83	32.10	0.00	0.00
GCC	131	30.53	18.26	18.69	32.52	0.00	0.00
GCC	132	33.38	15.98	17.40	33.24	0.00	0.00
GCC	133	33.67	12.70	18.69	34.95	0.00	0.00
GCC	134	34.38	12.84	17.69	35.09	0.00	0.00
GCC	135	34.95	16.69	16.26	32.10	0.00	0.00
GCC	136	28.96	23.25	17.97	29.81	0.00	0.00
GCC	137	33.24	14.55	18.12	34.09	0.00	0.00
GCC	138	36.66	14.27	17.69	31.38	0.00	0.00
GCC	139	36.66	14.55	17.12	31.67	0.00	0.00
GCC	140	33.52	20.68	16.69	29.10	0.00	0.00
GCC	141	32.43	15.29	17.29	35.00	0.00	0.00
GCC	142	31.57	14.14	18.57	35.71	0.00	0.00
GCC	143	30.71	19.57	16.71	33.00	0.00	0.00
GCC	144	33.43	17.57	16.57	32.43	0.00	0.00
GCC	145	33.19	16.45	15.45	34.91	0.00	0.00
GCC	146	35.34	16.31	15.45	32.90	0.00	0.00
GCC	147	31.38	14.90	17.34	36.39	0.00	0.00
GCC	148	35.98	18.21	14.88	30.92	0.00	0.00
GCC	149	33.04	14.96	18.52	33.48	0.00	0.00
GCC	150	31.73	17.89	17.89	32.48	0.00	0.00
GCC	151	30.00	15.00	17.10	37.90	0.00	0.00
# ACGT content per cycle, read oriented. Use `grep ^GCT | cut -f 2-` to extract this part. The columns are: cycle; A,C,G,T base counts as a percentage of all A/C/G/T bases [%]
GCT	1	31.75	21.84	16.52	29.89
GCT	2	38.12	13.09	18.21	30.58
GCT	3	31.15	17.50	12.94	38.41
GCT	4	32.57	18.92	16.79	31.72
GCT	5	38.55	15.50	17.21	28.73
GCT	6	38.41	16.79	15.22	29.59
GCT	7	33.43	15.65	13.51	37.41
GCT	8	31.72	15.93	18.21	34.14
GCT	9	34.42	20.77	13.09	31.72
GCT	10	35.70	14.65	17.35	32.29
GCT	11	33.43	17.50	19.49	29.59
GCT	12	30.16	20.91	17.50	31.44
GCT	13	34.28	18.78	15.79	31.15
GCT	14	30.30	17.07	16.93	35.70
GCT	15	32.01	17.50	15.79	34.71
GCT	16	33.71	16.50	17.07	32.72
GCT	17	37.13	15.50	15.65	31.72
GCT	18	28.59	17.92	20.77	32.72
GCT	19	31.29	18.35	17.07	33.29
GCT	20	31.44	15.08	16.93	36.56
GCT	21	34.00	13.66	18.92	33.43
GCT	22	33.43	17.92	18.63	30.01
GCT	23	33.43	17.78	17.07	31.72
GCT	24	30.73	20.48	18.92	29.87
GCT	25	34.28	14.22	17.50	34.00
GCT	26	31.58	16.64	16.93	34.85
GCT	27	31.00	17.00	17.57	34.43
GCT	28	33.29	17.78	15.50	33.43
GCT	29	29.30	16.79	18.49	35.42
GCT	30	32.01	17.21	13.66	37.13
GCT	31	33.71	12.80	18.92	34.57
GCT	32	34.85	14.22	16.36	34.57
GCT	33	34.00	17.35	15.93	32.72
GCT	34	36.42	16.50	17.07	30.01
GCT	35	33.43	15.22	17.07	34.28
GCT	36	35.85	13.66	16.93	33.57
GCT	37	31.29	16.22	18.21	34.28
GCT	38	31.15	16.93	20.91	31.01
GCT	39	33.57	14.94	15.36	36.13
GCT	40	31.81	17.12	16.41	34.66
GCT	41	31.29	15.08	17.92	35.70
GCT	42	35.70	16.64	14.37	33.29
GCT	43	34.28	19.49	17.35	28.88
GCT	44	40.11	17.07	15.08	27.74
GCT	45	26.03	15.79	19.20	38.98
GCT	46	39.40	13.66	18.49	28.45
GCT	47	33.14	16.36	16.50	34.00
GCT	48	32.01	17.92	18.92	31.15
GCT	49	30.16	19.35	17.92	32.57
GCT	50	31.29	19.06	16.50	33.14
GCT	51	33.71	18.35	14.94	33.00
GCT	52	34.14	15.36	18.92	31.58
GCT	53	30.87	17.35	17.35	34.42
GCT	54	29.59	18.49	18.63	33.29
GCT	55	34.42	16.22	16.93	32.43
GCT	56	32.01	16.79	16.93	34.28
GCT	57	35.14	16.36	16.93	31.58
GCT	58	30.87	19.77	18.07	31.29
GCT	59	31.58	13.51	16.93	37.98
GCT	60	31.72	17.78	17.92	32.57
GCT	61	35.56	16.22	14.79	33.43
GCT	62	34.57	16.07	13.51	35.85
GCT	63	33.85	19.06	16.07	31.01
GCT	64	33.85	15.22	18.63	32.29
GCT	65	35.56	15.36	15.65	33.43
GCT	66	37.98	13.80	16.79	31.44
GCT	67	32.15	18.78	16.07	33.00
GCT	68	30.01	16.93	16.79	36.27
GCT	69	31.86	19.35	17.64	31.15
GCT	70	32.86	16.50	17.92	32.72
GCT	71	30.58	17.50	16.50	35.42
GCT	72	31.15	18.07	17.50	33.29
GCT	73	34.00	14.94	17.07	34.00
GCT	74	31.15	17.07	16.79	34.99
GCT	75	32.43	19.91	14.08	33.57
GCT	76	33.00	16.22	16.64	34.14
GCT	77	32.15	17.78	16.64	33.43
GCT	78	33.57	16.22	15.93	34.28
GCT	79	33.14	14.79	16.64	35.42
GCT	80	30.01	18.63	18.35	33.00
GCT	81	34.71	17.92	17.64	29.73
GCT	82	30.30	20.77	17.64	31.29
GCT	83	34.42	14.37	19.49	31.72
GCT	84	33.14	17.50	15.22	34.14
GCT	85	36.98	16.07	15.65	31.29
GCT	86	30.30	16.50	17.78	35.42
GCT	87	35.14	18.21	14.94	31.72
GCT	88	31.86	16.64	16.36	35.14
GCT	89	32.01	14.22	16.93	36.84
GCT	90	30.73	18.07	16.64	34.57
GCT	91	37.55	15.50	14.79	32.15
GCT	92	31.58	16.50	17.35	34.57
GCT	93	32.43	16.93	17.50	33.14
GCT	94	33.14	16.07	18.63	32.15
GCT	95	34.42	15.50	14.22	35.85
GCT	96	31.72	17.07	18.63	32.57
GCT	97	36.42	18.49	17.21	27.88
GCT	98	33.71	19.06	15.79	31.44
GCT	99	29.59	17.78	17.50	35.14
GCT	100	32.15	20.06	19.06	28.73
GCT	101	31.15	17.92	16.79	34.14
GCT	102	34.28	16.07	12.09	37.55
GCT	103	35.56	13.51	18.35	32.57
GCT	104	31.72	17.21	17.35	33.71
GCT	105	30.87	14.79	19.20	35.14
GCT	106	33.43	15.93	17.50	33.14
GCT	107	30.01	15.36	19.91	34.71
GCT	108	31.72	15.36	19.06	33.85
GCT	109	31.72	14.51	18.35	35.42
GCT	110	34.95	20.40	15.26	29.39
GCT	111	31.24	18.83	16.55	33.38
GCT	112	35.95	15.26	16.26	32.52
GCT	113	33.38	18.54	15.12	32.95
GCT	114	33.81	14.84	15.83	35.52
GCT	115	35.95	18.26	15.69	30.10
GCT	116	33.67	17.69	15.98	32.67
GCT	117	32.52	16.83	17.40	33.24
GCT	118	32.95	15.26	20.97	30.81
GCT	119	29.67	19.40	16.69	34.24
GCT	120	35.52	16.83	16.26	31.38
GCT	121	33.38	17.40	15.83	33.38
GCT	122	34.52	16.12	18.12	31.24
GCT	123	35.38	14.27	17.97	32.38
GCT	124	32.52	18.12	17.12	32.24
GCT	125	35.24	15.26	18.40	31.10
GCT	126	32.24	21.83	15.98	29.96
GCT	127	36.38	14.98	14.98	33.67
GCT	128	35.09	17.83	14.12	32.95
GCT	129	36.23	14.55	15.26	33.95
GCT	130	33.52	16.55	19.12	30.81
GCT	131	29.10	20.54	16.41	33.95
GCT	132	33.24	15.83	17.55	33.38
GCT	133	36.09	14.84	16.55	32.52
GCT	134	33.52	15.12	15.41	35.95
GCT	135	34.95	16.41	16.55	32.10
GCT	136	30.53	18.26	22.97	28.25
GCT	137	34.95	17.97	14.69	32.38
GCT	138	34.95	15.41	16.55	33.10
GCT	139	34.38	15.98	15.69	33.95
GCT	140	30.67	18.12	19.26	31.95
GCT	141	35.29	17.43	15.14	32.14
GCT	142	34.43	16.86	15.86	32.86
GCT	143	30.86	16.71	19.57	32.86
GCT	144	35.00	16.71	17.43	30.86
GCT	145	35.91	17.02	14.88	32.19
GCT	146	36.19	16.45	15.31	32.05
GCT	147	32.81	17.05	15.19	34.96
GCT	148	31.65	17.05	16.04	35.26
GCT	149	31.56	19.85	13.63	34.96
GCT	150	30.68	19.70	16.09	33.53
GCT	151	35.81	15.48	16.61	32.10
# ACGT content per cycle for first fragments. Use `grep ^FBC | cut -f 2-` to extract this part. The columns are: cycle; A,C,G,T base counts as a percentage of all A/C/G/T bases [%]; and N and O counts as a percentage of all A/C/G/T bases [%]
FBC	1	32.77	21.47	18.08	27.68	0.56	0.00
FBC	2	32.58	15.45	17.13	34.83	0.00	0.00
FBC	3	36.52	14.33	16.57	32.58	0.00	0.00
FBC	4	37.64	17.13	17.42	27.81	0.00	0.00
FBC	5	33.99	16.29	13.76	35.96	0.00	0.00
FBC	6	33.71	14.04	15.45	36.80	0.00	0.00
FBC	7	34.55	13.76	12.92	38.76	0.00	0.00
FBC	8	31.74	20.22	13.76	34.27	0.00	0.00
FBC	9	31.18	14.89	17.70	36.24	0.00	0.00
FBC	10	41.29	13.76	16.01	28.93	0.00	0.00
FBC	11	35.67	16.29	18.54	29.49	0.00	0.00
FBC	12	31.74	19.10	19.66	29.49	0.00	0.00
FBC	13	36.80	17.42	18.54	27.25	0.00	0.00
FBC	14	32.87	19.38	14.89	32.87	0.00	0.00
FBC	15	30.06	17.13	16.85	35.96	0.00	0.00
FBC	16	32.02	16.85	17.13	33.99	0.00	0.00
FBC	17	34.27	17.98	15.45	32.30	0.00	0.00
FBC	18	34.27	17.42	20.51	27.81	0.00	0.00
FBC	19	32.58	16.85	19.94	30.62	0.00	0.00
FBC	20	35.11	17.98	14.33	32.58	0.00	0.00
FBC	21	32.58	16.29	15.73	35.39	0.00	0.00
FBC	22	32.30	20.79	17.13	29.78	0.00	0.00
FBC	23	34.55	14.89	21.63	28.93	0.00	0.00
FBC	24	30.06	23.03	22.19	24.72	0.00	0.00
FBC	25	34.83	17.13	17.13	30.90	0.00	0.00
FBC	26	30.90	12.36	18.82	37.92	0.00	0.00
FBC	27	31.92	19.21	14.69	34.18	0.56	0.00
FBC	28	32.02	14.89	21.07	32.02	0.00	0.00
FBC	29	32.58	23.31	15.73	28.37	0.00	0.00
FBC	30	36.24	18.54	12.08	33.15	0.00	0.00
FBC	31	37.92	12.08	19.38	30.62	0.00	0.00
FBC	32	35.39	13.48	14.33	36.80	0.00	0.00
FBC	33	35.39	14.61	19.66	30.34	0.00	0.00
FBC	34	32.87	16.57	17.13	33.43	0.00	0.00
FBC	35	31.74	16.85	14.89	36.52	0.00	0.00
FBC	36	33.99	14.33	17.70	33.99	0.00	0.00
FBC	37	30.06	19.38	16.57	33.99	0.00	0.00
FBC	38	32.87	18.54	17.98	30.62	0.00	0.00
FBC	39	35.11	14.89	16.01	33.99	0.00	0.00
FBC	40	32.20	21.47	14.41	31.92	0.56	0.00
FBC	41	31.74	18.82	14.89	34.55	0.00	0.00
FBC	42	37.08	14.89	15.45	32.58	0.00	0.00
FBC	43	30.06	16.57	19.38	33.99	0.00	0.00
FBC	44	32.30	15.17	15.73	36.80	0.00	0.00
FBC	45	31.18	18.82	18.54	31.46	0.00	0.00
FBC	46	35.67	14.89	17.70	31.74	0.00	0.00
FBC	47	28.37	15.45	18.54	37.64	0.00	0.00
FBC	48	32.02	20.22	17.42	30.34	0.00	0.00
FBC	49	26.97	16.29	25.00	31.74	0.00	0.00
FBC	50	34.55	20.51	15.73	29.21	0.00	0.00
FBC	51	32.30	15.73	18.26	33.71	0.00	0.00
FBC	52	32.02	17.42	16.29	34.27	0.00	0.00
FBC	53	37.64	15.45	15.17	31.74	0.00	0.00
FBC	54	29.49	18.54	20.79	31.18	0.00	0.00
FBC	55	35.11	17.42	14.33	33.15	0.00	0.00
FBC	56	34.83	13.48	19.10	32.58	0.00	0.00
FBC	57	36.52	16.01	14.61	32.87	0.00	0.00
FBC	58	34.83	17.70	21.63	25.84	0.00	0.00
FBC	59	39.33	16.57	11.52	32.58	0.00	0.00
FBC	60	35.39	16.57	18.54	29.49	0.00	0.00
FBC	61	34.27	15.45	16.01	34.27	0.00	0.00
FBC	62	33.43	14.04	14.61	37.92	0.00	0.00
FBC	63	31.18	17.13	20.22	31.46	0.00	0.00
FBC	64	36.24	16.29	18.26	29.21	0.00	0.00
FBC	65	32.58	14.04	17.70	35.67	0.00	0.00
FBC	66	33.15	10.67	20.79	35.39	0.00	0.00
FBC	67	29.21	15.17	19.10	36.52	0.00	0.00
FBC	68	32.02	14.33	18.82	34.83	0.00	0.00
FBC	69	29.78	17.42	18.82	33.99	0.00	0.00
FBC	70	33.99	17.98	16.01	32.02	0.00	0.00
FBC	71	31.74	19.94	16.57	31.74	0.00	0.00
FBC	72	30.06	15.17	22.47	32.30	0.00	0.00
FBC	73	30.34	12.92	16.29	40.45	0.00	0.00
FBC	74	33.15	13.76	16.57	36.52	0.00	0.00
FBC	75	33.15	16.85	14.33	35.67	0.00	0.00
FBC	76	32.30	16.29	19.66	31.74	0.00	0.00
FBC	77	33.15	21.35	16.57	28.93	0.00	0.00
FBC	78	34.55	19.66	14.33	31.46	0.00	0.00
FBC	79	32.87	15.17	14.04	37.92	0.00	0.00
FBC	80	33.71	17.42	19.38	29.49	0.00	0.00
FBC	81	29.21	17.42	20.22	33.15	0.00	0.00
FBC	82	27.81	14.04	26.12	32.02	0.00	0.00
FBC	83	29.21	16.29	18.54	35.96	0.00	0.00
FBC	84	32.02	17.13	17.70	33.15	0.00	0.00
FBC	85	32.58	15.45	17.70	34.27	0.00	0.00
FBC	86	31.46	17.42	14.33	36.80	0.00	0.00
FBC	87	37.36	20.22	12.92	29.49	0.00	0.00
FBC	88	34.27	13.76	19.66	32.30	0.00	0.00
FBC	89	34.55	14.89	16.29	34.27	0.00	0.00
FBC	90	33.71	17.13	19.38	29.78	0.00	0.00
FBC	91	34.27	13.76	19.10	32.87	0.00	0.00
FBC	92	30.90	19.94	15.17	33.99	0.00	0.00
FBC	93	38.48	14.61	15.45	31.46	0.00	0.00
FBC	94	36.24	13.48	16.85	33.43	0.00	0.00
FBC	95	37.92	19.10	13.48	29.49	0.00	0.00
FBC	96	30.34	22.19	18.82	28.65	0.00	0.00
FBC	97	28.09	17.13	18.82	35.96	0.00	0.00
FBC	98	31.74	16.01	19.66	32.58	0.00	0.00
FBC	99	34.83	15.17	17.42	32.58	0.00	0.00
FBC	100	24.44	14.61	23.31	37.64	0.00	0.00
FBC	101	29.78	15.17	19.66	35.39	0.00	0.00
FBC	102	39.61	11.80	16.01	32.58	0.00	0.00
FBC	103	33.15	15.17	17.13	34.55	0.00	0.00
FBC	104	31.46	18.26	18.54	31.74	0.00	0.00
FBC	105	32.58	16.85	11.80	38.76	0.00	0.00
FBC	106	32.87	18.54	14.33	34.27	0.00	0.00
FBC	107	33.15	18.26	16.57	32.02	0.00	0.00
FBC	108	30.90	18.26	18.26	32.58	0.00	0.00
FBC	109	31.46	14.61	17.13	36.80	0.00	0.00
FBC	110	28.09	19.10	16.85	35.96	0.00	0.00
FBC	111	31.27	18.59	17.46	32.68	0.00	0.00
FBC	112	36.06	16.90	15.77	31.27	0.00	0.00
FBC	113	31.55	17.75	16.06	34.65	0.00	0.00
FBC	114	32.96	14.93	16.34	35.77	0.00	0.00
FBC	115	34.93	16.90	18.59	29.58	0.00	0.00
FBC	116	33.24	14.37	19.15	33.24	0.00	0.00
FBC	117	31.83	13.52	21.97	32.68	0.00	0.00
FBC	118	34.37	16.62	19.72	29.30	0.00	0.00
FBC	119	36.34	16.06	18.59	29.01	0.00	0.00
FBC	120	34.37	18.31	15.21	32.11	0.00	0.00
FBC	121	32.11	12.68	20.00	35.21	0.00	0.00
FBC	122	28.45	17.75	21.69	32.11	0.00	0.00
FBC	123	36.06	13.24	18.31	32.39	0.00	0.00
FBC	124	28.17	12.39	21.13	38.31	0.00	0.00
FBC	125	34.65	15.21	15.77	34.37	0.00	0.00
FBC	126	29.01	17.46	19.72	33.80	0.00	0.00
FBC	127	37.46	15.77	13.80	32.96	0.00	0.00
FBC	128	34.65	13.24	16.34	35.77	0.00	0.00
FBC	129	35.21	14.08	16.06	34.65	0.00	0.00
FBC	130	32.68	16.06	17.46	33.80	0.00	0.00
FBC	131	29.58	17.46	16.34	36.62	0.00	0.00
FBC	132	28.73	18.87	18.59	33.80	0.00	0.00
FBC	133	33.80	10.99	18.31	36.90	0.00	0.00
FBC	134	35.21	12.68	19.72	32.39	0.00	0.00
FBC	135	35.49	18.03	16.34	30.14	0.00	0.00
FBC	136	26.20	27.04	16.62	30.14	0.00	0.00
FBC	137	33.80	14.93	18.31	32.96	0.00	0.00
FBC	138	40.00	14.08	16.90	29.01	0.00	0.00
FBC	139	36.90	14.37	18.59	30.14	0.00	0.00
FBC	140	32.68	21.97	17.18	28.17	0.00	0.00
FBC	141	31.55	16.62	18.59	33.24	0.00	0.00
FBC	142	32.68	14.37	19.15	33.80	0.00	0.00
FBC	143	30.42	22.25	16.06	31.27	0.00	0.00
FBC	144	32.11	20.85	16.34	30.70	0.00	0.00
FBC	145	35.21	15.49	16.34	32.96	0.00	0.00
FBC	146	32.68	16.90	16.62	33.80	0.00	0.00
FBC	147	29.38	17.23	16.95	36.44	0.00	0.00
FBC	148	38.24	20.40	11.05	30.31	0.00	0.00
FBC	149	31.69	13.66	19.19	35.47	0.00	0.00
FBC	150	28.36	18.13	21.05	32.46	0.00	0.00
FBC	151	25.91	14.63	17.99	41.46	0.00	0.00
# ACGT raw counters for first fragments. Use `grep ^FTC | cut -f 2-` to extract this part. The columns are: A,C,G,T,N base counters
FTC	17711	8907	9347	17690	6
# ACGT content per cycle for last fragments. Use `grep ^LBC | cut -f 2-` to extract this part. The columns are: cycle; A,C,G,T base counts as a percentage of all A/C/G/T bases [%]; and N and O counts as a percentage of all A/C/G/T bases [%]
LBC	1	33.63	20.76	16.37	29.24	1.46	0.00
LBC	2	33.14	15.27	14.70	36.89	0.00	0.00
LBC	3	36.89	13.83	16.14	33.14	0.00	0.00
LBC	4	30.26	17.00	19.88	32.85	0.00	0.00
LBC	5	34.87	14.12	21.33	29.68	0.00	0.00
LBC	6	34.87	17.87	16.71	30.55	0.00	0.00
LBC	7	29.39	15.56	16.14	38.90	0.00	0.00
LBC	8	34.29	18.44	15.85	31.41	0.00	0.00
LBC	9	28.82	18.73	16.43	36.02	0.00	0.00
LBC	10	34.29	14.41	19.88	31.41	0.00	0.00
LBC	11	33.43	19.60	19.60	27.38	0.00	0.00
LBC	12	28.53	18.44	19.60	33.43	0.00	0.00
LBC	13	35.16	17.58	15.56	31.70	0.00	0.00
LBC	14	29.97	14.99	18.73	36.31	0.00	0.00
LBC	15	30.84	15.56	17.00	36.60	0.00	0.00
LBC	16	35.73	16.71	16.43	31.12	0.00	0.00
LBC	17	33.72	13.83	14.99	37.46	0.00	0.00
LBC	18	34.01	17.87	21.61	26.51	0.00	0.00
LBC	19	31.12	16.14	17.87	34.87	0.00	0.00
LBC	20	35.16	17.00	14.70	33.14	0.00	0.00
LBC	21	31.70	16.71	16.43	35.16	0.00	0.00
LBC	22	31.70	15.85	19.31	33.14	0.00	0.00
LBC	23	34.87	15.56	17.58	31.99	0.00	0.00
LBC	24	35.73	17.29	16.14	30.84	0.00	0.00
LBC	25	35.45	13.26	15.85	35.45	0.00	0.00
LBC	26	32.56	19.31	16.71	31.41	0.00	0.00
LBC	27	31.50	17.34	17.92	33.24	0.29	0.00
LBC	28	35.45	14.99	15.56	34.01	0.00	0.00
LBC	29	36.60	16.43	14.99	31.99	0.00	0.00
LBC	30	32.56	16.43	14.70	36.31	0.00	0.00
LBC	31	38.04	14.41	17.58	29.97	0.00	0.00
LBC	32	32.56	14.70	18.73	34.01	0.00	0.00
LBC	33	37.46	13.83	18.44	30.26	0.00	0.00
LBC	34	33.43	12.39	21.04	33.14	0.00	0.00
LBC	35	34.29	16.43	16.43	32.85	0.00	0.00
LBC	36	38.04	14.12	14.99	32.85	0.00	0.00
LBC	37	32.85	15.85	17.00	34.29	0.00	0.00
LBC	38	35.16	21.33	17.87	25.65	0.00	0.00
LBC	39	33.14	14.12	15.56	37.18	0.00	0.00
LBC	40	33.14	16.71	14.41	35.73	0.00	0.00
LBC	41	32.85	15.27	17.00	34.87	0.00	0.00
LBC	42	34.29	15.85	15.85	34.01	0.00	0.00
LBC	43	33.72	19.02	18.73	28.53	0.00	0.00
LBC	44	32.56	17.58	15.85	34.01	0.00	0.00
LBC	45	31.41	14.99	17.58	36.02	0.00	0.00
LBC	46	34.01	16.71	14.99	34.29	0.00	0.00
LBC	47	39.48	14.99	16.71	28.82	0.00	0.00
LBC	48	33.72	17.00	19.02	30.26	0.00	0.00
LBC	49	29.39	17.58	15.56	37.46	0.00	0.00
LBC	50	35.45	16.14	18.73	29.68	0.00	0.00
LBC	51	36.31	18.44	14.12	31.12	0.00	0.00
LBC	52	32.28	17.58	17.29	32.85	0.00	0.00
LBC	53	30.84	19.60	19.31	30.26	0.00	0.00
LBC	54	30.26	19.88	14.99	34.87	0.00	0.00
LBC	55	29.11	21.61	12.97	36.31	0.00	0.00
LBC	56	34.01	19.02	15.85	31.12	0.00	0.00
LBC	57	34.01	16.14	19.88	29.97	0.00	0.00
LBC	58	34.01	17.29	19.02	29.68	0.00	0.00
LBC	59	35.16	15.27	17.58	31.99	0.00	0.00
LBC	60	35.16	17.87	18.44	28.53	0.00	0.00
LBC	61	36.02	14.70	15.85	33.43	0.00	0.00
LBC	62	32.28	17.87	12.68	37.18	0.00	0.00
LBC	63	36.31	15.27	17.58	30.84	0.00	0.00
LBC	64	31.41	15.56	17.58	35.45	0.00	0.00
LBC	65	36.60	13.26	17.00	33.14	0.00	0.00
LBC	66	32.28	15.85	13.83	38.04	0.00	0.00
LBC	67	33.43	17.00	18.44	31.12	0.00	0.00
LBC	68	31.70	15.56	18.73	34.01	0.00	0.00
LBC	69	34.87	16.71	21.04	27.38	0.00	0.00
LBC	70	36.89	17.00	17.87	28.24	0.00	0.00
LBC	71	32.85	18.73	12.68	35.73	0.00	0.00
LBC	72	36.02	16.43	17.00	30.55	0.00	0.00
LBC	73	34.58	17.58	17.29	30.55	0.00	0.00
LBC	74	31.99	19.02	18.44	30.55	0.00	0.00
LBC	75	28.82	17.00	19.88	34.29	0.00	0.00
LBC	76	34.29	15.27	14.41	36.02	0.00	0.00
LBC	77	30.26	11.82	19.02	38.90	0.00	0.00
LBC	78	32.56	15.27	14.99	37.18	0.00	0.00
LBC	79	31.70	15.85	17.87	34.58	0.00	0.00
LBC	80	34.29	19.60	17.58	28.53	0.00	0.00
LBC	81	28.82	17.58	15.85	37.75	0.00	0.00
LBC	82	32.28	15.27	21.33	31.12	0.00	0.00
LBC	83	38.33	14.12	18.73	28.82	0.00	0.00
LBC	84	39.77	15.56	14.99	29.68	0.00	0.00
LBC	85	36.02	13.83	16.43	33.72	0.00	0.00
LBC	86	32.28	17.29	19.60	30.84	0.00	0.00
LBC	87	35.73	15.27	17.87	31.12	0.00	0.00
LBC	88	33.14	16.71	15.85	34.29	0.00	0.00
LBC	89	30.55	14.41	16.71	38.33	0.00	0.00
LBC	90	32.28	17.00	15.85	34.87	0.00	0.00
LBC	91	36.02	13.26	14.41	36.31	0.00	0.00
LBC	92	37.18	14.70	17.87	30.26	0.00	0.00
LBC	93	29.39	19.31	19.60	31.70	0.00	0.00
LBC	94	33.72	23.34	15.85	27.09	0.00	0.00
LBC	95	35.45	15.56	11.24	37.75	0.00	0.00
LBC	96	40.06	16.14	14.12	29.68	0.00	0.00
LBC	97	30.55	19.60	15.85	34.01	0.00	0.00
LBC	98	31.12	17.29	16.71	34.87	0.00	0.00
LBC	99	30.26	17.00	21.04	31.70	0.00	0.00
LBC	100	29.39	21.04	19.31	30.26	0.00	0.00
LBC	101	32.28	14.99	19.60	33.14	0.00	0.00
LBC	102	35.73	14.99	13.54	35.73	0.00	0.00
LBC	103	38.33	17.00	14.41	30.26	0.00	0.00
LBC	104	39.19	16.71	15.56	28.53	0.00	0.00
LBC	105	28.82	21.90	17.58	31.70	0.00	0.00
LBC	106	29.39	15.85	18.16	36.60	0.00	0.00
LBC	107	32.56	17.29	18.44	31.70	0.00	0.00
LBC	108	35.73	14.12	18.16	31.99	0.00	0.00
LBC	109	30.55	19.02	14.99	35.45	0.00	0.00
LBC	110	26.67	20.29	15.07	37.97	0.58	0.00
LBC	111	32.37	19.65	15.03	32.95	0.00	0.00
LBC	112	32.37	11.27	19.08	37.28	0.00	0.00
LBC	113	32.95	16.47	17.05	33.53	0.00	0.00
LBC	114	36.99	11.85	18.21	32.95	0.00	0.00
LBC	115	32.37	15.03	17.34	35.26	0.00	0.00
LBC	116	36.42	13.58	20.23	29.77	0.00	0.00
LBC	117	32.08	14.45	18.50	34.97	0.00	0.00
LBC	118	31.21	20.52	15.61	32.66	0.00	0.00
LBC	119	30.64	21.39	16.18	31.79	0.00	0.00
LBC	120	34.68	12.72	19.94	32.66	0.00	0.00
LBC	121	31.50	16.18	17.63	34.68	0.00	0.00
LBC	122	35.26	13.58	15.32	35.84	0.00	0.00
LBC	123	30.35	16.18	16.76	36.71	0.00	0.00
LBC	124	31.79	17.63	19.36	31.21	0.00	0.00
LBC	125	32.08	15.03	21.39	31.50	0.00	0.00
LBC	126	30.64	13.87	24.57	30.92	0.00	0.00
LBC	127	34.10	15.90	14.45	35.55	0.00	0.00
LBC	128	35.84	15.32	19.08	29.77	0.00	0.00
LBC	129	40.75	14.45	15.03	29.77	0.00	0.00
LBC	130	31.79	19.65	18.21	30.35	0.00	0.00
LBC	131	31.50	19.08	21.10	28.32	0.00	0.00
LBC	132	38.15	13.01	16.18	32.66	0.00	0.00
LBC	133	33.53	14.45	19.08	32.95	0.00	0.00
LBC	134	33.53	13.01	15.61	37.86	0.00	0.00
LBC	135	34.39	15.32	16.18	34.10	0.00	0.00
LBC	136	31.79	19.36	19.36	29.48	0.00	0.00
LBC	137	32.66	14.16	17.92	35.26	0.00	0.00
LBC	138	33.24	14.45	18.50	33.82	0.00	0.00
LBC	139	36.42	14.74	15.61	33.24	0.00	0.00
LBC	140	34.39	19.36	16.18	30.06	0.00	0.00
LBC	141	33.33	13.91	15.94	36.81	0.00	0.00
LBC	142	30.43	13.91	17.97	37.68	0.00	0.00
LBC	143	31.01	16.81	17.39	34.78	0.00	0.00
LBC	144	34.78	14.20	16.81	34.20	0.00	0.00
LBC	145	31.10	17.44	14.53	36.92	0.00	0.00
LBC	146	38.08	15.70	14.24	31.98	0.00	0.00
LBC	147	33.43	12.50	17.73	36.34	0.00	0.00
LBC	148	33.63	15.93	18.88	31.56	0.00	0.00
LBC	149	34.44	16.31	17.82	31.42	0.00	0.00
LBC	150	35.29	17.65	14.55	32.51	0.00	0.00
LBC	151	34.59	15.41	16.10	33.90	0.00	0.00
# ACGT raw counters for last fragments. Use `grep ^LTC | cut -f 2-` to extract this part. The columns are: A,C,G,T,N base counters
LTC	17501	8552	8952	17234	8
# Insert sizes. Use `grep ^IS | cut -f 2-` to extract this part. The columns are: insert size, pairs total, inward oriented pairs, outward oriented pairs, other pairs
IS	0	0	0	0	0
IS	1	0	0	0	0
IS	2	0	0	0	0
IS	3	0	0	0	0
IS	4	0	0	0	0
IS	5	0	0	0	0
IS	6	0	0	0	0
IS	7	0	0	0	0
IS	8	0	0	0	0
IS	9	0	0	0	0
IS	10	0	0	0	0
IS	11	0	0	0	0
IS	12	0	0	0	0
IS	13	0	0	0	0
IS	14	0	0	0	0
IS	15	0	0	0	0
IS	16	0	0	0	0
IS	17	0	0	0	0
IS	18	0	0	0	0
IS	19	0	0	0	0
IS	20	0	0	0	0
IS	21	0	0	0	0
IS	22	0	0	0	0
IS	23	0	0	0	0
IS	24	0	0	0	0
IS	25	0	0	0	0
IS	26	0	0	0	0
IS	27	0	0	0	0
IS	28	0	0	0	0
IS	29	0	0	0	0
IS	30	0	0	0	0
IS	31	0	0	0	0
IS	32	0	0	0	0
IS	33	0	0	0	0
IS	34	0	0	0	0
IS	35	0	0	0	0
IS	36	0	0	0	0
IS	37	0	0	0	0
IS	38	0	0	0	0
IS	39	0	0	0	0
IS	40	0	0	0	0
IS	41	0	0	0	0
IS	42	0	0	0	0
IS	43	0	0	0	0
IS	44	0	0	0	0
IS	45	0	0	0	0
IS	46	0	0	0	0
IS	47	0	0	0	0
IS	48	0	0	0	0
IS	49	0	0	0	0
IS	50	0	0	0	0
IS	51	0	0	0	0
IS	52	0	0	0	0
IS	53	0	0	0	0
IS	54	0	0	0	0
IS	55	0	0	0	0
IS	56	0	0	0	0
IS	57	0	0	0	0
IS	58	0	0	0	0
IS	59	0	0	0	0
IS	60	0	0	0	0
IS	61	0	0	0	0
IS	62	0	0	0	0
IS	63	0	0	0	0
IS	64	0	0	0	0
IS	65	0	0	0	0
IS	66	0	0	0	0
IS	67	0	0	0	0
IS	68	0	0	0	0
IS	69	0	0	0	0
IS	70	0	0	0	0
IS	71	0	0	0	0
IS	72	0	0	0	0
IS	73	0	0	0	0
IS	74	0	0	0	0
IS	75	0	0	0	0
IS	76	0	0	0	0
IS	77	0	0	0	0
IS	78	0	0	0	0
IS	79	0	0	0	0
IS	80	0	0	0	0
IS	81	0	0	0	0
IS	82	0	0	0	0
IS	83	0	0	0	0
IS	84	0	0	0	0
IS	85	0	0	0	0
IS	86	0	0	0	0
IS	87	0	0	0	0
IS	88	0	0	0	0
IS	89	0	0	0	0
IS	90	0	0	0	0
IS	91	0	0	0	0
IS	92	0	0	0	0
IS	93	0	0	0	0
IS	94	0	0	0	0
IS	95	0	0	0	0
IS	96	0	0	0	0
IS	97	0	0	0	0
IS	98	0	0	0	0
IS	99	0	0	0	0
IS	100	0	0	0	0
IS	101	0	0	0	0
IS	102	0	0	0	0
IS	103	0	0	0	0
IS	104	0	0	0	0
IS	105	0	0	0	0
IS	106	0	0	0	0
IS	107	0	0	0	0
IS	108	0	0	0	0
IS	109	0	0	0	0
IS	110	0	0	0	0
IS	111	1	0	1	0
IS	112	0	0	0	0
IS	113	0	0	0	0
IS	114	0	0	0	0
IS	115	0	0	0	0
IS	116	0	0	0	0
IS	117	0	0	0	0
IS	118	0	0	0	0
IS	119	0	0	0	0
IS	120	0	0	0	0
IS	121	0	0	0	0
IS	122	0	0	0	0
IS	123	0	0	0	0
IS	124	0	0	0	0
IS	125	0	0	0	0
IS	126	0	0	0	0
IS	127	0	0	0	0
IS	128	0	0	0	0
IS	129	0	0	0	0
IS	130	0	0	0	0
IS	131	0	0	0	0
IS	132	0	0	0	0
IS	133	0	0	0	0
IS	134	0	0	0	0
IS	135	0	0	0	0
IS	136	0	0	0	0
IS	137	0	0	0	0
IS	138	0	0	0	0
IS	139	0	0	0	0
IS	140	0	0	0	0
IS	141	0	0	0	0
IS	142	0	0	0	0
IS	143	0	0	0	0
IS	144	0	0	0	0
IS	145	0	0	0	0
IS	146	0	0	0	0
IS	147	0	0	0	0
IS	148	0	0	0	0
IS	149	0	0	0	0
IS	150	0	0	0	0
IS	151	0	0	0	0
IS	152	0	0	0	0
IS	153	0	0	0	0
IS	154	1	1	0	0
IS	155	0	0	0	0
IS	156	0	0	0	0
IS	157	0	0	0	0
IS	158	0	0	0	0
IS	159	0	0	0	0
IS	160	0	0	0	0
IS	161	0	0	0	0
IS	162	0	0	0	0
IS	163	0	0	0	0
IS	164	0	0	0	0
IS	165	0	0	0	0
IS	166	0	0	0	0
IS	167	0	0	0	0
IS	168	0	0	0	0
IS	169	0	0	0	0
IS	170	0	0	0	0
IS	171	0	0	0	0
IS	172	1	1	0	0
IS	173	0	0	0	0
IS	174	0	0	0	0
IS	175	0	0	0	0
IS	176	0	0	0	0
IS	177	0	0	0	0
IS	178	0	0	0	0
IS	179	0	0	0	0
IS	180	0	0	0	0
IS	181	0	0	0	0
IS	182	0	0	0	0
IS	183	0	0	0	0
IS	184	0	0	0	0
IS	185	1	1	0	0
IS	186	0	0	0	0
IS	187	0	0	0	0
IS	188	0	0	0	0
IS	189	0	0	0	0
IS	190	3	3	0	0
IS	191	1	1	0	0
IS	192	0	0	0	0
IS	193	0	0	0	0
IS	194	1	1	0	0
IS	195	0	0	0	0
IS	196	0	0	0	0
IS	197	0	0	0	0
IS	198	0	0	0	0
IS	199	1	1	0	0
IS	200	0	0	0	0
IS	201	0	0	0	0
IS	202	2	2	0	0
IS	203	2	2	0	0
IS	204	2	2	0	0
IS	205	0	0	0	0
IS	206	3	3	0	0
IS	207	0	0	0	0
IS	208	0	0	0	0
IS	209	0	0	0	0
IS	210	2	2	0	0
IS	211	0	0	0	0
IS	212	2	2	0	0
IS	213	1	1	0	0
IS	214	1	1	0	0
IS	215	3	3	0	0
IS	216	1	1	0	0
IS	217	0	0	0	0
IS	218	2	2	0	0
IS	219	2	2	0	0
IS	220	1	1	0	0
IS	221	1	1	0	0
IS	222	3	3	0	0
IS	223	1	1	0	0
IS	224	1	1	0	0
IS	225	1	1	0	0
IS	226	0	0	0	0
IS	227	0	0	0	0
IS	228	2	2	0	0
IS	229	2	2	0	0
IS	230	0	0	0	0
IS	231	3	3	0	0
IS	232	0	0	0	0
IS	233	1	1	0	0
IS	234	2	2	0	0
IS	235	2	2	0	0
IS	236	1	1	0	0
IS	237	0	0	0	0
IS	238	1	1	0	0
IS	239	1	1	0	0
IS	240	1	1	0	0
IS	241	2	2	0	0
IS	242	1	1	0	0
IS	243	2	2	0	0
IS	244	0	0	0	0
IS	245	2	2	0	0
IS	246	2	2	0	0
IS	247	0	0	0	0
IS	248	2	2	0	0
IS	249	3	3	0	0
IS	250	1	1	0	0
IS	251	1	1	0	0
IS	252	0	0	0	0
IS	253	4	4	0	0
IS	254	2	2	0	0
IS	255	0	0	0	0
IS	256	1	1	0	0
IS	257	1	1	0	0
IS	258	1	1	0	0
IS	259	3	3	0	0
IS	260	0	0	0	0
IS	261	0	0	0	0
IS	262	2	2	0	0
IS	263	0	0	0	0
IS	264	1	1	0	0
IS	265	1	1	0	0
IS	266	1	1	0	0
IS	267	0	0	0	0
IS	268	1	1	0	0
IS	269	0	0	0	0
IS	270	2	2	0	0
IS	271	2	2	0	0
IS	272	0	0	0	0
IS	273	3	3	0	0
IS	274	2	2	0	0
IS	275	3	3	0	0
IS	276	2	2	0	0
IS	277	2	2	0	0
IS	278	2	2	0	0
IS	279	0	0	0	0
IS	280	1	1	0	0
IS	281	1	1	0	0
IS	282	0	0	0	0
IS	283	1	1	0	0
IS	284	1	1	0	0
IS	285	2	2	0	0
IS	286	1	1	0	0
IS	287	0	0	0	0
IS	288	0	0	0	0
IS	289	0	0	0	0
IS	290	5	5	0	0
IS	291	2	2	0	0
IS	292	0	0	0	0
IS	293	0	0	0	0
IS	294	0	0	0	0
IS	295	3	3	0	0
IS	296	1	1	0	0
IS	297	0	0	0	0
IS	298	0	0	0	0
IS	299	1	1	0	0
IS	300	1	1	0	0
IS	301	0	0	0	0
IS	302	2	2	0	0
IS	303	6	6	0	0
IS	304	0	0	0	0
IS	305	0	0	0	0
IS	306	1	1	0	0
IS	307	1	1	0	0
IS	308	0	0	0	0
IS	309	0	0	0	0
IS	310	4	4	0	0
IS	311	0	0	0	0
IS	312	1	1	0	0
IS	313	1	1	0	0
IS	314	3	3	0	0
IS	315	1	1	0	0
IS	316	0	0	0	0
IS	317	1	1	0	0
IS	318	0	0	0	0
IS	319	0	0	0	0
IS	320	0	0	0	0
IS	321	3	3	0	0
IS	322	0	0	0	0
IS	323	0	0	0	0
IS	324	3	3	0	0
IS	325	0	0	0	0
IS	326	0	0	0	0
IS	327	0	0	0	0
IS	328	0	0	0	0
IS	329	1	1	0	0
IS	330	0	0	0	0
IS	331	0	0	0	0
IS	332	1	1	0	0
IS	333	1	1	0	0
IS	334	1	1	0	0
IS	335	1	1	0	0
IS	336	4	4	0	0
IS	337	2	2	0	0
IS	338	2	2	0	0
IS	339	0	0	0	0
IS	340	0	0	0	0
IS	341	1	1	0	0
IS	342	0	0	0	0
IS	343	0	0	0	0
IS	344	1	1	0	0
IS	345	1	1	0	0
IS	346	2	2	0	0
IS	347	0	0	0	0
IS	348	0	0	0	0
IS	349	1	1	0	0
IS	350	1	1	0	0
IS	351	2	2	0	0
IS	352	3	3	0	0
IS	353	0	0	0	0
IS	354	1	1	0	0
IS	355	0	0	0	0
IS	356	0	0	0	0
IS	357	1	1	0	0
IS	358	1	1	0	0
IS	359	0	0	0	0
IS	360	4	4	0	0
IS	361	2	2	0	0
IS	362	4	4	0	0
IS	363	3	3	0	0
IS	364	0	0	0	0
IS	365	0	0	0	0
IS	366	0	0	0	0
IS	367	1	1	0	0
IS	368	2	2	0	0
IS	369	3	3	0	0
IS	370	0	0	0	0
IS	371	1	1	0	0
IS	372	0	0	0	0
IS	373	1	1	0	0
IS	374	6	6	0	0
IS	375	0	0	0	0
IS	376	1	1	0	0
IS	377	1	1	0	0
IS	378	0	0	0	0
IS	379	0	0	0	0
IS	380	1	1	0	0
IS	381	0	0	0	0
IS	382	3	3	0	0
IS	383	2	2	0	0
IS	384	3	3	0	0
IS	385	1	1	0	0
IS	386	1	1	0	0
IS	387	2	2	0	0
IS	388	2	2	0	0
IS	389	1	1	0	0
IS	390	4	4	0	0
IS	391	2	2	0	0
IS	392	2	2	0	0
IS	393	0	0	0	0
IS	394	0	0	0	0
IS	395	1	1	0	0
IS	396	1	1	0	0
IS	397	1	1	0	0
IS	398	1	1	0	0
IS	399	0	0	0	0
IS	400	0	0	0	0
IS	401	1	1	0	0
IS	402	1	1	0	0
IS	403	1	1	0	0
IS	404	0	0	0	0
IS	405	0	0	0	0
IS	406	3	3	0	0
IS	407	0	0	0	0
IS	408	1	1	0	0
IS	409	0	0	0	0
IS	410	5	5	0	0
IS	411	0	0	0	0
IS	412	1	1	0	0
IS	413	0	0	0	0
IS	414	1	1	0	0
IS	415	0	0	0	0
IS	416	0	0	0	0
IS	417	2	2	0	0
IS	418	0	0	0	0
IS	419	0	0	0	0
IS	420	1	1	0	0
IS	421	3	3	0	0
IS	422	3	3	0	0
IS	423	1	1	0	0
IS	424	3	3	0	0
IS	425	1	1	0	0
IS	426	2	2	0	0
IS	427	0	0	0	0
IS	428	1	1	0	0
IS	429	1	1	0	0
IS	430	1	1	0	0
IS	431	0	0	0	0
IS	432	0	0	0	0
IS	433	2	2	0	0
IS	434	0	0	0	0
IS	435	1	1	0	0
IS	436	1	1	0	0
IS	437	0	0	0	0
IS	438	0	0	0	0
IS	439	4	4	0	0
IS	440	0	0	0	0
IS	441	0	0	0	0
IS	442	2	2	0	0
IS	443	2	2	0	0
IS	444	1	1	0	0
IS	445	1	1	0	0
IS	446	0	0	0	0
IS	447	0	0	0	0
IS	448	1	1	0	0
IS	449	5	5	0	0
IS	450	0	0	0	0
IS	451	1	1	0	0
IS	452	3	3	0	0
IS	453	2	2	0	0
IS	454	0	0	0	0
IS	455	1	1	0	0
IS	456	0	0	0	0
IS	457	2	2	0	0
IS	458	0	0	0	0
IS	459	3	3	0	0
IS	460	0	0	0	0
IS	461	3	3	0	0
IS	462	1	1	0	0
IS	463	0	0	0	0
IS	464	0	0	0	0
IS	465	1	1	0	0
IS	466	0	0	0	0
IS	467	0	0	0	0
IS	468	0	0	0	0
IS	469	1	1	0	0
IS	470	0	0	0	0
IS	471	0	0	0	0
IS	472	1	1	0	0
# Read lengths. Use `grep ^RL | cut -f 2-` to extract this part. The columns are: read length, count
RL	110	2
RL	140	1
RL	144	1
RL	146	1
RL	147	6
RL	148	17
RL	149	10
RL	150	45
RL	151	620
# Read lengths - first fragments. Use `grep ^FRL | cut -f 2-` to extract this part. The columns are: read length, count
FRL	110	1
FRL	146	1
FRL	147	1
FRL	148	9
FRL	149	2
FRL	150	14
FRL	151	328
# Read lengths - last fragments. Use `grep ^LRL | cut -f 2-` to extract this part. The columns are: read length, count
LRL	110	1
LRL	140	1
LRL	144	1
LRL	147	5
LRL	148	8
LRL	149	8
LRL	150	31
LRL	151	292
# Mapping qualities for reads !(UNMAP|SECOND|SUPPL|QCFAIL|DUP). Use `grep ^MAPQ | cut -f 2-` to extract this part. The columns are: mapq, count
MAPQ	0	3
MAPQ	1	25
MAPQ	6	2
MAPQ	255	673
# Indel distribution. Use `grep ^ID | cut -f 2-` to extract this part. The columns are: length, number of insertions, number of deletions
ID	1	16	12
ID	2	3	2
# Indels per cycle. Use `grep ^IC | cut -f 2-` to extract this part. The columns are: cycle, number of insertions (fwd), .. (rev) , number of deletions (fwd), .. (rev)
IC	6	0	1	0	0
IC	7	0	1	1	0
IC	8	0	1	0	0
IC	11	0	0	0	2
IC	13	0	1	0	0
IC	34	0	0	1	0
IC	43	1	0	0	0
IC	47	1	0	0	0
IC	51	0	0	1	0
IC	54	1	0	0	0
IC	57	1	0	0	0
IC	64	0	0	0	1
IC	68	1	0	0	0
IC	69	1	0	0	0
IC	71	1	0	0	1
IC	73	1	0	0	0
IC	81	0	0	1	0
IC	90	0	0	0	1
IC	92	0	0	0	1
IC	101	1	0	0	0
IC	104	0	0	1	0
IC	107	1	0	0	0
IC	113	0	0	1	0
IC	126	0	1	0	0
IC	132	3	0	0	0
IC	143	0	1	0	0
IC	146	0	0	0	1
IC	147	0	0	0	1
# Coverage distribution. Use `grep ^COV | cut -f 2-` to extract this part.
COV	[1-1]	1	58348
COV	[2-2]	2	16799
COV	[3-3]	3	2392
COV	[4-4]	4	1577
COV	[6-6]	6	76
# GC-depth. Use `grep ^GCD | cut -f 2-` to extract this part. The columns are: GC%, unique sequence percentiles, 10th, 25th, 50th, 75th and 90th depth percentile
GCD	0.0	2.062	0.000	0.000	0.000	0.000	0.000
GCD	1.9	3.093	0.045	0.045	0.045	0.045	0.045
GCD	26.0	4.124	0.015	0.015	0.015	0.015	0.015
GCD	27.0	5.155	0.023	0.023	0.023	0.023	0.023
GCD	28.0	8.247	0.030	0.030	0.030	0.038	0.038
GCD	29.0	12.371	0.045	0.045	0.060	0.087	0.090
GCD	30.0	16.495	0.038	0.038	0.041	0.124	0.151
GCD	31.0	28.866	0.023	0.030	0.064	0.089	0.152
GCD	32.0	44.330	0.012	0.023	0.038	0.060	0.081
GCD	33.0	54.639	0.038	0.045	0.079	0.121	0.154
GCD	34.0	63.918	0.023	0.030	0.053	0.098	0.121
GCD	35.0	77.320	0.021	0.038	0.060	0.072	0.098
GCD	36.0	85.567	0.015	0.021	0.056	0.060	0.090
GCD	37.0	86.598	0.015	0.015	0.015	0.015	0.015
GCD	38.0	90.722	0.008	0.015	0.056	0.081	0.083
GCD	39.0	92.784	0.030	0.030	0.060	0.090	0.090
GCD	40.0	94.845	0.008	0.008	0.038	0.068	0.068
GCD	41.0	95.876	0.045	0.045	0.045	0.045	0.045
GCD	42.0	97.938	0.015	0.015	0.019	0.023	0.023
GCD	43.0	98.969	0.060	0.060	0.060	0.060	0.060
GCD	47.0	100.000	0.045	0.045	0.045	0.045	0.045
