# This file was produced by samtools stats (1.21+htslib-1.21) and can be plotted using plot-bamstats
# This file contains statistics for all reads.
# The command line was:  stats NC.Staphy2.3G_sorted.bam
# CHK, Checksum	[2]Read Names	[3]Sequences	[4]Qualities
# CHK, CRC32 of reads which passed filtering followed by addition (32bit overflow)
CHK	acf73ba2	4e5aab42	810368b4
# Summary Numbers. Use `grep ^SN | cut -f 2-` to extract this part.
SN	raw total sequences:	1264	# excluding supplementary and secondary reads
SN	filtered sequences:	0
SN	sequences:	1264
SN	is sorted:	1
SN	1st fragments:	632
SN	last fragments:	632
SN	reads mapped:	212
SN	reads mapped and paired:	128	# paired-end technology bit set + both mates mapped
SN	reads unmapped:	1052
SN	reads properly paired:	126	# proper-pair bit set
SN	reads paired:	1264	# paired-end technology bit set
SN	reads duplicated:	0	# PCR or optical duplicate bit set
SN	reads MQ0:	13	# mapped and MQ=0
SN	reads QC failed:	0
SN	non-primary alignments:	0
SN	supplementary alignments:	0
SN	total length:	181400	# ignores clipping
SN	total first fragment length:	91955	# ignores clipping
SN	total last fragment length:	89445	# ignores clipping
SN	bases mapped:	31571	# ignores clipping
SN	bases mapped (cigar):	31571	# more accurate
SN	bases trimmed:	0
SN	bases duplicated:	0
SN	mismatches:	1498	# from NM fields
SN	error rate:	4.744861e-02	# mismatches / bases mapped (cigar)
SN	average length:	144
SN	average first fragment length:	145
SN	average last fragment length:	142
SN	maximum length:	151
SN	maximum first fragment length:	151
SN	maximum last fragment length:	151
SN	average quality:	27.4
SN	insert size average:	312.6
SN	insert size standard deviation:	80.8
SN	inward oriented pairs:	63
SN	outward oriented pairs:	1
SN	pairs with other orientation:	0
SN	pairs on different chromosomes:	0
SN	percentage of properly paired reads (%):	10.0
# First Fragment Qualities. Use `grep ^FFQ | cut -f 2-` to extract this part.
# Columns correspond to qualities and rows to cycles. First column is the cycle number.
FFQ	1	0	0	6	0	0	0	0	0	0	0	0	0	55	0	0	0	0	0	0	0	0	0	0	0	0	0	0	45	0	0	0	0	526	0	0	0	0	0	0	0	0	0	0
FFQ	2	0	0	0	0	0	0	0	0	0	0	0	0	61	0	0	0	0	0	0	0	0	0	0	0	0	0	0	52	0	0	0	0	519	0	0	0	0	0	0	0	0	0	0
FFQ	3	0	0	0	0	0	0	0	0	0	0	0	0	40	0	0	0	0	0	0	0	0	0	0	0	0	0	0	39	0	0	0	0	217	0	0	0	0	336	0	0	0	0	0
FFQ	4	0	0	0	0	0	0	0	0	0	0	0	0	37	0	0	0	0	0	0	0	0	0	7	0	0	0	0	41	0	0	0	0	96	0	0	0	0	451	0	0	0	0	0
FFQ	5	0	0	0	0	0	0	0	0	0	0	0	0	25	0	0	0	0	0	0	0	0	0	14	0	0	0	0	26	0	0	0	0	92	0	0	0	0	475	0	0	0	0	0
FFQ	6	0	0	0	0	0	0	0	0	0	0	0	0	24	0	0	0	0	0	0	0	0	0	3	0	0	0	0	20	0	0	0	0	56	0	0	0	0	158	0	0	0	371	0
FFQ	7	0	0	0	0	0	0	0	0	0	0	0	0	20	0	0	0	0	0	0	0	0	0	8	0	0	0	0	20	0	0	0	0	55	0	0	0	0	115	0	0	0	414	0
FFQ	8	0	0	0	0	0	0	0	0	0	0	0	0	18	0	0	0	0	0	0	0	0	0	9	0	0	0	0	12	0	0	0	0	52	0	0	0	0	102	0	0	0	439	0
FFQ	9	0	0	0	0	0	0	0	0	0	0	0	0	27	0	0	0	0	0	0	0	0	0	3	0	0	0	0	19	0	0	0	0	48	0	0	0	0	102	0	0	0	433	0
FFQ	10	0	0	0	0	0	0	0	0	0	0	0	0	23	0	0	0	0	0	0	0	0	0	15	0	0	0	0	25	0	0	0	0	47	0	0	0	0	103	0	0	0	419	0
FFQ	11	0	0	0	0	0	0	0	0	0	0	0	0	25	0	0	0	0	0	0	0	0	0	11	0	0	0	0	19	0	0	0	0	52	0	0	0	0	99	0	0	0	426	0
FFQ	12	0	0	0	0	0	0	0	0	0	0	0	0	24	0	0	0	0	0	0	0	0	0	14	0	0	0	0	16	0	0	0	0	51	0	0	0	0	101	0	0	0	426	0
FFQ	13	0	0	0	0	0	0	0	0	0	0	0	0	17	0	0	0	0	0	0	0	0	0	9	0	0	0	0	17	0	0	0	0	65	0	0	0	0	114	0	0	0	410	0
FFQ	14	0	0	0	0	0	0	0	0	0	0	0	0	24	0	0	0	0	0	0	0	0	0	16	0	0	0	0	18	0	0	0	0	43	0	0	0	0	112	0	0	0	419	0
FFQ	15	0	0	0	0	0	0	0	0	0	0	0	0	24	0	0	0	0	0	0	0	0	0	14	0	0	0	0	21	0	0	0	0	47	0	0	0	0	108	0	0	0	418	0
FFQ	16	0	0	0	0	0	0	0	0	0	0	0	0	29	0	0	0	0	0	0	0	0	0	13	0	0	0	0	23	0	0	0	0	49	0	0	0	0	119	0	0	0	399	0
FFQ	17	0	0	0	0	0	0	0	0	0	0	0	0	17	0	0	0	0	0	0	0	0	0	16	0	0	0	0	21	0	0	0	0	53	0	0	0	0	121	0	0	0	404	0
FFQ	18	0	0	0	0	0	0	0	0	0	0	0	0	37	0	0	0	0	0	0	0	0	0	21	0	0	0	0	24	0	0	0	0	62	0	0	0	0	90	0	0	0	398	0
FFQ	19	0	0	0	0	0	0	0	0	0	0	0	0	40	0	0	0	0	0	0	0	0	0	16	0	0	0	0	23	0	0	0	0	50	0	0	0	0	117	0	0	0	386	0
FFQ	20	0	0	0	0	0	0	0	0	0	0	0	0	28	0	0	0	0	0	0	0	0	0	15	0	0	0	0	34	0	0	0	0	63	0	0	0	0	122	0	0	0	370	0
FFQ	21	0	0	0	0	0	0	0	0	0	0	0	0	26	0	0	0	0	0	0	0	0	0	19	0	0	0	0	25	0	0	0	0	62	0	0	0	0	114	0	0	0	386	0
FFQ	22	0	0	0	0	0	0	0	0	0	0	0	0	33	0	0	0	0	0	0	0	0	0	18	0	0	0	0	17	0	0	0	0	51	0	0	0	0	118	0	0	0	395	0
FFQ	23	0	0	0	0	0	0	0	0	0	0	0	0	50	0	0	0	0	0	0	0	0	0	27	0	0	0	0	17	0	0	0	0	60	0	0	0	0	129	0	0	0	349	0
FFQ	24	0	0	0	0	0	0	0	0	0	0	0	0	22	0	0	0	0	0	0	0	0	0	18	0	0	0	0	18	0	0	0	0	65	0	0	0	0	134	0	0	0	375	0
FFQ	25	0	0	0	0	0	0	0	0	0	0	0	0	30	0	0	0	0	0	0	0	0	0	20	0	0	0	0	23	0	0	0	0	50	0	0	0	0	91	0	0	0	418	0
FFQ	26	0	0	0	0	0	0	0	0	0	0	0	0	49	0	0	0	0	0	0	0	0	0	15	0	0	0	0	22	0	0	0	0	40	0	0	0	0	120	0	0	0	386	0
FFQ	27	0	0	3	0	0	0	0	0	0	0	0	0	37	0	0	0	0	0	0	0	0	0	23	0	0	0	0	23	0	0	0	0	45	0	0	0	0	109	0	0	0	392	0
FFQ	28	0	0	1	0	0	0	0	0	0	0	0	0	44	0	0	0	0	0	0	0	0	0	16	0	0	0	0	22	0	0	0	0	50	0	0	0	0	114	0	0	0	385	0
FFQ	29	0	0	0	0	0	0	0	0	0	0	0	0	42	0	0	0	0	0	0	0	0	0	16	0	0	0	0	50	0	0	0	0	31	0	0	0	0	117	0	0	0	376	0
FFQ	30	0	0	0	0	0	0	0	0	0	0	0	0	57	0	0	0	0	0	0	0	0	0	30	0	0	0	0	36	0	0	0	0	48	0	0	0	0	125	0	0	0	336	0
FFQ	31	0	0	0	0	0	0	0	0	0	0	0	0	73	0	0	0	0	0	0	0	0	0	27	0	0	0	0	43	0	0	0	0	36	0	0	0	0	127	0	0	0	326	0
FFQ	32	0	0	0	0	0	0	0	0	0	0	0	0	63	0	0	0	0	0	0	0	0	0	20	0	0	0	0	32	0	0	0	0	43	0	0	0	0	129	0	0	0	345	0
FFQ	33	0	0	0	0	0	0	0	0	0	0	0	0	52	0	0	0	0	0	0	0	0	0	34	0	0	0	0	46	0	0	0	0	42	0	0	0	0	109	0	0	0	349	0
FFQ	34	0	0	0	0	0	0	0	0	0	0	0	0	75	0	0	0	0	0	0	0	0	0	33	0	0	0	0	35	0	0	0	0	39	0	0	0	0	117	0	0	0	333	0
FFQ	35	0	0	0	0	0	0	0	0	0	0	0	0	86	0	0	0	0	0	0	0	0	0	35	0	0	0	0	47	0	0	0	0	30	0	0	0	0	115	0	0	0	319	0
FFQ	36	0	0	0	0	0	0	0	0	0	0	0	0	83	0	0	0	0	0	0	0	0	0	34	0	0	0	0	48	0	0	0	0	41	0	0	0	0	124	0	0	0	302	0
FFQ	37	0	0	0	0	0	0	0	0	0	0	0	0	64	0	0	0	0	0	0	0	0	0	40	0	0	0	0	58	0	0	0	0	40	0	0	0	0	114	0	0	0	316	0
FFQ	38	0	0	0	0	0	0	0	0	0	0	0	0	81	0	0	0	0	0	0	0	0	0	39	0	0	0	0	44	0	0	0	0	40	0	0	0	0	117	0	0	0	311	0
FFQ	39	0	0	0	0	0	0	0	0	0	0	0	0	86	0	0	0	0	0	0	0	0	0	34	0	0	0	0	44	0	0	0	0	49	0	0	0	0	110	0	0	0	309	0
FFQ	40	0	0	2	0	0	0	0	0	0	0	0	0	73	0	0	0	0	0	0	0	0	0	38	0	0	0	0	55	0	0	0	0	36	0	0	0	0	127	0	0	0	301	0
FFQ	41	0	0	0	0	0	0	0	0	0	0	0	0	73	0	0	0	0	0	0	0	0	0	38	0	0	0	0	36	0	0	0	0	29	0	0	0	0	127	0	0	0	329	0
FFQ	42	0	0	0	0	0	0	0	0	0	0	0	0	76	0	0	0	0	0	0	0	0	0	41	0	0	0	0	49	0	0	0	0	42	0	0	0	0	116	0	0	0	308	0
FFQ	43	0	0	0	0	0	0	0	0	0	0	0	0	88	0	0	0	0	0	0	0	0	0	29	0	0	0	0	50	0	0	0	0	32	0	0	0	0	113	0	0	0	320	0
FFQ	44	0	0	3	0	0	0	0	0	0	0	0	0	80	0	0	0	0	0	0	0	0	0	37	0	0	0	0	54	0	0	0	0	28	0	0	0	0	128	0	0	0	302	0
FFQ	45	0	0	0	0	0	0	0	0	0	0	0	0	74	0	0	0	0	0	0	0	0	0	34	0	0	0	0	52	0	0	0	0	39	0	0	0	0	111	0	0	0	322	0
FFQ	46	0	0	1	0	0	0	0	0	0	0	0	0	87	0	0	0	0	0	0	0	0	0	26	0	0	0	0	52	0	0	0	0	35	0	0	0	0	115	0	0	0	316	0
FFQ	47	0	0	1	0	0	0	0	0	0	0	0	0	89	0	0	0	0	0	0	0	0	0	46	0	0	0	0	32	0	0	0	0	39	0	0	0	0	133	0	0	0	292	0
FFQ	48	0	0	1	0	0	0	0	0	0	0	0	0	75	0	0	0	0	0	0	0	0	0	57	0	0	0	0	35	0	0	0	0	50	0	0	0	0	119	0	0	0	295	0
FFQ	49	0	0	0	0	0	0	0	0	0	0	0	0	95	0	0	0	0	0	0	0	0	0	38	0	0	0	0	47	0	0	0	0	46	0	0	0	0	104	0	0	0	302	0
FFQ	50	0	0	0	0	0	0	0	0	0	0	0	0	99	0	0	0	0	0	0	0	0	0	54	0	0	0	0	29	0	0	0	0	46	0	0	0	0	139	0	0	0	265	0
FFQ	51	0	0	0	0	0	0	0	0	0	0	0	0	106	0	0	0	0	0	0	0	0	0	42	0	0	0	0	47	0	0	0	0	43	0	0	0	0	122	0	0	0	272	0
FFQ	52	0	0	0	0	0	0	0	0	0	0	0	0	112	0	0	0	0	0	0	0	0	0	50	0	0	0	0	48	0	0	0	0	41	0	0	0	0	135	0	0	0	246	0
FFQ	53	0	0	0	0	0	0	0	0	0	0	0	0	91	0	0	0	0	0	0	0	0	0	42	0	0	0	0	43	0	0	0	0	38	0	0	0	0	120	0	0	0	298	0
FFQ	54	0	0	0	0	0	0	0	0	0	0	0	0	93	0	0	0	0	0	0	0	0	0	52	0	0	0	0	30	0	0	0	0	45	0	0	0	0	111	0	0	0	301	0
FFQ	55	0	0	0	0	0	0	0	0	0	0	0	0	112	0	0	0	0	0	0	0	0	0	45	0	0	0	0	38	0	0	0	0	39	0	0	0	0	124	0	0	0	274	0
FFQ	56	0	0	0	0	0	0	0	0	0	0	0	0	87	0	0	0	0	0	0	0	0	0	48	0	0	0	0	48	0	0	0	0	50	0	0	0	0	105	0	0	0	294	0
FFQ	57	0	0	0	0	0	0	0	0	0	0	0	0	114	0	0	0	0	0	0	0	0	0	53	0	0	0	0	40	0	0	0	0	50	0	0	0	0	120	0	0	0	255	0
FFQ	58	0	0	0	0	0	0	0	0	0	0	0	0	112	0	0	0	0	0	0	0	0	0	36	0	0	0	0	57	0	0	0	0	45	0	0	0	0	117	0	0	0	265	0
FFQ	59	0	0	0	0	0	0	0	0	0	0	0	0	94	0	0	0	0	0	0	0	0	0	40	0	0	0	0	58	0	0	0	0	43	0	0	0	0	120	0	0	0	277	0
FFQ	60	0	0	0	0	0	0	0	0	0	0	0	0	86	0	0	0	0	0	0	0	0	0	39	0	0	0	0	56	0	0	0	0	41	0	0	0	0	125	0	0	0	285	0
FFQ	61	0	0	0	0	0	0	0	0	0	0	0	0	111	0	0	0	0	0	0	0	0	0	38	0	0	0	0	70	0	0	0	0	45	0	0	0	0	94	0	0	0	274	0
FFQ	62	0	0	0	0	0	0	0	0	0	0	0	0	93	0	0	0	0	0	0	0	0	0	52	0	0	0	0	52	0	0	0	0	52	0	0	0	0	118	0	0	0	265	0
FFQ	63	0	0	0	0	0	0	0	0	0	0	0	0	123	0	0	0	0	0	0	0	0	0	48	0	0	0	0	50	0	0	0	0	45	0	0	0	0	120	0	0	0	246	0
FFQ	64	0	0	0	0	0	0	0	0	0	0	0	0	115	0	0	0	0	0	0	0	0	0	55	0	0	0	0	50	0	0	0	0	43	0	0	0	0	92	0	0	0	277	0
FFQ	65	0	0	0	0	0	0	0	0	0	0	0	0	117	0	0	0	0	0	0	0	0	0	44	0	0	0	0	47	0	0	0	0	42	0	0	0	0	108	0	0	0	274	0
FFQ	66	0	0	0	0	0	0	0	0	0	0	0	0	102	0	0	0	0	0	0	0	0	0	42	0	0	0	0	51	0	0	0	0	47	0	0	0	0	110	0	0	0	280	0
FFQ	67	0	0	0	0	0	0	0	0	0	0	0	0	119	0	0	0	0	0	0	0	0	0	46	0	0	0	0	37	0	0	0	0	54	0	0	0	0	118	0	0	0	258	0
FFQ	68	0	0	0	0	0	0	0	0	0	0	0	0	104	0	0	0	0	0	0	0	0	0	51	0	0	0	0	61	0	0	0	0	37	0	0	0	0	126	0	0	0	253	0
FFQ	69	0	0	0	0	0	0	0	0	0	0	0	0	115	0	0	0	0	0	0	0	0	0	43	0	0	0	0	68	0	0	0	0	40	0	0	0	0	111	0	0	0	255	0
FFQ	70	0	0	0	0	0	0	0	0	0	0	0	0	124	0	0	0	0	0	0	0	0	0	52	0	0	0	0	52	0	0	0	0	49	0	0	0	0	101	0	0	0	254	0
FFQ	71	0	0	0	0	0	0	0	0	0	0	0	0	109	0	0	0	0	0	0	0	0	0	46	0	0	0	0	60	0	0	0	0	50	0	0	0	0	104	0	0	0	263	0
FFQ	72	0	0	0	0	0	0	0	0	0	0	0	0	126	0	0	0	0	0	0	0	0	0	48	0	0	0	0	68	0	0	0	0	48	0	0	0	0	106	0	0	0	236	0
FFQ	73	0	0	0	0	0	0	0	0	0	0	0	0	138	0	0	0	0	0	0	0	0	0	42	0	0	0	0	59	0	0	0	0	45	0	0	0	0	114	0	0	0	234	0
FFQ	74	0	0	0	0	0	0	0	0	0	0	0	0	147	0	0	0	0	0	0	0	0	0	48	0	0	0	0	61	0	0	0	0	45	0	0	0	0	98	0	0	0	233	0
FFQ	75	0	0	0	0	0	0	0	0	0	0	0	0	146	0	0	0	0	0	0	0	0	0	43	0	0	0	0	67	0	0	0	0	52	0	0	0	0	112	0	0	0	212	0
FFQ	76	0	0	0	0	0	0	0	0	0	0	0	0	154	0	0	0	0	0	0	0	0	0	46	0	0	0	0	66	0	0	0	0	50	0	0	0	0	103	0	0	0	213	0
FFQ	77	0	0	0	0	0	0	0	0	0	0	0	0	131	0	0	0	0	0	0	0	0	0	66	0	0	0	0	87	0	0	0	0	74	0	0	0	0	115	0	0	0	159	0
FFQ	78	0	0	0	0	0	0	0	0	0	0	0	0	146	0	0	0	0	0	0	0	0	0	60	0	0	0	0	57	0	0	0	0	72	0	0	0	0	121	0	0	0	176	0
FFQ	79	0	0	0	0	0	0	0	0	0	0	0	0	135	0	0	0	0	0	0	0	0	0	68	0	0	0	0	64	0	0	0	0	57	0	0	0	0	103	0	0	0	205	0
FFQ	80	0	0	0	0	0	0	0	0	0	0	0	0	147	0	0	0	0	0	0	0	0	0	53	0	0	0	0	54	0	0	0	0	52	0	0	0	0	101	0	0	0	225	0
FFQ	81	0	0	0	0	0	0	0	0	0	0	0	0	143	0	0	0	0	0	0	0	0	0	55	0	0	0	0	57	0	0	0	0	56	0	0	0	0	94	0	0	0	227	0
FFQ	82	0	0	0	0	0	0	0	0	0	0	0	0	144	0	0	0	0	0	0	0	0	0	52	0	0	0	0	51	0	0	0	0	58	0	0	0	0	98	0	0	0	229	0
FFQ	83	0	0	0	0	0	0	0	0	0	0	0	0	156	0	0	0	0	0	0	0	0	0	48	0	0	0	0	59	0	0	0	0	49	0	0	0	0	104	0	0	0	216	0
FFQ	84	0	0	0	0	0	0	0	0	0	0	0	0	153	0	0	0	0	0	0	0	0	0	55	0	0	0	0	52	0	0	0	0	66	0	0	0	0	98	0	0	0	208	0
FFQ	85	0	0	0	0	0	0	0	0	0	0	0	0	139	0	0	0	0	0	0	0	0	0	67	0	0	0	0	49	0	0	0	0	66	0	0	0	0	101	0	0	0	210	0
FFQ	86	0	0	0	0	0	0	0	0	0	0	0	0	134	0	0	0	0	0	0	0	0	0	71	0	0	0	0	70	0	0	0	0	63	0	0	0	0	91	0	0	0	203	0
FFQ	87	0	0	0	0	0	0	0	0	0	0	0	0	151	0	0	0	0	0	0	0	0	0	58	0	0	0	0	54	0	0	0	0	67	0	0	0	0	79	0	0	0	223	0
FFQ	88	0	0	0	0	0	0	0	0	0	0	0	0	161	0	0	0	0	0	0	0	0	0	66	0	0	0	0	45	0	0	0	0	65	0	0	0	0	90	0	0	0	205	0
FFQ	89	0	0	0	0	0	0	0	0	0	0	0	0	151	0	0	0	0	0	0	0	0	0	68	0	0	0	0	57	0	0	0	0	55	0	0	0	0	89	0	0	0	212	0
FFQ	90	0	0	0	0	0	0	0	0	0	0	0	0	142	0	0	0	0	0	0	0	0	0	72	0	0	0	0	39	0	0	0	0	67	0	0	0	0	97	0	0	0	215	0
FFQ	91	0	0	0	0	0	0	0	0	0	0	0	0	164	0	0	0	0	0	0	0	0	0	65	0	0	0	0	42	0	0	0	0	56	0	0	0	0	91	0	0	0	214	0
FFQ	92	0	0	0	0	0	0	0	0	0	0	0	0	164	0	0	0	0	0	0	0	0	0	78	0	0	0	0	44	0	0	0	0	56	0	0	0	0	82	0	0	0	208	0
FFQ	93	0	0	0	0	0	0	0	0	0	0	0	0	156	0	0	0	0	0	0	0	0	0	72	0	0	0	0	42	0	0	0	0	64	0	0	0	0	90	0	0	0	208	0
FFQ	94	0	0	0	0	0	0	0	0	0	0	0	0	159	0	0	0	0	0	0	0	0	0	86	0	0	0	0	41	0	0	0	0	52	0	0	0	0	95	0	0	0	199	0
FFQ	95	0	0	0	0	0	0	0	0	0	0	0	0	156	0	0	0	0	0	0	0	0	0	96	0	0	0	0	39	0	0	0	0	60	0	0	0	0	83	0	0	0	198	0
FFQ	96	0	0	0	0	0	0	0	0	0	0	0	0	184	0	0	0	0	0	0	0	0	0	66	0	0	0	0	25	0	0	0	0	66	0	0	0	0	94	0	0	0	197	0
FFQ	97	0	0	0	0	0	0	0	0	0	0	0	0	160	0	0	0	0	0	0	0	0	0	75	0	0	0	0	29	0	0	0	0	54	0	0	0	0	106	0	0	0	208	0
FFQ	98	0	0	0	0	0	0	0	0	0	0	0	0	179	0	0	0	0	0	0	0	0	0	72	0	0	0	0	37	0	0	0	0	55	0	0	0	0	103	0	0	0	186	0
FFQ	99	0	0	0	0	0	0	0	0	0	0	0	0	162	0	0	0	0	0	0	0	0	0	83	0	0	0	0	32	0	0	0	0	70	0	0	0	0	87	0	0	0	198	0
FFQ	100	0	0	0	0	0	0	0	0	0	0	0	0	172	0	0	0	0	0	0	0	0	0	81	0	0	0	0	35	0	0	0	0	50	0	0	0	0	88	0	0	0	206	0
FFQ	101	0	0	0	0	0	0	0	0	0	0	0	0	156	0	0	0	0	0	0	0	0	0	96	0	0	0	0	35	0	0	0	0	61	0	0	0	0	95	0	0	0	188	0
FFQ	102	0	0	0	0	0	0	0	0	0	0	0	0	148	0	0	0	0	0	0	0	0	0	87	0	0	0	0	37	0	0	0	0	72	0	0	0	0	96	0	0	0	191	0
FFQ	103	0	0	0	0	0	0	0	0	0	0	0	0	165	0	0	0	0	0	0	0	0	0	86	0	0	0	0	35	0	0	0	0	46	0	0	0	0	85	0	0	0	214	0
FFQ	104	0	0	0	0	0	0	0	0	0	0	0	0	155	0	0	0	0	0	0	0	0	0	92	0	0	0	0	36	0	0	0	0	66	0	0	0	0	97	0	0	0	184	0
FFQ	105	0	0	0	0	0	0	0	0	0	0	0	0	158	0	0	0	0	0	0	0	0	0	82	0	0	0	0	37	0	0	0	0	60	0	0	0	0	91	0	0	0	202	0
FFQ	106	0	0	0	0	0	0	0	0	0	0	0	0	170	0	0	0	0	0	0	0	0	0	80	0	0	0	0	42	0	0	0	0	47	0	0	0	0	91	0	0	0	199	0
FFQ	107	0	0	0	0	0	0	0	0	0	0	0	0	151	0	0	0	0	0	0	0	0	0	79	0	0	0	0	48	0	0	0	0	57	0	0	0	0	100	0	0	0	192	0
FFQ	108	0	0	0	0	0	0	0	0	0	0	0	0	161	0	0	0	0	0	0	0	0	0	73	0	0	0	0	48	0	0	0	0	58	0	0	0	0	98	0	0	0	189	0
FFQ	109	0	0	0	0	0	0	0	0	0	0	0	0	157	0	0	0	0	0	0	0	0	0	85	0	0	0	0	42	0	0	0	0	61	0	0	0	0	87	0	0	0	194	0
FFQ	110	0	0	0	0	0	0	0	0	0	0	0	0	158	0	0	0	0	0	0	0	0	0	86	0	0	0	0	29	0	0	0	0	72	0	0	0	0	84	0	0	0	196	0
FFQ	111	0	0	0	0	0	0	0	0	0	0	0	0	170	0	0	0	0	0	0	0	0	0	87	0	0	0	0	42	0	0	0	0	56	0	0	0	0	88	0	0	0	182	0
FFQ	112	0	0	0	0	0	0	0	0	0	0	0	0	184	0	0	0	0	0	0	0	0	0	86	0	0	0	0	40	0	0	0	0	55	0	0	0	0	95	0	0	0	163	0
FFQ	113	0	0	0	0	0	0	0	0	0	0	0	0	170	0	0	0	0	0	0	0	0	0	88	0	0	0	0	35	0	0	0	0	70	0	0	0	0	86	0	0	0	172	0
FFQ	114	0	0	0	0	0	0	0	0	0	0	0	0	174	0	0	0	0	0	0	0	0	0	73	0	0	0	0	26	0	0	0	0	86	0	0	0	0	87	0	0	0	175	0
FFQ	115	0	0	0	0	0	0	0	0	0	0	0	0	175	0	0	0	0	0	0	0	0	0	82	0	0	0	0	33	0	0	0	0	74	0	0	0	0	82	0	0	0	172	0
FFQ	116	0	0	0	0	0	0	0	0	0	0	0	0	177	0	0	0	0	0	0	0	0	0	84	0	0	0	0	33	0	0	0	0	66	0	0	0	0	89	0	0	0	168	0
FFQ	117	0	0	0	0	0	0	0	0	0	0	0	0	148	0	0	0	0	0	0	0	0	0	96	0	0	0	0	40	0	0	0	0	79	0	0	0	0	85	0	0	0	164	0
FFQ	118	0	0	0	0	0	0	0	0	0	0	0	0	174	0	0	0	0	0	0	0	0	0	76	0	0	0	0	37	0	0	0	0	62	0	0	0	0	103	0	0	0	159	0
FFQ	119	0	0	0	0	0	0	0	0	0	0	0	0	152	0	0	0	0	0	0	0	0	0	99	0	0	0	0	38	0	0	0	0	71	0	0	0	0	79	0	0	0	172	0
FFQ	120	0	0	0	0	0	0	0	0	0	0	0	0	185	0	0	0	0	0	0	0	0	0	75	0	0	0	0	35	0	0	0	0	66	0	0	0	0	83	0	0	0	165	0
FFQ	121	0	0	0	0	0	0	0	0	0	0	0	0	177	0	0	0	0	0	0	0	0	0	96	0	0	0	0	32	0	0	0	0	61	0	0	0	0	85	0	0	0	153	0
FFQ	122	0	0	0	0	0	0	0	0	0	0	0	0	169	0	0	0	0	0	0	0	0	0	83	0	0	0	0	36	0	0	0	0	78	0	0	0	0	93	0	0	0	141	0
FFQ	123	0	0	0	0	0	0	0	0	0	0	0	0	156	0	0	0	0	0	0	0	0	0	86	0	0	0	0	37	0	0	0	0	69	0	0	0	0	85	0	0	0	165	0
FFQ	124	0	0	0	0	0	0	0	0	0	0	0	0	162	0	0	0	0	0	0	0	0	0	90	0	0	0	0	33	0	0	0	0	80	0	0	0	0	76	0	0	0	154	0
FFQ	125	0	0	0	0	0	0	0	0	0	0	0	0	155	0	0	0	0	0	0	0	0	0	82	0	0	0	0	49	0	0	0	0	60	0	0	0	0	87	0	0	0	160	0
FFQ	126	0	0	0	0	0	0	0	0	0	0	0	0	170	0	0	0	0	0	0	0	0	0	87	0	0	0	0	35	0	0	0	0	55	0	0	0	0	78	0	0	0	167	0
FFQ	127	0	0	0	0	0	0	0	0	0	0	0	0	176	0	0	0	0	0	0	0	0	0	82	0	0	0	0	37	0	0	0	0	59	0	0	0	0	84	0	0	0	152	0
FFQ	128	0	0	0	0	0	0	0	0	0	0	0	0	157	0	0	0	0	0	0	0	0	0	100	0	0	0	0	33	0	0	0	0	61	0	0	0	0	89	0	0	0	144	0
FFQ	129	0	0	0	0	0	0	0	0	0	0	0	0	169	0	0	0	0	0	0	0	0	0	81	0	0	0	0	47	0	0	0	0	76	0	0	0	0	73	0	0	0	129	0
FFQ	130	0	0	0	0	0	0	0	0	0	0	0	0	171	0	0	0	0	0	0	0	0	0	78	0	0	0	0	35	0	0	0	0	66	0	0	0	0	88	0	0	0	126	0
FFQ	131	0	0	0	0	0	0	0	0	0	0	0	0	161	0	0	0	0	0	0	0	0	0	86	0	0	0	0	36	0	0	0	0	62	0	0	0	0	68	0	0	0	132	0
FFQ	132	0	0	0	0	0	0	0	0	0	0	0	0	143	0	0	0	0	0	0	0	0	0	101	0	0	0	0	30	0	0	0	0	72	0	0	0	0	83	0	0	0	111	0
FFQ	133	0	0	0	0	0	0	0	0	0	0	0	0	170	0	0	0	0	0	0	0	0	0	85	0	0	0	0	28	0	0	0	0	59	0	0	0	0	79	0	0	0	115	0
FFQ	134	0	0	0	0	0	0	0	0	0	0	0	0	159	0	0	0	0	0	0	0	0	0	89	0	0	0	0	22	0	0	0	0	63	0	0	0	0	75	0	0	0	126	0
FFQ	135	0	0	0	0	0	0	0	0	0	0	0	0	145	0	0	0	0	0	0	0	0	0	104	0	0	0	0	25	0	0	0	0	61	0	0	0	0	78	0	0	0	120	0
FFQ	136	0	0	0	0	0	0	0	0	0	0	0	0	160	0	0	0	0	0	0	0	0	0	86	0	0	0	0	29	0	0	0	0	54	0	0	0	0	79	0	0	0	122	0
FFQ	137	0	0	0	0	0	0	0	0	0	0	0	0	151	0	0	0	0	0	0	0	0	0	94	0	0	0	0	34	0	0	0	0	54	0	0	0	0	89	0	0	0	107	0
FFQ	138	0	0	0	0	0	0	0	0	0	0	0	0	167	0	0	0	0	0	0	0	0	0	82	0	0	0	0	31	0	0	0	0	58	0	0	0	0	79	0	0	0	107	0
FFQ	139	0	0	0	0	0	0	0	0	0	0	0	0	149	0	0	0	0	0	0	0	0	0	98	0	0	0	0	20	0	0	0	0	54	0	0	0	0	83	0	0	0	118	0
FFQ	140	0	0	0	0	0	0	0	0	0	0	0	0	135	0	0	0	0	0	0	0	0	0	89	0	0	0	0	45	0	0	0	0	52	0	0	0	0	88	0	0	0	112	0
FFQ	141	0	0	0	0	0	0	0	0	0	0	0	0	147	0	0	0	0	0	0	0	0	0	83	0	0	0	0	31	0	0	0	0	50	0	0	0	0	81	0	0	0	124	0
FFQ	142	0	0	0	0	0	0	0	0	0	0	0	0	136	0	0	0	0	0	0	0	0	0	94	0	0	0	0	40	0	0	0	0	55	0	0	0	0	86	0	0	0	102	0
FFQ	143	0	0	0	0	0	0	0	0	0	0	0	0	133	0	0	0	0	0	0	0	0	0	78	0	0	0	0	38	0	0	0	0	61	0	0	0	0	92	0	0	0	102	0
FFQ	144	0	0	0	0	0	0	0	0	0	0	0	0	150	0	0	0	0	0	0	0	0	0	78	0	0	0	0	28	0	0	0	0	37	0	0	0	0	89	0	0	0	112	0
FFQ	145	0	0	0	0	0	0	0	0	0	0	0	0	160	0	0	0	0	0	0	0	0	0	62	0	0	0	0	33	0	0	0	0	42	0	0	0	0	93	0	0	0	99	0
FFQ	146	0	0	2	0	0	0	0	0	0	0	0	0	138	0	0	0	0	0	0	0	0	0	66	0	0	0	0	45	0	0	0	0	45	0	0	0	0	88	0	0	0	101	0
FFQ	147	0	0	0	0	0	0	0	0	0	0	0	0	138	0	0	0	0	0	0	0	0	0	65	0	0	0	0	34	0	0	0	0	42	0	0	0	0	99	0	0	0	94	0
FFQ	148	0	0	0	0	0	0	0	0	2	0	0	0	130	0	0	0	0	0	0	0	0	0	61	0	0	0	0	31	0	0	0	0	49	0	0	0	0	80	0	0	0	107	0
FFQ	149	0	0	0	0	0	0	0	0	2	0	0	0	108	0	0	0	0	0	0	0	0	0	62	0	0	0	0	31	0	0	0	0	52	0	0	0	0	84	0	0	0	98	0
FFQ	150	0	0	0	0	0	0	0	0	3	0	0	0	59	0	0	0	0	0	0	0	0	0	85	0	0	0	0	36	0	0	0	0	48	0	0	0	0	76	0	0	0	98	0
FFQ	151	0	0	0	0	0	0	0	0	0	0	0	0	0	0	0	0	0	0	0	0	0	0	81	0	0	0	0	42	0	0	0	0	47	0	0	0	0	67	0	0	0	79	0
# Last Fragment Qualities. Use `grep ^LFQ | cut -f 2-` to extract this part.
# Columns correspond to qualities and rows to cycles. First column is the cycle number.
LFQ	1	0	0	11	0	0	0	0	0	0	0	0	0	128	0	0	0	0	0	0	0	0	0	0	0	0	0	0	47	0	0	0	0	446	0	0	0	0	0	0	0	0	0	0
LFQ	2	0	0	0	0	0	0	0	0	0	0	0	0	226	0	0	0	0	0	0	0	0	0	0	0	0	0	0	49	0	0	0	0	357	0	0	0	0	0	0	0	0	0	0
LFQ	3	0	0	0	0	0	0	0	0	0	0	0	0	243	0	0	0	0	0	0	0	0	0	0	0	0	0	0	64	0	0	0	0	186	0	0	0	0	139	0	0	0	0	0
LFQ	4	0	0	0	0	0	0	0	0	0	0	0	0	246	0	0	0	0	0	0	0	0	0	1	0	0	0	0	42	0	0	0	0	128	0	0	0	0	215	0	0	0	0	0
LFQ	5	0	0	0	0	0	0	0	0	0	0	0	0	211	0	0	0	0	0	0	0	0	0	2	0	0	0	0	57	0	0	0	0	137	0	0	0	0	225	0	0	0	0	0
LFQ	6	0	0	0	0	0	0	0	0	0	0	0	0	246	0	0	0	0	0	0	0	0	0	4	0	0	0	0	47	0	0	0	0	90	0	0	0	0	72	0	0	0	173	0
LFQ	7	0	0	0	0	0	0	0	0	0	0	0	0	225	0	0	0	0	0	0	0	0	0	24	0	0	0	0	27	0	0	0	0	118	0	0	0	0	73	0	0	0	165	0
LFQ	8	0	0	0	0	0	0	0	0	0	0	0	0	192	0	0	0	0	0	0	0	0	0	36	0	0	0	0	40	0	0	0	0	123	0	0	0	0	76	0	0	0	165	0
LFQ	9	0	0	1	0	0	0	0	0	0	0	0	0	227	0	0	0	0	0	0	0	0	0	49	0	0	0	0	14	0	0	0	0	99	0	0	0	0	70	0	0	0	172	0
LFQ	10	0	0	0	0	0	0	0	0	0	0	0	0	262	0	0	0	0	0	0	0	0	0	38	0	0	0	0	13	0	0	0	0	80	0	0	0	0	60	0	0	0	179	0
LFQ	11	0	0	0	0	0	0	0	0	0	0	0	0	213	0	0	0	0	0	0	0	0	0	47	0	0	0	0	23	0	0	0	0	97	0	0	0	0	89	0	0	0	163	0
LFQ	12	0	0	0	0	0	0	0	0	0	0	0	0	239	0	0	0	0	0	0	0	0	0	52	0	0	0	0	18	0	0	0	0	90	0	0	0	0	71	0	0	0	162	0
LFQ	13	0	0	0	0	0	0	0	0	0	0	0	0	246	0	0	0	0	0	0	0	0	0	33	0	0	0	0	11	0	0	0	0	101	0	0	0	0	62	0	0	0	179	0
LFQ	14	0	0	0	0	0	0	0	0	0	0	0	0	217	0	0	0	0	0	0	0	0	0	62	0	0	0	0	22	0	0	0	0	100	0	0	0	0	65	0	0	0	166	0
LFQ	15	0	0	0	0	0	0	0	0	0	0	0	0	247	0	0	0	0	0	0	0	0	0	61	0	0	0	0	24	0	0	0	0	75	0	0	0	0	64	0	0	0	161	0
LFQ	16	0	0	0	0	0	0	0	0	0	0	0	0	230	0	0	0	0	0	0	0	0	0	81	0	0	0	0	51	0	0	0	0	38	0	0	0	0	74	0	0	0	158	0
LFQ	17	0	0	0	0	0	0	0	0	0	0	0	0	243	0	0	0	0	0	0	0	0	0	62	0	0	0	0	40	0	0	0	0	42	0	0	0	0	77	0	0	0	168	0
LFQ	18	0	0	0	0	0	0	0	0	0	0	0	0	255	0	0	0	0	0	0	0	0	0	62	0	0	0	0	37	0	0	0	0	54	0	0	0	0	53	0	0	0	171	0
LFQ	19	0	0	0	0	0	0	0	0	0	0	0	0	230	0	0	0	0	0	0	0	0	0	88	0	0	0	0	53	0	0	0	0	18	0	0	0	0	76	0	0	0	167	0
LFQ	20	0	0	0	0	0	0	0	0	0	0	0	0	262	0	0	0	0	0	0	0	0	0	63	0	0	0	0	34	0	0	0	0	33	0	0	0	0	67	0	0	0	173	0
LFQ	21	0	0	0	0	0	0	0	0	0	0	0	0	251	0	0	0	0	0	0	0	0	0	77	0	0	0	0	35	0	0	0	0	26	0	0	0	0	58	0	0	0	185	0
LFQ	22	0	0	1	0	0	0	0	0	0	0	0	0	226	0	0	0	0	0	0	0	0	0	103	0	0	0	0	51	0	0	0	0	27	0	0	0	0	57	0	0	0	167	0
LFQ	23	0	0	0	0	0	0	0	0	0	0	0	0	211	0	0	0	0	0	0	0	0	0	108	0	0	0	0	30	0	0	0	0	46	0	0	0	0	71	0	0	0	166	0
LFQ	24	0	0	0	0	0	0	0	0	0	0	0	0	219	0	0	0	0	0	0	0	0	0	81	0	0	0	0	53	0	0	0	0	39	0	0	0	0	73	0	0	0	167	0
LFQ	25	0	0	0	0	0	0	0	0	0	0	0	0	258	0	0	0	0	0	0	0	0	0	61	0	0	0	0	48	0	0	0	0	36	0	0	0	0	70	0	0	0	159	0
LFQ	26	0	0	0	0	0	0	0	0	0	0	0	0	235	0	0	0	0	0	0	0	0	0	65	0	0	0	0	59	0	0	0	0	36	0	0	0	0	63	0	0	0	174	0
LFQ	27	0	0	9	0	0	0	0	0	0	0	0	0	221	0	0	0	0	0	0	0	0	0	96	0	0	0	0	62	0	0	0	0	35	0	0	0	0	65	0	0	0	144	0
LFQ	28	0	0	0	0	0	0	0	0	0	0	0	0	253	0	0	0	0	0	0	0	0	0	69	0	0	0	0	48	0	0	0	0	29	0	0	0	0	86	0	0	0	147	0
LFQ	29	0	0	0	0	0	0	0	0	0	0	0	0	262	0	0	0	0	0	0	0	0	0	70	0	0	0	0	56	0	0	0	0	34	0	0	0	0	68	0	0	0	142	0
LFQ	30	0	0	0	0	0	0	0	0	0	0	0	0	260	0	0	0	0	0	0	0	0	0	72	0	0	0	0	50	0	0	0	0	38	0	0	0	0	68	0	0	0	144	0
LFQ	31	0	0	0	0	0	0	0	0	0	0	0	0	245	0	0	0	0	0	0	0	0	0	85	0	0	0	0	52	0	0	0	0	26	0	0	0	0	76	0	0	0	148	0
LFQ	32	0	0	1	0	0	0	0	0	0	0	0	0	265	0	0	0	0	0	0	0	0	0	75	0	0	0	0	52	0	0	0	0	27	0	0	0	0	63	0	0	0	149	0
LFQ	33	0	0	0	0	0	0	0	0	0	0	0	0	265	0	0	0	0	0	0	0	0	0	73	0	0	0	0	55	0	0	0	0	21	0	0	0	0	59	0	0	0	159	0
LFQ	34	0	0	0	0	0	0	0	0	0	0	0	0	248	0	0	0	0	0	0	0	0	0	72	0	0	0	0	70	0	0	0	0	30	0	0	0	0	76	0	0	0	136	0
LFQ	35	0	0	0	0	0	0	0	0	0	0	0	0	276	0	0	0	0	0	0	0	0	0	83	0	0	0	0	51	0	0	0	0	29	0	0	0	0	56	0	0	0	137	0
LFQ	36	0	0	0	0	0	0	0	0	0	0	0	0	270	0	0	0	0	0	0	0	0	0	77	0	0	0	0	57	0	0	0	0	19	0	0	0	0	72	0	0	0	137	0
LFQ	37	0	0	0	0	0	0	0	0	0	0	0	0	240	0	0	0	0	0	0	0	0	0	98	0	0	0	0	56	0	0	0	0	41	0	0	0	0	61	0	0	0	136	0
LFQ	38	0	0	1	0	0	0	0	0	0	0	0	0	250	0	0	0	0	0	0	0	0	0	93	0	0	0	0	67	0	0	0	0	34	0	0	0	0	54	0	0	0	133	0
LFQ	39	0	0	0	0	0	0	0	0	0	0	0	0	262	0	0	0	0	0	0	0	0	0	87	0	0	0	0	52	0	0	0	0	42	0	0	0	0	64	0	0	0	125	0
LFQ	40	0	0	0	0	0	0	0	0	0	0	0	0	266	0	0	0	0	0	0	0	0	0	79	0	0	0	0	54	0	0	0	0	38	0	0	0	0	72	0	0	0	123	0
LFQ	41	0	0	0	0	0	0	0	0	0	0	0	0	242	0	0	0	0	0	0	0	0	0	87	0	0	0	0	52	0	0	0	0	40	0	0	0	0	70	0	0	0	141	0
LFQ	42	0	0	1	0	0	0	0	0	0	0	0	0	247	0	0	0	0	0	0	0	0	0	82	0	0	0	0	51	0	0	0	0	41	0	0	0	0	69	0	0	0	141	0
LFQ	43	0	0	0	0	0	0	0	0	0	0	0	0	245	0	0	0	0	0	0	0	0	0	90	0	0	0	0	42	0	0	0	0	38	0	0	0	0	72	0	0	0	145	0
LFQ	44	0	0	0	0	0	0	0	0	0	0	0	0	256	0	0	0	0	0	0	0	0	0	83	0	0	0	0	52	0	0	0	0	41	0	0	0	0	58	0	0	0	142	0
LFQ	45	0	0	0	0	0	0	0	0	0	0	0	0	239	0	0	0	0	0	0	0	0	0	87	0	0	0	0	70	0	0	0	0	36	0	0	0	0	74	0	0	0	126	0
LFQ	46	0	0	0	0	0	0	0	0	0	0	0	0	271	0	0	0	0	0	0	0	0	0	81	0	0	0	0	52	0	0	0	0	48	0	0	0	0	57	0	0	0	123	0
LFQ	47	0	0	0	0	0	0	0	0	0	0	0	0	245	0	0	0	0	0	0	0	0	0	97	0	0	0	0	51	0	0	0	0	44	0	0	0	0	62	0	0	0	133	0
LFQ	48	0	0	1	0	0	0	0	0	0	0	0	0	248	0	0	0	0	0	0	0	0	0	103	0	0	0	0	58	0	0	0	0	38	0	0	0	0	50	0	0	0	134	0
LFQ	49	0	0	0	0	0	0	0	0	0	0	0	0	282	0	0	0	0	0	0	0	0	0	79	0	0	0	0	50	0	0	0	0	29	0	0	0	0	49	0	0	0	143	0
LFQ	50	0	0	0	0	0	0	0	0	0	0	0	0	258	0	0	0	0	0	0	0	0	0	101	0	0	0	0	50	0	0	0	0	43	0	0	0	0	46	0	0	0	134	0
LFQ	51	0	0	0	0	0	0	0	0	0	0	0	0	259	0	0	0	0	0	0	0	0	0	94	0	0	0	0	42	0	0	0	0	55	0	0	0	0	46	0	0	0	136	0
LFQ	52	0	0	1	0	0	0	0	0	0	0	0	0	256	0	0	0	0	0	0	0	0	0	89	0	0	0	0	63	0	0	0	0	47	0	0	0	0	56	0	0	0	120	0
LFQ	53	0	0	0	0	0	0	0	0	0	0	0	0	235	0	0	0	0	0	0	0	0	0	114	0	0	0	0	37	0	0	0	0	51	0	0	0	0	67	0	0	0	128	0
LFQ	54	0	0	0	0	0	0	0	0	0	0	0	0	234	0	0	0	0	0	0	0	0	0	109	0	0	0	0	57	0	0	0	0	58	0	0	0	0	52	0	0	0	122	0
LFQ	55	0	0	0	0	0	0	0	0	0	0	0	0	245	0	0	0	0	0	0	0	0	0	104	0	0	0	0	43	0	0	0	0	63	0	0	0	0	59	0	0	0	118	0
LFQ	56	0	0	0	0	0	0	0	0	0	0	0	0	249	0	0	0	0	0	0	0	0	0	107	0	0	0	0	49	0	0	0	0	51	0	0	0	0	62	0	0	0	114	0
LFQ	57	0	0	0	0	0	0	0	0	0	0	0	0	264	0	0	0	0	0	0	0	0	0	90	0	0	0	0	50	0	0	0	0	63	0	0	0	0	50	0	0	0	115	0
LFQ	58	0	0	0	0	0	0	0	0	0	0	0	0	262	0	0	0	0	0	0	0	0	0	87	0	0	0	0	51	0	0	0	0	52	0	0	0	0	48	0	0	0	132	0
LFQ	59	0	0	0	0	0	0	0	0	0	0	0	0	262	0	0	0	0	0	0	0	0	0	91	0	0	0	0	53	0	0	0	0	40	0	0	0	0	56	0	0	0	130	0
LFQ	60	0	0	1	0	0	0	0	0	0	0	0	0	299	0	0	0	0	0	0	0	0	0	92	0	0	0	0	43	0	0	0	0	44	0	0	0	0	37	0	0	0	116	0
LFQ	61	0	0	0	0	0	0	0	0	0	0	0	0	278	0	0	0	0	0	0	0	0	0	88	0	0	0	0	42	0	0	0	0	60	0	0	0	0	49	0	0	0	115	0
LFQ	62	0	0	0	0	0	0	0	0	0	0	0	0	268	0	0	0	0	0	0	0	0	0	109	0	0	0	0	50	0	0	0	0	48	0	0	0	0	43	0	0	0	114	0
LFQ	63	0	0	0	0	0	0	0	0	0	0	0	0	267	0	0	0	0	0	0	0	0	0	98	0	0	0	0	57	0	0	0	0	41	0	0	0	0	46	0	0	0	123	0
LFQ	64	0	0	0	0	0	0	0	0	0	0	0	0	262	0	0	0	0	0	0	0	0	0	97	0	0	0	0	65	0	0	0	0	52	0	0	0	0	44	0	0	0	112	0
LFQ	65	0	0	0	0	0	0	0	0	0	0	0	0	272	0	0	0	0	0	0	0	0	0	103	0	0	0	0	43	0	0	0	0	38	0	0	0	0	59	0	0	0	117	0
LFQ	66	0	0	0	0	0	0	0	0	0	0	0	0	267	0	0	0	0	0	0	0	0	0	91	0	0	0	0	47	0	0	0	0	44	0	0	0	0	55	0	0	0	128	0
LFQ	67	0	0	0	0	0	0	0	0	0	0	0	0	252	0	0	0	0	0	0	0	0	0	88	0	0	0	0	49	0	0	0	0	55	0	0	0	0	44	0	0	0	144	0
LFQ	68	0	0	0	0	0	0	0	0	0	0	0	0	252	0	0	0	0	0	0	0	0	0	99	0	0	0	0	44	0	0	0	0	35	0	0	0	0	58	0	0	0	144	0
LFQ	69	0	0	0	0	0	0	0	0	0	0	0	0	254	0	0	0	0	0	0	0	0	0	95	0	0	0	0	44	0	0	0	0	45	0	0	0	0	43	0	0	0	151	0
LFQ	70	0	0	0	0	0	0	0	0	0	0	0	0	259	0	0	0	0	0	0	0	0	0	107	0	0	0	0	41	0	0	0	0	40	0	0	0	0	45	0	0	0	140	0
LFQ	71	0	0	0	0	0	0	0	0	0	0	0	0	259	0	0	0	0	0	0	0	0	0	112	0	0	0	0	34	0	0	0	0	33	0	0	0	0	46	0	0	0	148	0
LFQ	72	0	0	0	0	0	0	0	0	0	0	0	0	277	0	0	0	0	0	0	0	0	0	103	0	0	0	0	31	0	0	0	0	34	0	0	0	0	43	0	0	0	144	0
LFQ	73	0	0	0	0	0	0	0	0	0	0	0	0	275	0	0	0	0	0	0	0	0	0	110	0	0	0	0	22	0	0	0	0	34	0	0	0	0	42	0	0	0	149	0
LFQ	74	0	0	0	0	0	0	0	0	0	0	0	0	281	0	0	0	0	0	0	0	0	0	116	0	0	0	0	25	0	0	0	0	30	0	0	0	0	44	0	0	0	136	0
LFQ	75	0	0	0	0	0	0	0	0	0	0	0	0	278	0	0	0	0	0	0	0	0	0	121	0	0	0	0	23	0	0	0	0	31	0	0	0	0	45	0	0	0	134	0
LFQ	76	0	0	0	0	0	0	0	0	0	0	0	0	287	0	0	0	0	0	0	0	0	0	90	0	0	0	0	42	0	0	0	0	43	0	0	0	0	40	0	0	0	130	0
LFQ	77	0	0	0	0	0	0	0	0	0	0	0	0	275	0	0	0	0	0	0	0	0	0	161	0	0	0	0	17	0	0	0	0	33	0	0	0	0	54	0	0	0	92	0
LFQ	78	0	0	0	0	0	0	0	0	0	0	0	0	302	0	0	0	0	0	0	0	0	0	122	0	0	0	0	29	0	0	0	0	52	0	0	0	0	47	0	0	0	80	0
LFQ	79	0	0	0	0	0	0	0	0	0	0	0	0	301	0	0	0	0	0	0	0	0	0	145	0	0	0	0	20	0	0	0	0	40	0	0	0	0	37	0	0	0	89	0
LFQ	80	0	0	0	0	0	0	0	0	0	0	0	0	301	0	0	0	0	0	0	0	0	0	133	0	0	0	0	29	0	0	0	0	39	0	0	0	0	31	0	0	0	99	0
LFQ	81	0	0	0	0	0	0	0	0	0	0	0	0	302	0	0	0	0	0	0	0	0	0	128	0	0	0	0	32	0	0	0	0	37	0	0	0	0	33	0	0	0	100	0
LFQ	82	0	0	0	0	0	0	0	0	0	0	0	0	298	0	0	0	0	0	0	0	0	0	139	0	0	0	0	28	0	0	0	0	40	0	0	0	0	31	0	0	0	96	0
LFQ	83	0	0	0	0	0	0	0	0	0	0	0	0	299	0	0	0	0	0	0	0	0	0	134	0	0	0	0	24	0	0	0	0	39	0	0	0	0	41	0	0	0	95	0
LFQ	84	0	0	0	0	0	0	0	0	0	0	0	0	311	0	0	0	0	0	0	0	0	0	116	0	0	0	0	21	0	0	0	0	50	0	0	0	0	32	0	0	0	102	0
LFQ	85	0	0	0	0	0	0	0	0	0	0	0	0	294	0	0	0	0	0	0	0	0	0	122	0	0	0	0	33	0	0	0	0	47	0	0	0	0	38	0	0	0	98	0
LFQ	86	0	0	0	0	0	0	0	0	0	0	0	0	294	0	0	0	0	0	0	0	0	0	120	0	0	0	0	31	0	0	0	0	40	0	0	0	0	39	0	0	0	108	0
LFQ	87	0	0	0	0	0	0	0	0	0	0	0	0	272	0	0	0	0	0	0	0	0	0	135	0	0	0	0	31	0	0	0	0	51	0	0	0	0	44	0	0	0	99	0
LFQ	88	0	0	0	0	0	0	0	0	0	0	0	0	288	0	0	0	0	0	0	0	0	0	126	0	0	0	0	34	0	0	0	0	49	0	0	0	0	36	0	0	0	99	0
LFQ	89	0	0	0	0	0	0	0	0	0	0	0	0	304	0	0	0	0	0	0	0	0	0	114	0	0	0	0	24	0	0	0	0	50	0	0	0	0	38	0	0	0	102	0
LFQ	90	0	0	0	0	0	0	0	0	0	0	0	0	331	0	0	0	0	0	0	0	0	0	112	0	0	0	0	21	0	0	0	0	38	0	0	0	0	28	0	0	0	102	0
LFQ	91	0	0	0	0	0	0	0	0	0	0	0	0	308	0	0	0	0	0	0	0	0	0	124	0	0	0	0	29	0	0	0	0	31	0	0	0	0	45	0	0	0	95	0
LFQ	92	0	0	0	0	0	0	0	0	0	0	0	0	322	0	0	0	0	0	0	0	0	0	126	0	0	0	0	21	0	0	0	0	37	0	0	0	0	24	0	0	0	102	0
LFQ	93	0	0	0	0	0	0	0	0	0	0	0	0	322	0	0	0	0	0	0	0	0	0	117	0	0	0	0	28	0	0	0	0	34	0	0	0	0	33	0	0	0	98	0
LFQ	94	0	0	1	0	0	0	0	0	0	0	0	0	321	0	0	0	0	0	0	0	0	0	129	0	0	0	0	29	0	0	0	0	33	0	0	0	0	23	0	0	0	96	0
LFQ	95	0	0	0	0	0	0	0	0	0	0	0	0	310	0	0	0	0	0	0	0	0	0	130	0	0	0	0	28	0	0	0	0	39	0	0	0	0	29	0	0	0	96	0
LFQ	96	0	0	0	0	0	0	0	0	0	0	0	0	300	0	0	0	0	0	0	0	0	0	129	0	0	0	0	22	0	0	0	0	51	0	0	0	0	34	0	0	0	96	0
LFQ	97	0	0	0	0	0	0	0	0	0	0	0	0	299	0	0	0	0	0	0	0	0	0	126	0	0	0	0	27	0	0	0	0	45	0	0	0	0	37	0	0	0	98	0
LFQ	98	0	0	0	0	0	0	0	0	0	0	0	0	326	0	0	0	0	0	0	0	0	0	122	0	0	0	0	18	0	0	0	0	37	0	0	0	0	34	0	0	0	95	0
LFQ	99	0	0	0	0	0	0	0	0	0	0	0	0	306	0	0	0	0	0	0	0	0	0	129	0	0	0	0	36	0	0	0	0	40	0	0	0	0	30	0	0	0	91	0
LFQ	100	0	0	0	0	0	0	0	0	0	0	0	0	303	0	0	0	0	0	0	0	0	0	135	0	0	0	0	19	0	0	0	0	41	0	0	0	0	37	0	0	0	97	0
LFQ	101	0	0	0	0	0	0	0	0	0	0	0	0	289	0	0	0	0	0	0	0	0	0	128	0	0	0	0	35	0	0	0	0	52	0	0	0	0	30	0	0	0	97	0
LFQ	102	0	0	0	0	0	0	0	0	0	0	0	0	287	0	0	0	0	0	0	0	0	0	120	0	0	0	0	32	0	0	0	0	55	0	0	0	0	40	0	0	0	96	0
LFQ	103	0	0	0	0	0	0	0	0	0	0	0	0	275	0	0	0	0	0	0	0	0	0	130	0	0	0	0	28	0	0	0	0	47	0	0	0	0	51	0	0	0	98	0
LFQ	104	0	0	0	0	0	0	0	0	0	0	0	0	300	0	0	0	0	0	0	0	0	0	115	0	0	0	0	25	0	0	0	0	47	0	0	0	0	38	0	0	0	102	0
LFQ	105	0	0	0	0	0	0	0	0	0	0	0	0	276	0	0	0	0	0	0	0	0	0	133	0	0	0	0	36	0	0	0	0	45	0	0	0	0	42	0	0	0	94	0
LFQ	106	0	0	1	0	0	0	0	0	0	0	0	0	290	0	0	0	0	0	0	0	0	0	115	0	0	0	0	25	0	0	0	0	46	0	0	0	0	45	0	0	0	98	0
LFQ	107	0	0	0	0	0	0	0	0	0	0	0	0	282	0	0	0	0	0	0	0	0	0	138	0	0	0	0	25	0	0	0	0	34	0	0	0	0	44	0	0	0	93	0
LFQ	108	0	0	0	0	0	0	0	0	0	0	0	0	292	0	0	0	0	0	0	0	0	0	116	0	0	0	0	19	0	0	0	0	42	0	0	0	0	43	0	0	0	101	0
LFQ	109	0	0	0	0	0	0	0	0	0	0	0	0	291	0	0	0	0	0	0	0	0	0	125	0	0	0	0	18	0	0	0	0	48	0	0	0	0	43	0	0	0	86	0
LFQ	110	0	0	4	0	0	0	0	0	0	0	0	0	281	0	0	0	0	0	0	0	0	0	136	0	0	0	0	12	0	0	0	0	46	0	0	0	0	43	0	0	0	87	0
LFQ	111	0	0	0	0	0	0	0	0	0	0	0	0	280	0	0	0	0	0	0	0	0	0	115	0	0	0	0	21	0	0	0	0	49	0	0	0	0	47	0	0	0	89	0
LFQ	112	0	0	0	0	0	0	0	0	0	0	0	0	269	0	0	0	0	0	0	0	0	0	143	0	0	0	0	16	0	0	0	0	46	0	0	0	0	45	0	0	0	76	0
LFQ	113	0	0	0	0	0	0	0	0	0	0	0	0	262	0	0	0	0	0	0	0	0	0	147	0	0	0	0	10	0	0	0	0	43	0	0	0	0	42	0	0	0	87	0
LFQ	114	0	0	0	0	0	0	0	0	0	0	0	0	283	0	0	0	0	0	0	0	0	0	127	0	0	0	0	17	0	0	0	0	37	0	0	0	0	47	0	0	0	75	0
LFQ	115	0	0	0	0	0	0	0	0	0	0	0	0	269	0	0	0	0	0	0	0	0	0	128	0	0	0	0	18	0	0	0	0	33	0	0	0	0	53	0	0	0	76	0
LFQ	116	0	0	0	0	0	0	0	0	0	0	0	0	251	0	0	0	0	0	0	0	0	0	143	0	0	0	0	23	0	0	0	0	34	0	0	0	0	44	0	0	0	76	0
LFQ	117	0	0	0	0	0	0	0	0	0	0	0	0	250	0	0	0	0	0	0	0	0	0	124	0	0	0	0	26	0	0	0	0	43	0	0	0	0	53	0	0	0	73	0
LFQ	118	0	0	0	0	0	0	0	0	0	0	0	0	237	0	0	0	0	0	0	0	0	0	133	0	0	0	0	19	0	0	0	0	52	0	0	0	0	48	0	0	0	75	0
LFQ	119	0	0	0	0	0	0	0	0	0	0	0	0	219	0	0	0	0	0	0	0	0	0	131	0	0	0	0	26	0	0	0	0	50	0	0	0	0	55	0	0	0	79	0
LFQ	120	0	0	0	0	0	0	0	0	0	0	0	0	231	0	0	0	0	0	0	0	0	0	97	0	0	0	0	36	0	0	0	0	60	0	0	0	0	46	0	0	0	84	0
LFQ	121	0	0	0	0	0	0	0	0	0	0	0	0	244	0	0	0	0	0	0	0	0	0	95	0	0	0	0	34	0	0	0	0	43	0	0	0	0	53	0	0	0	78	0
LFQ	122	0	0	0	0	0	0	0	0	0	0	0	0	284	0	0	0	0	0	0	0	0	0	77	0	0	0	0	21	0	0	0	0	33	0	0	0	0	56	0	0	0	66	0
LFQ	123	0	0	0	0	0	0	0	0	0	0	0	0	302	0	0	0	0	0	0	0	0	0	73	0	0	0	0	19	0	0	0	0	33	0	0	0	0	40	0	0	0	65	0
LFQ	124	0	0	0	0	0	0	0	0	10	0	0	0	302	0	0	0	0	0	0	0	0	0	52	0	0	0	0	28	0	0	0	0	22	0	0	0	0	40	0	0	0	69	0
LFQ	125	0	0	0	0	0	0	0	0	9	0	0	0	287	0	0	0	0	0	0	0	0	0	66	0	0	0	0	18	0	0	0	0	34	0	0	0	0	33	0	0	0	70	0
LFQ	126	0	0	0	0	0	0	0	0	26	0	0	0	258	0	0	0	0	0	0	0	0	0	75	0	0	0	0	17	0	0	0	0	29	0	0	0	0	47	0	0	0	60	0
LFQ	127	0	0	0	0	0	0	0	0	22	0	0	0	259	0	0	0	0	0	0	0	0	0	70	0	0	0	0	12	0	0	0	0	30	0	0	0	0	49	0	0	0	69	0
LFQ	128	0	0	0	0	0	0	0	0	17	0	0	0	277	0	0	0	0	0	0	0	0	0	60	0	0	0	0	19	0	0	0	0	32	0	0	0	0	43	0	0	0	60	0
LFQ	129	0	0	0	0	0	0	0	0	43	0	0	0	231	0	0	0	0	0	0	0	0	0	81	0	0	0	0	16	0	0	0	0	36	0	0	0	0	29	0	0	0	68	0
LFQ	130	0	0	0	0	0	0	0	0	73	0	0	0	196	0	0	0	0	0	0	0	0	0	84	0	0	0	0	22	0	0	0	0	37	0	0	0	0	24	0	0	0	63	0
LFQ	131	0	0	0	0	0	0	0	0	86	0	0	0	191	0	0	0	0	0	0	0	0	0	62	0	0	0	0	30	0	0	0	0	32	0	0	0	0	33	0	0	0	62	0
LFQ	132	0	0	0	0	0	0	0	0	109	0	0	0	159	0	0	0	0	0	0	0	0	0	68	0	0	0	0	15	0	0	0	0	45	0	0	0	0	45	0	0	0	54	0
LFQ	133	0	0	0	0	0	0	0	0	119	0	0	0	161	0	0	0	0	0	0	0	0	0	65	0	0	0	0	13	0	0	0	0	47	0	0	0	0	38	0	0	0	49	0
LFQ	134	0	0	0	0	0	0	0	0	117	0	0	0	143	0	0	0	0	0	0	0	0	0	72	0	0	0	0	18	0	0	0	0	40	0	0	0	0	37	0	0	0	60	0
LFQ	135	0	0	0	0	0	0	0	0	111	0	0	0	154	0	0	0	0	0	0	0	0	0	64	0	0	0	0	20	0	0	0	0	43	0	0	0	0	35	0	0	0	58	0
LFQ	136	0	0	0	0	0	0	0	0	120	0	0	0	152	0	0	0	0	0	0	0	0	0	63	0	0	0	0	15	0	0	0	0	27	0	0	0	0	31	0	0	0	66	0
LFQ	137	0	0	0	0	0	0	0	0	100	0	0	0	147	0	0	0	0	0	0	0	0	0	75	0	0	0	0	17	0	0	0	0	39	0	0	0	0	33	0	0	0	59	0
LFQ	138	0	0	0	0	0	0	0	0	101	0	0	0	131	0	0	0	0	0	0	0	0	0	76	0	0	0	0	24	0	0	0	0	44	0	0	0	0	26	0	0	0	62	0
LFQ	139	0	0	0	0	0	0	0	0	105	0	0	0	137	0	0	0	0	0	0	0	0	0	62	0	0	0	0	17	0	0	0	0	38	0	0	0	0	35	0	0	0	65	0
LFQ	140	0	0	0	0	0	0	0	0	122	0	0	0	131	0	0	0	0	0	0	0	0	0	49	0	0	0	0	16	0	0	0	0	41	0	0	0	0	35	0	0	0	56	0
LFQ	141	0	0	0	0	0	0	0	0	107	0	0	0	138	0	0	0	0	0	0	0	0	0	52	0	0	0	0	27	0	0	0	0	38	0	0	0	0	28	0	0	0	58	0
LFQ	142	0	0	0	0	0	0	0	0	104	0	0	0	131	0	0	0	0	0	0	0	0	0	58	0	0	0	0	29	0	0	0	0	35	0	0	0	0	28	0	0	0	58	0
LFQ	143	0	0	0	0	0	0	0	0	98	0	0	0	152	0	0	0	0	0	0	0	0	0	46	0	0	0	0	19	0	0	0	0	35	0	0	0	0	35	0	0	0	54	0
LFQ	144	0	0	0	0	0	0	0	0	87	0	0	0	150	0	0	0	0	0	0	0	0	0	48	0	0	0	0	29	0	0	0	0	51	0	0	0	0	27	0	0	0	40	0
LFQ	145	0	0	0	0	0	0	0	0	99	0	0	0	129	0	0	0	0	0	0	0	0	0	66	0	0	0	0	17	0	0	0	0	34	0	0	0	0	36	0	0	0	45	0
LFQ	146	0	0	0	0	0	0	0	0	94	0	0	0	138	0	0	0	0	0	0	0	0	0	48	0	0	0	0	24	0	0	0	0	38	0	0	0	0	26	0	0	0	49	0
LFQ	147	0	0	0	0	0	0	0	0	72	0	0	0	141	0	0	0	0	0	0	0	0	0	48	0	0	0	0	28	0	0	0	0	34	0	0	0	0	31	0	0	0	53	0
LFQ	148	0	0	0	0	0	0	0	0	71	0	0	0	116	0	0	0	0	0	0	0	0	0	54	0	0	0	0	29	0	0	0	0	32	0	0	0	0	33	0	0	0	53	0
LFQ	149	0	0	0	0	0	0	0	0	48	0	0	0	114	0	0	0	0	0	0	0	0	0	59	0	0	0	0	37	0	0	0	0	24	0	0	0	0	29	0	0	0	47	0
LFQ	150	0	0	0	0	0	0	0	0	30	0	0	0	77	0	0	0	0	0	0	0	0	0	67	0	0	0	0	33	0	0	0	0	36	0	0	0	0	23	0	0	0	46	0
LFQ	151	0	0	0	0	0	0	0	0	0	0	0	0	0	0	0	0	0	0	0	0	0	0	91	0	0	0	0	39	0	0	0	0	40	0	0	0	0	30	0	0	0	33	0
# GC Content of first fragments. Use `grep ^GCF | cut -f 2-` to extract this part.
GCF	0.25	6
GCF	0.75	0
GCF	1.51	2
GCF	2.26	1
GCF	10.80	0
GCF	19.35	1
GCF	20.35	0
GCF	21.36	1
GCF	21.86	3
GCF	23.12	1
GCF	24.62	3
GCF	25.38	2
GCF	25.88	4
GCF	26.38	5
GCF	27.14	3
GCF	27.89	7
GCF	28.39	6
GCF	28.89	5
GCF	29.40	6
GCF	29.90	5
GCF	30.40	6
GCF	30.90	13
GCF	31.41	15
GCF	31.91	12
GCF	32.41	9
GCF	33.17	13
GCF	33.92	8
GCF	34.42	10
GCF	34.92	9
GCF	35.43	12
GCF	35.93	5
GCF	36.43	14
GCF	36.93	12
GCF	37.44	11
GCF	37.94	13
GCF	38.44	8
GCF	38.94	11
GCF	39.45	13
GCF	39.95	7
GCF	40.45	8
GCF	40.95	17
GCF	41.46	14
GCF	41.96	7
GCF	42.46	5
GCF	43.22	10
GCF	43.97	9
GCF	44.47	6
GCF	44.97	2
GCF	45.48	7
GCF	45.98	6
GCF	46.73	8
GCF	47.49	5
GCF	47.99	3
GCF	48.49	6
GCF	48.99	7
GCF	49.50	8
GCF	50.00	15
GCF	50.50	9
GCF	51.01	11
GCF	51.51	4
GCF	52.01	12
GCF	52.51	35
GCF	53.02	34
GCF	53.52	39
GCF	54.02	33
GCF	54.52	18
GCF	55.03	21
GCF	55.53	13
GCF	56.03	16
GCF	56.53	11
GCF	57.04	9
GCF	57.54	10
GCF	58.04	13
GCF	58.79	6
GCF	59.55	13
GCF	60.30	7
GCF	61.06	11
GCF	61.56	5
GCF	62.06	8
GCF	63.32	5
GCF	64.57	4
GCF	65.33	6
GCF	66.58	2
GCF	67.59	0
GCF	68.09	4
GCF	68.59	6
GCF	69.10	4
GCF	69.60	2
GCF	70.10	5
GCF	70.60	4
GCF	71.11	2
GCF	71.61	1
GCF	72.11	0
GCF	73.37	1
GCF	74.62	2
GCF	75.13	1
GCF	77.64	0
GCF	80.15	3
GCF	83.17	0
GCF	86.43	1
# GC Content of last fragments. Use `grep ^GCL | cut -f 2-` to extract this part.
GCL	0.50	2
GCL	5.03	0
GCL	9.30	1
GCL	9.80	0
GCL	10.30	1
GCL	15.33	0
GCL	20.60	1
GCL	21.36	0
GCL	22.36	1
GCL	23.37	2
GCL	23.87	1
GCL	24.37	0
GCL	24.87	1
GCL	26.13	0
GCL	27.64	4
GCL	28.64	2
GCL	29.65	4
GCL	30.40	1
GCL	31.16	3
GCL	32.16	7
GCL	32.91	3
GCL	33.42	2
GCL	34.17	3
GCL	34.92	6
GCL	35.43	5
GCL	35.93	3
GCL	36.43	2
GCL	36.93	6
GCL	37.44	7
GCL	38.19	6
GCL	38.94	4
GCL	39.45	9
GCL	40.20	11
GCL	40.95	8
GCL	41.46	9
GCL	41.96	16
GCL	42.46	10
GCL	42.96	8
GCL	43.47	6
GCL	44.22	8
GCL	44.97	9
GCL	45.48	8
GCL	45.98	9
GCL	46.48	11
GCL	46.98	15
GCL	47.49	13
GCL	47.99	11
GCL	48.74	7
GCL	49.50	8
GCL	50.00	9
GCL	50.50	15
GCL	51.01	10
GCL	51.51	11
GCL	52.26	10
GCL	53.02	8
GCL	53.52	5
GCL	54.02	7
GCL	54.77	6
GCL	55.53	5
GCL	56.03	4
GCL	56.53	9
GCL	57.04	4
GCL	57.79	7
GCL	58.54	4
GCL	59.05	9
GCL	59.55	11
GCL	60.05	7
GCL	60.55	4
GCL	61.06	5
GCL	61.81	8
GCL	62.56	7
GCL	63.07	9
GCL	63.82	10
GCL	64.57	8
GCL	65.08	3
GCL	65.58	5
GCL	66.08	12
GCL	66.58	11
GCL	67.09	8
GCL	67.59	10
GCL	68.09	9
GCL	68.84	8
GCL	69.60	6
GCL	70.10	10
GCL	70.60	8
GCL	71.11	10
GCL	71.61	9
GCL	72.11	16
GCL	72.61	19
GCL	73.12	9
GCL	73.87	6
GCL	74.62	4
GCL	75.13	2
GCL	75.63	5
GCL	76.13	4
GCL	76.63	7
GCL	77.14	4
GCL	77.64	5
GCL	78.14	6
GCL	78.64	4
GCL	79.15	5
GCL	79.65	6
GCL	80.15	5
GCL	80.65	3
GCL	81.16	6
GCL	82.41	5
GCL	83.67	6
GCL	84.17	10
GCL	84.67	4
GCL	85.18	6
GCL	85.68	5
GCL	86.18	4
GCL	86.68	6
GCL	87.19	3
GCL	87.69	5
GCL	88.19	4
GCL	88.69	5
GCL	89.45	4
GCL	90.20	1
GCL	90.95	2
GCL	91.71	3
GCL	92.21	1
GCL	92.71	3
GCL	93.72	0
GCL	94.97	1
GCL	95.98	0
GCL	96.73	2
GCL	97.99	0
GCL	99.50	1
# ACGT content per cycle. Use `grep ^GCC | cut -f 2-` to extract this part. The columns are: cycle; A,C,G,T base counts as a percentage of all A/C/G/T bases [%]; and N and O counts as a percentage of all A/C/G/T bases [%]
GCC	1	28.47	37.05	21.81	12.67	1.36	0.00
GCC	2	25.95	38.45	16.69	18.91	0.00	0.00
GCC	3	36.95	27.85	19.86	15.35	0.00	0.00
GCC	4	25.00	36.00	16.69	22.31	0.00	0.00
GCC	5	26.34	26.98	18.28	28.40	0.00	0.00
GCC	6	24.76	34.73	15.74	24.76	0.00	0.00
GCC	7	21.91	16.85	19.07	42.17	0.00	0.00
GCC	8	21.28	14.95	21.99	41.77	0.00	0.00
GCC	9	22.01	22.72	15.91	39.35	0.08	0.00
GCC	10	20.49	41.30	18.51	19.70	0.00	0.00
GCC	11	18.59	43.99	18.51	18.91	0.00	0.00
GCC	12	19.07	38.37	15.66	26.90	0.00	0.00
GCC	13	20.17	24.60	21.28	33.94	0.00	0.00
GCC	14	34.26	29.35	14.24	22.15	0.00	0.00
GCC	15	25.87	35.36	20.81	17.96	0.00	0.00
GCC	16	34.26	25.08	18.51	22.15	0.00	0.00
GCC	17	23.50	38.45	20.73	17.33	0.00	0.00
GCC	18	27.06	19.07	35.60	18.28	0.00	0.00
GCC	19	35.60	25.63	19.70	19.07	0.00	0.00
GCC	20	20.65	34.26	27.45	17.64	0.00	0.00
GCC	21	22.71	26.11	30.62	20.57	0.00	0.00
GCC	22	20.67	38.08	20.67	20.59	0.08	0.00
GCC	23	25.16	30.14	15.90	28.80	0.00	0.00
GCC	24	22.23	36.47	15.98	25.32	0.00	0.00
GCC	25	23.42	20.73	18.67	37.18	0.00	0.00
GCC	26	22.07	25.47	18.91	33.54	0.00	0.00
GCC	27	18.37	41.37	17.97	22.28	0.96	0.00
GCC	28	21.62	37.61	22.25	18.53	0.08	0.00
GCC	29	24.68	25.40	30.38	19.54	0.00	0.00
GCC	30	35.60	21.04	17.96	25.40	0.00	0.00
GCC	31	22.63	23.89	19.22	34.26	0.00	0.00
GCC	32	24.31	32.54	17.02	26.13	0.08	0.00
GCC	33	31.57	23.58	22.78	22.07	0.00	0.00
GCC	34	32.99	22.86	23.73	20.41	0.00	0.00
GCC	35	32.52	27.85	18.04	21.60	0.00	0.00
GCC	36	25.24	28.24	19.78	26.74	0.00	0.00
GCC	37	20.02	36.87	23.18	19.94	0.00	0.00
GCC	38	20.90	23.91	33.33	21.85	0.08	0.00
GCC	39	23.02	28.16	25.16	23.66	0.00	0.00
GCC	40	28.13	18.70	20.92	32.25	0.16	0.00
GCC	41	25.16	17.80	25.87	31.17	0.00	0.00
GCC	42	25.10	23.59	22.88	28.42	0.08	0.00
GCC	43	24.45	32.20	27.85	15.51	0.00	0.00
GCC	44	20.14	35.69	24.19	19.98	0.24	0.00
GCC	45	20.81	34.34	20.97	23.89	0.00	0.00
GCC	46	21.77	26.84	23.36	28.03	0.08	0.00
GCC	47	23.12	32.22	18.92	25.73	0.08	0.00
GCC	48	20.84	38.75	22.11	18.30	0.16	0.00
GCC	49	22.71	28.40	29.83	19.07	0.00	0.00
GCC	50	18.28	29.83	28.64	23.26	0.00	0.00
GCC	51	22.55	22.39	34.26	20.81	0.00	0.00
GCC	52	25.89	23.75	26.76	23.59	0.08	0.00
GCC	53	22.15	26.82	32.91	18.12	0.00	0.00
GCC	54	17.88	23.42	37.74	20.97	0.00	0.00
GCC	55	19.70	30.38	30.93	18.99	0.00	0.00
GCC	56	23.18	26.98	28.48	21.36	0.00	0.00
GCC	57	26.74	28.24	23.73	21.28	0.00	0.00
GCC	58	26.11	29.27	19.54	25.08	0.00	0.00
GCC	59	24.84	26.42	25.24	23.50	0.00	0.00
GCC	60	22.72	29.85	25.89	21.54	0.08	0.00
GCC	61	24.60	24.60	31.80	18.99	0.00	0.00
GCC	62	24.21	18.99	32.52	24.29	0.00	0.00
GCC	63	25.95	22.07	25.79	26.19	0.00	0.00
GCC	64	23.89	24.68	24.53	26.90	0.00	0.00
GCC	65	27.69	25.55	21.20	25.55	0.00	0.00
GCC	66	30.70	20.65	22.71	25.95	0.00	0.00
GCC	67	31.65	21.60	25.08	21.68	0.00	0.00
GCC	68	33.07	24.84	18.04	24.05	0.00	0.00
GCC	69	27.14	28.01	22.31	22.55	0.00	0.00
GCC	70	29.19	26.27	25.00	19.54	0.00	0.00
GCC	71	30.46	20.89	32.36	16.30	0.00	0.00
GCC	72	33.70	17.41	25.16	23.73	0.00	0.00
GCC	73	36.47	17.25	24.45	21.84	0.00	0.00
GCC	74	31.96	21.12	26.50	20.41	0.00	0.00
GCC	75	31.72	25.16	25.71	17.41	0.00	0.00
GCC	76	29.35	25.32	27.61	17.72	0.00	0.00
GCC	77	27.93	27.77	27.14	17.17	0.00	0.00
GCC	78	27.29	26.58	25.32	20.81	0.00	0.00
GCC	79	26.42	26.19	27.45	19.94	0.00	0.00
GCC	80	24.53	29.75	22.94	22.78	0.00	0.00
GCC	81	24.84	28.24	28.64	18.28	0.00	0.00
GCC	82	23.42	25.32	31.41	19.86	0.00	0.00
GCC	83	22.47	23.34	33.07	21.12	0.00	0.00
GCC	84	25.00	22.94	31.49	20.57	0.00	0.00
GCC	85	22.94	22.07	34.02	20.97	0.00	0.00
GCC	86	21.99	22.15	37.58	18.28	0.00	0.00
GCC	87	21.84	20.81	37.58	19.78	0.00	0.00
GCC	88	23.50	20.02	35.44	21.04	0.00	0.00
GCC	89	24.53	23.02	32.52	19.94	0.00	0.00
GCC	90	29.43	19.54	25.63	25.40	0.00	0.00
GCC	91	29.51	22.71	26.66	21.12	0.00	0.00
GCC	92	26.27	25.95	30.70	17.09	0.00	0.00
GCC	93	25.32	19.94	36.31	18.43	0.00	0.00
GCC	94	26.13	18.37	35.23	20.27	0.08	0.00
GCC	95	25.63	18.91	33.31	22.15	0.00	0.00
GCC	96	22.94	21.52	32.12	23.42	0.00	0.00
GCC	97	25.32	19.15	36.00	19.54	0.00	0.00
GCC	98	27.14	19.46	28.80	24.60	0.00	0.00
GCC	99	27.53	21.20	30.93	20.33	0.00	0.00
GCC	100	26.58	20.97	30.54	21.91	0.00	0.00
GCC	101	27.26	21.08	30.03	21.63	0.00	0.00
GCC	102	26.17	22.76	31.09	19.98	0.00	0.00
GCC	103	27.14	17.14	36.75	18.97	0.00	0.00
GCC	104	29.20	18.54	34.53	17.74	0.00	0.00
GCC	105	31.61	16.32	31.77	20.30	0.00	0.00
GCC	106	33.25	17.63	31.09	18.03	0.08	0.00
GCC	107	30.41	18.83	33.95	16.81	0.00	0.00
GCC	108	29.52	21.21	31.53	17.74	0.00	0.00
GCC	109	26.27	24.09	32.42	17.22	0.00	0.00
GCC	110	24.88	24.47	31.06	19.59	0.33	0.00
GCC	111	23.25	21.45	34.09	21.21	0.00	0.00
GCC	112	24.30	23.40	30.54	21.76	0.00	0.00
GCC	113	25.17	23.51	32.34	18.98	0.00	0.00
GCC	114	23.53	20.63	32.89	22.95	0.00	0.00
GCC	115	23.01	20.25	33.81	22.93	0.00	0.00
GCC	116	23.82	19.36	36.87	19.95	0.00	0.00
GCC	117	25.66	18.12	35.14	21.08	0.00	0.00
GCC	118	23.66	18.13	36.17	22.04	0.00	0.00
GCC	119	23.06	19.04	41.50	16.40	0.00	0.00
GCC	120	22.53	19.69	38.26	19.52	0.00	0.00
GCC	121	27.72	19.98	33.97	18.33	0.00	0.00
GCC	122	29.73	18.65	31.31	20.32	0.00	0.00
GCC	123	31.15	20.18	28.67	20.00	0.00	0.00
GCC	124	28.89	21.38	30.59	19.14	0.00	0.00
GCC	125	29.73	18.11	34.23	17.93	0.00	0.00
GCC	126	27.36	17.21	34.24	21.20	0.00	0.00
GCC	127	22.89	20.71	35.42	20.98	0.00	0.00
GCC	128	24.63	19.14	31.78	24.45	0.00	0.00
GCC	129	25.21	17.70	33.36	23.73	0.00	0.00
GCC	130	26.34	22.30	30.20	21.17	0.00	0.00
GCC	131	28.34	19.60	31.03	21.04	0.00	0.00
GCC	132	25.31	21.84	30.43	22.42	0.00	0.00
GCC	133	31.13	21.21	26.75	20.91	0.00	0.00
GCC	134	28.89	18.51	30.75	21.84	0.00	0.00
GCC	135	29.96	19.16	28.29	22.59	0.00	0.00
GCC	136	30.48	17.63	31.67	20.22	0.00	0.00
GCC	137	31.23	16.72	30.93	21.12	0.00	0.00
GCC	138	32.09	17.91	28.95	21.05	0.00	0.00
GCC	139	32.01	18.45	30.28	19.27	0.00	0.00
GCC	140	28.53	20.19	30.07	21.22	0.00	0.00
GCC	141	27.49	23.03	31.54	17.95	0.00	0.00
GCC	142	28.66	21.55	29.18	20.61	0.00	0.00
GCC	143	27.25	20.78	30.33	21.63	0.00	0.00
GCC	144	28.83	20.30	29.05	21.81	0.00	0.00
GCC	145	27.21	20.87	29.62	22.30	0.00	0.00
GCC	146	27.22	18.44	33.33	21.00	0.22	0.00
GCC	147	26.85	20.93	26.73	25.48	0.00	0.00
GCC	148	26.42	20.75	28.77	24.06	0.00	0.00
GCC	149	27.55	21.13	31.95	19.37	0.00	0.00
GCC	150	25.52	18.97	30.54	24.97	0.00	0.00
GCC	151	29.87	17.30	34.97	17.85	0.00	0.00
# ACGT content per cycle, read oriented. Use `grep ^GCT | cut -f 2-` to extract this part. The columns are: cycle; A,C,G,T base counts as a percentage of all A/C/G/T bases [%]
GCT	1	28.87	38.57	20.29	12.27
GCT	2	26.11	38.21	16.93	18.75
GCT	3	36.31	28.56	19.15	15.98
GCT	4	25.40	35.36	17.33	21.91
GCT	5	26.19	26.90	18.35	28.56
GCT	6	24.84	34.26	16.22	24.68
GCT	7	21.91	16.46	19.46	42.17
GCT	8	20.89	15.59	21.36	42.17
GCT	9	22.57	22.88	15.76	38.80
GCT	10	20.09	40.51	19.30	20.09
GCT	11	19.70	44.38	18.12	17.80
GCT	12	17.88	39.32	14.72	28.09
GCT	13	20.09	25.24	20.65	34.02
GCT	14	33.62	28.80	14.79	22.78
GCT	15	25.87	35.13	21.04	17.96
GCT	16	34.73	25.32	18.28	21.68
GCT	17	23.18	37.10	22.07	17.64
GCT	18	27.45	19.22	35.44	17.88
GCT	19	35.60	25.08	20.25	19.07
GCT	20	22.15	34.57	27.14	16.14
GCT	21	22.94	26.58	30.14	20.33
GCT	22	21.85	37.45	21.30	19.40
GCT	23	25.95	30.38	15.66	28.01
GCT	24	22.39	36.23	16.22	25.16
GCT	25	22.94	19.70	19.70	37.66
GCT	26	21.36	25.63	18.75	34.26
GCT	27	19.01	41.29	18.05	21.65
GCT	28	21.22	38.08	21.77	18.92
GCT	29	24.29	26.03	29.75	19.94
GCT	30	36.00	20.89	18.12	25.00
GCT	31	23.58	24.13	18.99	33.31
GCT	32	23.52	32.62	16.94	26.92
GCT	33	31.01	23.26	23.10	22.63
GCT	34	32.28	22.55	24.05	21.12
GCT	35	32.20	28.88	17.01	21.91
GCT	36	26.90	28.24	19.78	25.08
GCT	37	19.54	37.10	22.94	20.41
GCT	38	19.95	24.78	32.46	22.80
GCT	39	22.78	27.37	25.95	23.89
GCT	40	28.29	18.62	21.00	32.09
GCT	41	25.47	17.72	25.95	30.85
GCT	42	25.89	23.36	23.12	27.63
GCT	43	23.73	32.36	27.69	16.22
GCT	44	19.90	35.84	24.03	20.22
GCT	45	19.94	34.81	20.49	24.76
GCT	46	21.77	26.60	23.59	28.03
GCT	47	24.39	32.62	18.53	24.47
GCT	48	20.76	39.38	21.47	18.38
GCT	49	23.73	28.40	29.83	18.04
GCT	50	18.20	29.35	29.11	23.34
GCT	51	21.99	21.91	34.73	21.36
GCT	52	27.00	23.99	26.52	22.49
GCT	53	22.07	26.98	32.75	18.20
GCT	54	17.48	22.94	38.21	21.36
GCT	55	18.99	30.85	30.46	19.70
GCT	56	21.68	26.66	28.80	22.86
GCT	57	26.90	28.48	23.50	21.12
GCT	58	26.19	28.80	20.02	25.00
GCT	59	25.08	25.95	25.71	23.26
GCT	60	22.64	30.48	25.26	21.62
GCT	61	24.37	25.40	31.01	19.22
GCT	62	23.97	19.30	32.20	24.53
GCT	63	26.03	22.07	25.79	26.11
GCT	64	23.73	24.13	25.08	27.06
GCT	65	27.69	25.47	21.28	25.55
GCT	66	30.38	20.89	22.47	26.27
GCT	67	32.75	22.31	24.37	20.57
GCT	68	32.75	24.60	18.28	24.37
GCT	69	26.82	28.56	21.76	22.86
GCT	70	29.43	26.42	24.84	19.30
GCT	71	29.98	20.81	32.44	16.77
GCT	72	33.47	17.41	25.16	23.97
GCT	73	35.60	17.41	24.29	22.71
GCT	74	32.83	20.97	26.66	19.54
GCT	75	32.52	25.24	25.63	16.61
GCT	76	29.67	26.34	26.58	17.41
GCT	77	27.69	27.77	27.14	17.41
GCT	78	26.34	26.34	25.55	21.76
GCT	79	26.58	25.79	27.85	19.78
GCT	80	24.68	29.03	23.66	22.63
GCT	81	24.45	27.77	29.11	18.67
GCT	82	22.39	24.68	32.04	20.89
GCT	83	23.42	22.47	33.94	20.17
GCT	84	25.08	23.58	30.85	20.49
GCT	85	22.71	22.07	34.02	21.20
GCT	86	21.99	22.23	37.50	18.28
GCT	87	22.63	20.25	38.13	18.99
GCT	88	23.26	19.38	36.08	21.28
GCT	89	25.40	22.55	32.99	19.07
GCT	90	29.59	19.62	25.55	25.24
GCT	91	30.62	22.63	26.74	20.02
GCT	92	26.34	25.79	30.85	17.01
GCT	93	26.42	19.70	36.55	17.33
GCT	94	27.00	17.89	35.71	19.40
GCT	95	26.58	18.99	33.23	21.20
GCT	96	21.91	20.89	32.75	24.45
GCT	97	26.03	20.09	35.05	18.83
GCT	98	27.69	18.83	29.43	24.05
GCT	99	26.98	20.73	31.41	20.89
GCT	100	25.63	21.20	30.30	22.86
GCT	101	26.62	20.92	30.19	22.27
GCT	102	25.46	22.68	31.17	20.70
GCT	103	26.67	17.30	36.59	19.44
GCT	104	28.72	18.38	34.69	18.22
GCT	105	32.40	16.32	31.77	19.51
GCT	106	33.17	18.35	30.37	18.11
GCT	107	30.49	18.26	34.51	16.73
GCT	108	30.97	19.92	32.82	16.29
GCT	109	27.00	23.69	32.82	16.49
GCT	110	26.34	24.31	31.22	18.13
GCT	111	23.98	21.94	33.61	20.47
GCT	112	24.47	23.97	29.97	21.59
GCT	113	24.59	22.69	33.17	19.55
GCT	114	24.19	20.71	32.81	22.29
GCT	115	23.01	20.33	33.72	22.93
GCT	116	25.08	19.19	37.04	18.69
GCT	117	25.91	18.29	34.97	20.83
GCT	118	24.85	17.36	36.94	20.85
GCT	119	22.03	19.04	41.50	17.42
GCT	120	22.87	19.17	38.78	19.17
GCT	121	26.67	19.81	34.14	19.37
GCT	122	30.17	19.09	30.87	19.88
GCT	123	31.77	19.91	28.94	19.38
GCT	124	29.34	21.11	30.86	18.69
GCT	125	30.36	18.83	33.51	17.30
GCT	126	27.45	17.03	34.42	21.11
GCT	127	23.43	20.62	35.51	20.44
GCT	128	25.27	18.41	32.51	23.81
GCT	129	24.65	17.98	33.09	24.28
GCT	130	26.34	21.83	30.67	21.17
GCT	131	29.78	19.40	31.22	19.60
GCT	132	25.89	20.58	31.69	21.84
GCT	133	30.16	20.53	27.43	21.89
GCT	134	27.82	17.53	31.73	22.92
GCT	135	31.43	17.78	29.67	21.12
GCT	136	30.38	18.53	30.78	20.32
GCT	137	31.23	16.22	31.43	21.12
GCT	138	33.20	17.71	29.15	19.94
GCT	139	31.60	17.53	31.19	19.67
GCT	140	27.81	19.57	30.69	21.94
GCT	141	27.59	22.41	32.16	17.84
GCT	142	28.56	20.50	30.23	20.71
GCT	143	27.57	20.57	30.54	21.31
GCT	144	28.73	20.95	28.40	21.92
GCT	145	28.31	20.55	29.95	21.20
GCT	146	26.67	19.00	32.78	21.56
GCT	147	24.91	21.50	26.17	27.42
GCT	148	26.77	20.28	29.25	23.70
GCT	149	25.41	21.26	31.82	21.51
GCT	150	26.22	18.41	31.10	24.27
GCT	151	31.15	15.85	36.43	16.58
# ACGT content per cycle for first fragments. Use `grep ^FBC | cut -f 2-` to extract this part. The columns are: cycle; A,C,G,T base counts as a percentage of all A/C/G/T bases [%]; and N and O counts as a percentage of all A/C/G/T bases [%]
FBC	1	42.65	23.16	21.73	12.46	0.96	0.00
FBC	2	27.53	38.61	14.08	19.78	0.00	0.00
FBC	3	49.84	19.78	13.92	16.46	0.00	0.00
FBC	4	22.78	41.46	12.97	22.78	0.00	0.00
FBC	5	23.89	18.67	14.87	42.56	0.00	0.00
FBC	6	26.58	40.35	10.60	22.47	0.00	0.00
FBC	7	18.51	17.41	14.72	49.37	0.00	0.00
FBC	8	19.78	17.56	15.66	46.99	0.00	0.00
FBC	9	23.89	21.04	12.50	42.56	0.00	0.00
FBC	10	23.73	46.84	11.87	17.56	0.00	0.00
FBC	11	23.10	48.10	14.24	14.56	0.00	0.00
FBC	12	21.20	43.83	13.92	21.04	0.00	0.00
FBC	13	22.94	16.93	18.67	41.46	0.00	0.00
FBC	14	44.78	22.31	12.34	20.57	0.00	0.00
FBC	15	25.47	42.56	13.13	18.83	0.00	0.00
FBC	16	43.20	17.72	17.56	21.52	0.00	0.00
FBC	17	23.73	40.82	18.67	16.77	0.00	0.00
FBC	18	26.11	17.25	38.92	17.72	0.00	0.00
FBC	19	47.15	22.47	11.39	18.99	0.00	0.00
FBC	20	21.52	42.56	16.61	19.30	0.00	0.00
FBC	21	20.89	21.04	36.23	21.84	0.00	0.00
FBC	22	19.15	43.83	12.18	24.84	0.00	0.00
FBC	23	19.94	23.89	12.66	43.51	0.00	0.00
FBC	24	21.20	41.30	11.08	26.42	0.00	0.00
FBC	25	22.31	15.66	17.25	44.78	0.00	0.00
FBC	26	21.20	19.94	14.72	44.15	0.00	0.00
FBC	27	19.71	46.74	14.63	18.92	0.48	0.00
FBC	28	24.25	39.46	17.75	18.54	0.16	0.00
FBC	29	26.27	18.20	37.03	18.51	0.00	0.00
FBC	30	42.72	20.25	12.03	25.00	0.00	0.00
FBC	31	21.52	19.94	17.25	41.30	0.00	0.00
FBC	32	24.37	39.56	12.97	23.10	0.00	0.00
FBC	33	35.92	20.89	18.20	25.00	0.00	0.00
FBC	34	31.49	25.00	22.63	20.89	0.00	0.00
FBC	35	40.19	24.37	14.08	21.36	0.00	0.00
FBC	36	25.32	27.06	14.87	32.75	0.00	0.00
FBC	37	21.68	32.75	19.46	26.11	0.00	0.00
FBC	38	22.94	19.78	30.06	27.22	0.00	0.00
FBC	39	26.11	21.99	21.52	30.38	0.00	0.00
FBC	40	31.43	17.78	13.81	36.98	0.32	0.00
FBC	41	29.11	17.56	22.47	30.85	0.00	0.00
FBC	42	23.58	26.27	21.99	28.16	0.00	0.00
FBC	43	28.01	32.28	22.31	17.41	0.00	0.00
FBC	44	20.03	32.91	22.26	24.80	0.48	0.00
FBC	45	23.42	28.80	19.15	28.64	0.00	0.00
FBC	46	27.89	21.08	22.03	29.00	0.16	0.00
FBC	47	26.62	27.26	19.18	26.94	0.16	0.00
FBC	48	24.56	34.55	21.55	19.33	0.16	0.00
FBC	49	23.89	26.42	29.11	20.57	0.00	0.00
FBC	50	20.89	23.26	27.22	28.64	0.00	0.00
FBC	51	25.95	21.68	29.27	23.10	0.00	0.00
FBC	52	28.16	24.53	18.83	28.48	0.00	0.00
FBC	53	26.58	23.26	27.37	22.78	0.00	0.00
FBC	54	19.62	24.05	32.12	24.21	0.00	0.00
FBC	55	21.20	27.37	25.16	26.27	0.00	0.00
FBC	56	26.90	24.37	22.63	26.11	0.00	0.00
FBC	57	31.80	21.04	18.04	29.11	0.00	0.00
FBC	58	30.06	24.68	13.92	31.33	0.00	0.00
FBC	59	29.11	23.89	18.35	28.64	0.00	0.00
FBC	60	23.73	25.47	26.27	24.53	0.00	0.00
FBC	61	29.59	19.78	28.80	21.84	0.00	0.00
FBC	62	28.01	16.61	28.96	26.42	0.00	0.00
FBC	63	29.91	18.67	20.89	30.54	0.00	0.00
FBC	64	25.47	23.89	22.63	28.01	0.00	0.00
FBC	65	32.44	21.04	18.04	28.48	0.00	0.00
FBC	66	35.76	20.09	20.09	24.05	0.00	0.00
FBC	67	33.86	22.94	21.04	22.15	0.00	0.00
FBC	68	33.70	23.73	14.24	28.32	0.00	0.00
FBC	69	26.58	27.69	19.78	25.95	0.00	0.00
FBC	70	29.91	21.99	22.94	25.16	0.00	0.00
FBC	71	31.65	20.89	28.48	18.99	0.00	0.00
FBC	72	37.18	15.66	18.83	28.32	0.00	0.00
FBC	73	39.24	14.87	19.30	26.58	0.00	0.00
FBC	74	28.64	21.84	26.27	23.26	0.00	0.00
FBC	75	30.54	27.85	21.52	20.09	0.00	0.00
FBC	76	28.16	26.74	23.26	21.84	0.00	0.00
FBC	77	26.90	29.11	23.26	20.73	0.00	0.00
FBC	78	28.64	24.21	19.94	27.22	0.00	0.00
FBC	79	29.75	25.79	20.09	24.37	0.00	0.00
FBC	80	28.48	27.53	18.99	25.00	0.00	0.00
FBC	81	27.85	25.95	24.53	21.68	0.00	0.00
FBC	82	27.06	24.68	25.32	22.94	0.00	0.00
FBC	83	26.11	22.31	26.74	24.84	0.00	0.00
FBC	84	29.75	23.26	23.73	23.26	0.00	0.00
FBC	85	25.47	23.89	25.32	25.32	0.00	0.00
FBC	86	24.21	22.15	33.86	19.78	0.00	0.00
FBC	87	26.58	22.94	26.74	23.73	0.00	0.00
FBC	88	28.01	19.78	25.95	26.27	0.00	0.00
FBC	89	28.64	25.32	21.52	24.53	0.00	0.00
FBC	90	29.75	16.93	19.15	34.18	0.00	0.00
FBC	91	29.75	22.94	21.20	26.11	0.00	0.00
FBC	92	27.22	29.75	25.16	17.88	0.00	0.00
FBC	93	28.80	21.04	28.64	21.52	0.00	0.00
FBC	94	27.37	18.20	29.27	25.16	0.00	0.00
FBC	95	26.74	20.73	23.89	28.64	0.00	0.00
FBC	96	23.89	23.42	22.15	30.54	0.00	0.00
FBC	97	28.80	23.73	27.37	20.09	0.00	0.00
FBC	98	31.33	21.84	21.20	25.63	0.00	0.00
FBC	99	30.85	24.53	23.10	21.52	0.00	0.00
FBC	100	26.42	21.36	26.11	26.11	0.00	0.00
FBC	101	29.32	21.71	25.52	23.45	0.00	0.00
FBC	102	27.10	23.61	26.31	22.98	0.00	0.00
FBC	103	31.70	18.54	28.68	21.08	0.00	0.00
FBC	104	34.13	18.41	26.03	21.43	0.00	0.00
FBC	105	35.71	16.67	21.59	26.03	0.00	0.00
FBC	106	33.23	17.97	27.03	21.78	0.00	0.00
FBC	107	32.38	20.73	27.27	19.62	0.00	0.00
FBC	108	28.55	25.68	24.08	21.69	0.00	0.00
FBC	109	25.08	29.39	25.56	19.97	0.00	0.00
FBC	110	26.08	26.24	23.52	24.16	0.00	0.00
FBC	111	23.20	24.80	26.08	25.92	0.00	0.00
FBC	112	26.48	24.88	24.40	24.24	0.00	0.00
FBC	113	26.73	24.15	26.73	22.38	0.00	0.00
FBC	114	25.76	20.61	24.80	28.82	0.00	0.00
FBC	115	26.86	19.26	26.38	27.51	0.00	0.00
FBC	116	25.61	20.91	27.88	25.61	0.00	0.00
FBC	117	28.76	21.41	25.65	24.18	0.00	0.00
FBC	118	26.51	21.60	27.99	23.90	0.00	0.00
FBC	119	26.19	22.59	31.75	19.48	0.00	0.00
FBC	120	26.60	22.99	25.45	24.96	0.00	0.00
FBC	121	32.12	21.69	22.52	23.68	0.00	0.00
FBC	122	32.17	23.83	22.67	21.33	0.00	0.00
FBC	123	33.28	21.24	20.40	25.08	0.00	0.00
FBC	124	30.76	25.71	22.35	21.18	0.00	0.00
FBC	125	32.72	18.21	27.66	21.42	0.00	0.00
FBC	126	30.74	17.40	27.70	24.16	0.00	0.00
FBC	127	27.12	23.05	25.59	24.24	0.00	0.00
FBC	128	25.34	21.92	21.58	31.16	0.00	0.00
FBC	129	25.91	20.70	24.52	28.87	0.00	0.00
FBC	130	27.66	23.05	23.05	26.24	0.00	0.00
FBC	131	31.38	21.47	23.12	24.04	0.00	0.00
FBC	132	27.96	23.33	22.41	26.30	0.00	0.00
FBC	133	33.02	22.01	21.08	23.88	0.00	0.00
FBC	134	32.21	21.91	23.41	22.47	0.00	0.00
FBC	135	32.08	20.83	21.76	25.33	0.00	0.00
FBC	136	35.09	18.68	24.34	21.89	0.00	0.00
FBC	137	35.54	18.34	21.55	24.57	0.00	0.00
FBC	138	33.21	18.89	20.80	27.10	0.00	0.00
FBC	139	35.06	20.31	21.65	22.99	0.00	0.00
FBC	140	29.94	24.38	22.26	23.42	0.00	0.00
FBC	141	27.91	26.36	25.39	20.35	0.00	0.00
FBC	142	29.82	23.78	20.27	26.12	0.00	0.00
FBC	143	27.58	24.40	23.61	24.40	0.00	0.00
FBC	144	29.15	22.87	22.67	25.30	0.00	0.00
FBC	145	29.24	22.09	23.31	25.36	0.00	0.00
FBC	146	25.67	19.46	30.02	24.84	0.41	0.00
FBC	147	26.91	22.25	19.28	31.57	0.00	0.00
FBC	148	28.70	22.61	21.52	27.17	0.00	0.00
FBC	149	30.43	23.57	24.26	21.74	0.00	0.00
FBC	150	26.67	23.21	20.25	29.88	0.00	0.00
FBC	151	34.81	21.20	22.15	21.84	0.00	0.00
# ACGT raw counters for first fragments. Use `grep ^FTC | cut -f 2-` to extract this part. The columns are: A,C,G,T,N base counters
FTC	26017	22461	20194	23263	20
# ACGT content per cycle for last fragments. Use `grep ^LBC | cut -f 2-` to extract this part. The columns are: cycle; A,C,G,T base counts as a percentage of all A/C/G/T bases [%]; and N and O counts as a percentage of all A/C/G/T bases [%]
LBC	1	14.17	51.05	21.90	12.88	1.77	0.00
LBC	2	24.37	38.29	19.30	18.04	0.00	0.00
LBC	3	24.05	35.92	25.79	14.24	0.00	0.00
LBC	4	27.22	30.54	20.41	21.84	0.00	0.00
LBC	5	28.80	35.28	21.68	14.24	0.00	0.00
LBC	6	22.94	29.11	20.89	27.06	0.00	0.00
LBC	7	25.32	16.30	23.42	34.97	0.00	0.00
LBC	8	22.78	12.34	28.32	36.55	0.00	0.00
LBC	9	20.13	24.41	19.33	36.13	0.16	0.00
LBC	10	17.25	35.76	25.16	21.84	0.00	0.00
LBC	11	14.08	39.87	22.78	23.26	0.00	0.00
LBC	12	16.93	32.91	17.41	32.75	0.00	0.00
LBC	13	17.41	32.28	23.89	26.42	0.00	0.00
LBC	14	23.73	36.39	16.14	23.73	0.00	0.00
LBC	15	26.27	28.16	28.48	17.09	0.00	0.00
LBC	16	25.32	32.44	19.46	22.78	0.00	0.00
LBC	17	23.26	36.08	22.78	17.88	0.00	0.00
LBC	18	28.01	20.89	32.28	18.83	0.00	0.00
LBC	19	24.05	28.80	28.01	19.15	0.00	0.00
LBC	20	19.78	25.95	38.29	15.98	0.00	0.00
LBC	21	24.53	31.17	25.00	19.30	0.00	0.00
LBC	22	22.19	32.33	29.16	16.32	0.16	0.00
LBC	23	30.38	36.39	19.15	14.08	0.00	0.00
LBC	24	23.26	31.65	20.89	24.21	0.00	0.00
LBC	25	24.53	25.79	20.09	29.59	0.00	0.00
LBC	26	22.94	31.01	23.10	22.94	0.00	0.00
LBC	27	17.01	35.96	21.35	25.68	1.44	0.00
LBC	28	18.99	35.76	26.74	18.51	0.00	0.00
LBC	29	23.10	32.59	23.73	20.57	0.00	0.00
LBC	30	28.48	21.84	23.89	25.79	0.00	0.00
LBC	31	23.73	27.85	21.20	27.22	0.00	0.00
LBC	32	24.25	25.52	21.08	29.16	0.16	0.00
LBC	33	27.22	26.27	27.37	19.15	0.00	0.00
LBC	34	34.49	20.73	24.84	19.94	0.00	0.00
LBC	35	24.84	31.33	21.99	21.84	0.00	0.00
LBC	36	25.16	29.43	24.68	20.73	0.00	0.00
LBC	37	18.35	40.98	26.90	13.77	0.00	0.00
LBC	38	18.86	28.05	36.61	16.48	0.16	0.00
LBC	39	19.94	34.34	28.80	16.93	0.00	0.00
LBC	40	24.84	19.62	28.01	27.53	0.00	0.00
LBC	41	21.20	18.04	29.27	31.49	0.00	0.00
LBC	42	26.62	20.92	23.77	28.68	0.16	0.00
LBC	43	20.89	32.12	33.39	13.61	0.00	0.00
LBC	44	20.25	38.45	26.11	15.19	0.00	0.00
LBC	45	18.20	39.87	22.78	19.15	0.00	0.00
LBC	46	15.66	32.59	24.68	27.06	0.00	0.00
LBC	47	19.62	37.18	18.67	24.53	0.00	0.00
LBC	48	17.12	42.95	22.66	17.27	0.16	0.00
LBC	49	21.52	30.38	30.54	17.56	0.00	0.00
LBC	50	15.66	36.39	30.06	17.88	0.00	0.00
LBC	51	19.15	23.10	39.24	18.51	0.00	0.00
LBC	52	23.61	22.98	34.71	18.70	0.16	0.00
LBC	53	17.72	30.38	38.45	13.45	0.00	0.00
LBC	54	16.14	22.78	43.35	17.72	0.00	0.00
LBC	55	18.20	33.39	36.71	11.71	0.00	0.00
LBC	56	19.46	29.59	34.34	16.61	0.00	0.00
LBC	57	21.68	35.44	29.43	13.45	0.00	0.00
LBC	58	22.15	33.86	25.16	18.83	0.00	0.00
LBC	59	20.57	28.96	32.12	18.35	0.00	0.00
LBC	60	21.71	34.23	25.52	18.54	0.16	0.00
LBC	61	19.62	29.43	34.81	16.14	0.00	0.00
LBC	62	20.41	21.36	36.08	22.15	0.00	0.00
LBC	63	21.99	25.47	30.70	21.84	0.00	0.00
LBC	64	22.31	25.47	26.42	25.79	0.00	0.00
LBC	65	22.94	30.06	24.37	22.63	0.00	0.00
LBC	66	25.63	21.20	25.32	27.85	0.00	0.00
LBC	67	29.43	20.25	29.11	21.20	0.00	0.00
LBC	68	32.44	25.95	21.84	19.78	0.00	0.00
LBC	69	27.69	28.32	24.84	19.15	0.00	0.00
LBC	70	28.48	30.54	27.06	13.92	0.00	0.00
LBC	71	29.27	20.89	36.23	13.61	0.00	0.00
LBC	72	30.22	19.15	31.49	19.15	0.00	0.00
LBC	73	33.70	19.62	29.59	17.09	0.00	0.00
LBC	74	35.28	20.41	26.74	17.56	0.00	0.00
LBC	75	32.91	22.47	29.91	14.72	0.00	0.00
LBC	76	30.54	23.89	31.96	13.61	0.00	0.00
LBC	77	28.96	26.42	31.01	13.61	0.00	0.00
LBC	78	25.95	28.96	30.70	14.40	0.00	0.00
LBC	79	23.10	26.58	34.81	15.51	0.00	0.00
LBC	80	20.57	31.96	26.90	20.57	0.00	0.00
LBC	81	21.84	30.54	32.75	14.87	0.00	0.00
LBC	82	19.78	25.95	37.50	16.77	0.00	0.00
LBC	83	18.83	24.37	39.40	17.41	0.00	0.00
LBC	84	20.25	22.63	39.24	17.88	0.00	0.00
LBC	85	20.41	20.25	42.72	16.61	0.00	0.00
LBC	86	19.78	22.15	41.30	16.77	0.00	0.00
LBC	87	17.09	18.67	48.42	15.82	0.00	0.00
LBC	88	18.99	20.25	44.94	15.82	0.00	0.00
LBC	89	20.41	20.73	43.51	15.35	0.00	0.00
LBC	90	29.11	22.15	32.12	16.61	0.00	0.00
LBC	91	29.27	22.47	32.12	16.14	0.00	0.00
LBC	92	25.32	22.15	36.23	16.30	0.00	0.00
LBC	93	21.84	18.83	43.99	15.35	0.00	0.00
LBC	94	24.88	18.54	41.20	15.37	0.16	0.00
LBC	95	24.53	17.09	42.72	15.66	0.00	0.00
LBC	96	21.99	19.62	42.09	16.30	0.00	0.00
LBC	97	21.84	14.56	44.62	18.99	0.00	0.00
LBC	98	22.94	17.09	36.39	23.58	0.00	0.00
LBC	99	24.21	17.88	38.77	19.15	0.00	0.00
LBC	100	26.74	20.57	34.97	17.72	0.00	0.00
LBC	101	25.20	20.44	34.55	19.81	0.00	0.00
LBC	102	25.24	21.90	35.87	16.98	0.00	0.00
LBC	103	22.58	15.74	44.83	16.85	0.00	0.00
LBC	104	24.24	18.66	43.06	14.04	0.00	0.00
LBC	105	27.48	15.97	42.01	14.54	0.00	0.00
LBC	106	33.28	17.29	35.22	14.22	0.16	0.00
LBC	107	28.41	16.88	40.75	13.96	0.00	0.00
LBC	108	30.51	16.64	39.15	13.70	0.00	0.00
LBC	109	27.50	18.66	39.44	14.40	0.00	0.00
LBC	110	23.64	22.64	38.84	14.88	0.66	0.00
LBC	111	23.29	17.97	42.43	16.31	0.00	0.00
LBC	112	22.02	21.85	36.97	19.16	0.00	0.00
LBC	113	23.52	22.84	38.24	15.40	0.00	0.00
LBC	114	21.16	20.65	41.47	16.72	0.00	0.00
LBC	115	18.89	21.32	41.77	18.02	0.00	0.00
LBC	116	21.89	17.69	46.58	13.84	0.00	0.00
LBC	117	22.32	14.59	45.34	17.75	0.00	0.00
LBC	118	20.57	14.36	45.04	20.04	0.00	0.00
LBC	119	19.64	15.18	52.14	13.04	0.00	0.00
LBC	120	18.05	16.06	52.35	13.54	0.00	0.00
LBC	121	22.85	18.10	46.62	12.43	0.00	0.00
LBC	122	27.00	12.85	40.97	19.18	0.00	0.00
LBC	123	28.76	18.98	37.97	14.29	0.00	0.00
LBC	124	26.77	16.44	39.96	16.83	0.00	0.00
LBC	125	26.31	17.99	41.78	13.93	0.00	0.00
LBC	126	23.44	16.99	41.80	17.77	0.00	0.00
LBC	127	18.00	18.00	46.77	17.22	0.00	0.00
LBC	128	23.82	15.94	43.50	16.73	0.00	0.00
LBC	129	24.40	14.29	43.45	17.86	0.00	0.00
LBC	130	24.85	21.44	38.28	15.43	0.00	0.00
LBC	131	25.00	17.54	39.72	17.74	0.00	0.00
LBC	132	22.42	20.20	39.19	18.18	0.00	0.00
LBC	133	29.07	20.33	32.93	17.68	0.00	0.00
LBC	134	25.26	14.78	38.81	21.15	0.00	0.00
LBC	135	27.63	17.32	35.46	19.59	0.00	0.00
LBC	136	25.32	16.46	39.87	18.35	0.00	0.00
LBC	137	26.38	14.89	41.49	17.23	0.00	0.00
LBC	138	30.82	16.81	38.15	14.22	0.00	0.00
LBC	139	28.54	16.34	40.09	15.03	0.00	0.00
LBC	140	26.89	15.33	39.11	18.67	0.00	0.00
LBC	141	27.01	19.20	38.62	15.18	0.00	0.00
LBC	142	27.31	18.96	39.50	14.22	0.00	0.00
LBC	143	26.88	16.63	38.04	18.45	0.00	0.00
LBC	144	28.47	17.36	36.34	17.82	0.00	0.00
LBC	145	24.88	19.48	36.85	18.78	0.00	0.00
LBC	146	29.02	17.27	37.17	16.55	0.00	0.00
LBC	147	26.78	19.41	35.38	18.43	0.00	0.00
LBC	148	23.71	18.56	37.37	20.36	0.00	0.00
LBC	149	24.02	18.16	41.34	16.48	0.00	0.00
LBC	150	24.04	13.46	43.91	18.59	0.00	0.00
LBC	151	23.18	12.02	52.36	12.45	0.00	0.00
# ACGT raw counters for last fragments. Use `grep ^LTC | cut -f 2-` to extract this part. The columns are: A,C,G,T,N base counters
LTC	21167	22093	29366	16785	34
# Insert sizes. Use `grep ^IS | cut -f 2-` to extract this part. The columns are: insert size, pairs total, inward oriented pairs, outward oriented pairs, other pairs
IS	0	0	0	0	0
IS	1	0	0	0	0
IS	2	0	0	0	0
IS	3	0	0	0	0
IS	4	0	0	0	0
IS	5	0	0	0	0
IS	6	0	0	0	0
IS	7	0	0	0	0
IS	8	0	0	0	0
IS	9	0	0	0	0
IS	10	0	0	0	0
IS	11	0	0	0	0
IS	12	0	0	0	0
IS	13	0	0	0	0
IS	14	0	0	0	0
IS	15	0	0	0	0
IS	16	0	0	0	0
IS	17	0	0	0	0
IS	18	0	0	0	0
IS	19	0	0	0	0
IS	20	0	0	0	0
IS	21	0	0	0	0
IS	22	0	0	0	0
IS	23	0	0	0	0
IS	24	0	0	0	0
IS	25	0	0	0	0
IS	26	0	0	0	0
IS	27	0	0	0	0
IS	28	0	0	0	0
IS	29	0	0	0	0
IS	30	0	0	0	0
IS	31	0	0	0	0
IS	32	0	0	0	0
IS	33	0	0	0	0
IS	34	0	0	0	0
IS	35	0	0	0	0
IS	36	0	0	0	0
IS	37	0	0	0	0
IS	38	0	0	0	0
IS	39	0	0	0	0
IS	40	0	0	0	0
IS	41	0	0	0	0
IS	42	0	0	0	0
IS	43	0	0	0	0
IS	44	0	0	0	0
IS	45	0	0	0	0
IS	46	0	0	0	0
IS	47	0	0	0	0
IS	48	0	0	0	0
IS	49	0	0	0	0
IS	50	0	0	0	0
IS	51	0	0	0	0
IS	52	0	0	0	0
IS	53	0	0	0	0
IS	54	0	0	0	0
IS	55	0	0	0	0
IS	56	0	0	0	0
IS	57	0	0	0	0
IS	58	0	0	0	0
IS	59	0	0	0	0
IS	60	0	0	0	0
IS	61	0	0	0	0
IS	62	0	0	0	0
IS	63	0	0	0	0
IS	64	0	0	0	0
IS	65	0	0	0	0
IS	66	0	0	0	0
IS	67	0	0	0	0
IS	68	0	0	0	0
IS	69	0	0	0	0
IS	70	0	0	0	0
IS	71	0	0	0	0
IS	72	0	0	0	0
IS	73	0	0	0	0
IS	74	0	0	0	0
IS	75	0	0	0	0
IS	76	0	0	0	0
IS	77	0	0	0	0
IS	78	0	0	0	0
IS	79	0	0	0	0
IS	80	0	0	0	0
IS	81	0	0	0	0
IS	82	0	0	0	0
IS	83	0	0	0	0
IS	84	0	0	0	0
IS	85	0	0	0	0
IS	86	0	0	0	0
IS	87	0	0	0	0
IS	88	0	0	0	0
IS	89	0	0	0	0
IS	90	0	0	0	0
IS	91	0	0	0	0
IS	92	0	0	0	0
IS	93	0	0	0	0
IS	94	0	0	0	0
IS	95	0	0	0	0
IS	96	0	0	0	0
IS	97	0	0	0	0
IS	98	0	0	0	0
IS	99	0	0	0	0
IS	100	0	0	0	0
IS	101	0	0	0	0
IS	102	0	0	0	0
IS	103	0	0	0	0
IS	104	0	0	0	0
IS	105	0	0	0	0
IS	106	0	0	0	0
IS	107	0	0	0	0
IS	108	0	0	0	0
IS	109	0	0	0	0
IS	110	0	0	0	0
IS	111	0	0	0	0
IS	112	0	0	0	0
IS	113	0	0	0	0
IS	114	0	0	0	0
IS	115	0	0	0	0
IS	116	0	0	0	0
IS	117	0	0	0	0
IS	118	0	0	0	0
IS	119	0	0	0	0
IS	120	0	0	0	0
IS	121	0	0	0	0
IS	122	0	0	0	0
IS	123	0	0	0	0
IS	124	0	0	0	0
IS	125	0	0	0	0
IS	126	0	0	0	0
IS	127	0	0	0	0
IS	128	0	0	0	0
IS	129	0	0	0	0
IS	130	0	0	0	0
IS	131	0	0	0	0
IS	132	0	0	0	0
IS	133	0	0	0	0
IS	134	0	0	0	0
IS	135	0	0	0	0
IS	136	0	0	0	0
IS	137	0	0	0	0
IS	138	0	0	0	0
IS	139	0	0	0	0
IS	140	0	0	0	0
IS	141	0	0	0	0
IS	142	0	0	0	0
IS	143	0	0	0	0
IS	144	0	0	0	0
IS	145	0	0	0	0
IS	146	0	0	0	0
IS	147	1	0	1	0
IS	148	0	0	0	0
IS	149	0	0	0	0
IS	150	0	0	0	0
IS	151	0	0	0	0
IS	152	0	0	0	0
IS	153	0	0	0	0
IS	154	0	0	0	0
IS	155	0	0	0	0
IS	156	0	0	0	0
IS	157	0	0	0	0
IS	158	0	0	0	0
IS	159	0	0	0	0
IS	160	0	0	0	0
IS	161	0	0	0	0
IS	162	0	0	0	0
IS	163	0	0	0	0
IS	164	0	0	0	0
IS	165	0	0	0	0
IS	166	0	0	0	0
IS	167	0	0	0	0
IS	168	0	0	0	0
IS	169	0	0	0	0
IS	170	0	0	0	0
IS	171	0	0	0	0
IS	172	0	0	0	0
IS	173	0	0	0	0
IS	174	0	0	0	0
IS	175	0	0	0	0
IS	176	0	0	0	0
IS	177	0	0	0	0
IS	178	0	0	0	0
IS	179	0	0	0	0
IS	180	0	0	0	0
IS	181	0	0	0	0
IS	182	0	0	0	0
IS	183	0	0	0	0
IS	184	1	1	0	0
IS	185	0	0	0	0
IS	186	0	0	0	0
IS	187	0	0	0	0
IS	188	0	0	0	0
IS	189	0	0	0	0
IS	190	0	0	0	0
IS	191	0	0	0	0
IS	192	0	0	0	0
IS	193	0	0	0	0
IS	194	0	0	0	0
IS	195	0	0	0	0
IS	196	0	0	0	0
IS	197	0	0	0	0
IS	198	0	0	0	0
IS	199	0	0	0	0
IS	200	1	1	0	0
IS	201	0	0	0	0
IS	202	0	0	0	0
IS	203	0	0	0	0
IS	204	0	0	0	0
IS	205	0	0	0	0
IS	206	0	0	0	0
IS	207	0	0	0	0
IS	208	0	0	0	0
IS	209	1	1	0	0
IS	210	1	1	0	0
IS	211	0	0	0	0
IS	212	0	0	0	0
IS	213	0	0	0	0
IS	214	0	0	0	0
IS	215	0	0	0	0
IS	216	0	0	0	0
IS	217	1	1	0	0
IS	218	0	0	0	0
IS	219	0	0	0	0
IS	220	0	0	0	0
IS	221	1	1	0	0
IS	222	1	1	0	0
IS	223	0	0	0	0
IS	224	0	0	0	0
IS	225	0	0	0	0
IS	226	2	2	0	0
IS	227	1	1	0	0
IS	228	0	0	0	0
IS	229	0	0	0	0
IS	230	0	0	0	0
IS	231	0	0	0	0
IS	232	0	0	0	0
IS	233	1	1	0	0
IS	234	0	0	0	0
IS	235	1	1	0	0
IS	236	0	0	0	0
IS	237	0	0	0	0
IS	238	0	0	0	0
IS	239	0	0	0	0
IS	240	0	0	0	0
IS	241	0	0	0	0
IS	242	0	0	0	0
IS	243	1	1	0	0
IS	244	2	2	0	0
IS	245	0	0	0	0
IS	246	0	0	0	0
IS	247	1	1	0	0
IS	248	0	0	0	0
IS	249	1	1	0	0
IS	250	0	0	0	0
IS	251	0	0	0	0
IS	252	0	0	0	0
IS	253	0	0	0	0
IS	254	0	0	0	0
IS	255	1	1	0	0
IS	256	1	1	0	0
IS	257	0	0	0	0
IS	258	0	0	0	0
IS	259	0	0	0	0
IS	260	0	0	0	0
IS	261	0	0	0	0
IS	262	0	0	0	0
IS	263	0	0	0	0
IS	264	0	0	0	0
IS	265	0	0	0	0
IS	266	0	0	0	0
IS	267	2	2	0	0
IS	268	0	0	0	0
IS	269	0	0	0	0
IS	270	0	0	0	0
IS	271	1	1	0	0
IS	272	2	2	0	0
IS	273	0	0	0	0
IS	274	0	0	0	0
IS	275	0	0	0	0
IS	276	0	0	0	0
IS	277	0	0	0	0
IS	278	1	1	0	0
IS	279	0	0	0	0
IS	280	0	0	0	0
IS	281	1	1	0	0
IS	282	0	0	0	0
IS	283	0	0	0	0
IS	284	0	0	0	0
IS	285	0	0	0	0
IS	286	1	1	0	0
IS	287	0	0	0	0
IS	288	0	0	0	0
IS	289	0	0	0	0
IS	290	1	1	0	0
IS	291	0	0	0	0
IS	292	0	0	0	0
IS	293	0	0	0	0
IS	294	1	1	0	0
IS	295	1	1	0	0
IS	296	0	0	0	0
IS	297	1	1	0	0
IS	298	0	0	0	0
IS	299	0	0	0	0
IS	300	0	0	0	0
IS	301	0	0	0	0
IS	302	1	1	0	0
IS	303	1	1	0	0
IS	304	0	0	0	0
IS	305	0	0	0	0
IS	306	0	0	0	0
IS	307	0	0	0	0
IS	308	1	1	0	0
IS	309	0	0	0	0
IS	310	2	2	0	0
IS	311	0	0	0	0
IS	312	1	1	0	0
IS	313	0	0	0	0
IS	314	0	0	0	0
IS	315	0	0	0	0
IS	316	0	0	0	0
IS	317	1	1	0	0
IS	318	0	0	0	0
IS	319	0	0	0	0
IS	320	0	0	0	0
IS	321	0	0	0	0
IS	322	0	0	0	0
IS	323	1	1	0	0
IS	324	0	0	0	0
IS	325	0	0	0	0
IS	326	0	0	0	0
IS	327	0	0	0	0
IS	328	0	0	0	0
IS	329	0	0	0	0
IS	330	0	0	0	0
IS	331	0	0	0	0
IS	332	0	0	0	0
IS	333	0	0	0	0
IS	334	0	0	0	0
IS	335	0	0	0	0
IS	336	0	0	0	0
IS	337	0	0	0	0
IS	338	1	1	0	0
IS	339	0	0	0	0
IS	340	0	0	0	0
IS	341	0	0	0	0
IS	342	1	1	0	0
IS	343	0	0	0	0
IS	344	0	0	0	0
IS	345	0	0	0	0
IS	346	1	1	0	0
IS	347	0	0	0	0
IS	348	0	0	0	0
IS	349	0	0	0	0
IS	350	0	0	0	0
IS	351	0	0	0	0
IS	352	0	0	0	0
IS	353	0	0	0	0
IS	354	0	0	0	0
IS	355	0	0	0	0
IS	356	0	0	0	0
IS	357	0	0	0	0
IS	358	3	3	0	0
IS	359	0	0	0	0
IS	360	0	0	0	0
IS	361	0	0	0	0
IS	362	0	0	0	0
IS	363	0	0	0	0
IS	364	0	0	0	0
IS	365	0	0	0	0
IS	366	0	0	0	0
IS	367	0	0	0	0
IS	368	0	0	0	0
IS	369	0	0	0	0
IS	370	0	0	0	0
IS	371	0	0	0	0
IS	372	0	0	0	0
IS	373	1	1	0	0
IS	374	1	1	0	0
IS	375	0	0	0	0
IS	376	1	1	0	0
IS	377	0	0	0	0
IS	378	0	0	0	0
IS	379	0	0	0	0
IS	380	0	0	0	0
IS	381	0	0	0	0
IS	382	0	0	0	0
IS	383	0	0	0	0
IS	384	0	0	0	0
IS	385	0	0	0	0
IS	386	0	0	0	0
IS	387	0	0	0	0
IS	388	1	1	0	0
IS	389	0	0	0	0
IS	390	0	0	0	0
IS	391	1	1	0	0
IS	392	0	0	0	0
IS	393	1	1	0	0
IS	394	0	0	0	0
IS	395	0	0	0	0
IS	396	0	0	0	0
IS	397	0	0	0	0
IS	398	0	0	0	0
IS	399	0	0	0	0
IS	400	0	0	0	0
IS	401	0	0	0	0
IS	402	0	0	0	0
IS	403	1	1	0	0
IS	404	2	2	0	0
IS	405	0	0	0	0
IS	406	0	0	0	0
IS	407	0	0	0	0
IS	408	0	0	0	0
IS	409	0	0	0	0
IS	410	0	0	0	0
IS	411	0	0	0	0
IS	412	0	0	0	0
IS	413	0	0	0	0
IS	414	0	0	0	0
IS	415	0	0	0	0
IS	416	0	0	0	0
IS	417	1	1	0	0
IS	418	0	0	0	0
IS	419	0	0	0	0
IS	420	0	0	0	0
IS	421	0	0	0	0
IS	422	0	0	0	0
IS	423	0	0	0	0
IS	424	0	0	0	0
IS	425	0	0	0	0
IS	426	0	0	0	0
IS	427	0	0	0	0
IS	428	0	0	0	0
IS	429	0	0	0	0
IS	430	0	0	0	0
IS	431	0	0	0	0
IS	432	1	1	0	0
IS	433	0	0	0	0
IS	434	0	0	0	0
IS	435	0	0	0	0
IS	436	0	0	0	0
IS	437	0	0	0	0
IS	438	0	0	0	0
IS	439	0	0	0	0
IS	440	0	0	0	0
IS	441	0	0	0	0
IS	442	1	1	0	0
IS	443	0	0	0	0
IS	444	0	0	0	0
IS	445	0	0	0	0
IS	446	0	0	0	0
IS	447	0	0	0	0
IS	448	0	0	0	0
IS	449	0	0	0	0
IS	450	1	1	0	0
IS	451	0	0	0	0
IS	452	0	0	0	0
IS	453	0	0	0	0
IS	454	0	0	0	0
IS	455	0	0	0	0
IS	456	0	0	0	0
IS	457	1	1	0	0
IS	458	0	0	0	0
IS	459	0	0	0	0
IS	460	0	0	0	0
IS	461	1	1	0	0
IS	462	0	0	0	0
IS	463	1	1	0	0
IS	464	1	1	0	0
IS	465	0	0	0	0
IS	466	0	0	0	0
IS	467	1	1	0	0
# Read lengths. Use `grep ^RL | cut -f 2-` to extract this part. The columns are: read length, count
RL	100	2
RL	101	1
RL	102	1
RL	103	3
RL	104	1
RL	105	7
RL	106	6
RL	107	3
RL	108	3
RL	109	3
RL	110	8
RL	111	8
RL	112	6
RL	113	5
RL	114	12
RL	115	7
RL	116	7
RL	117	6
RL	118	4
RL	119	8
RL	120	12
RL	121	14
RL	122	7
RL	123	12
RL	124	8
RL	125	6
RL	126	3
RL	127	9
RL	128	13
RL	129	16
RL	130	22
RL	131	6
RL	132	7
RL	133	7
RL	134	3
RL	135	14
RL	136	5
RL	137	11
RL	138	7
RL	139	10
RL	140	7
RL	141	8
RL	142	13
RL	143	17
RL	144	11
RL	145	13
RL	146	23
RL	147	31
RL	148	53
RL	149	78
RL	150	168
RL	151	549
# Read lengths - first fragments. Use `grep ^FRL | cut -f 2-` to extract this part. The columns are: read length, count
FRL	100	1
FRL	103	1
FRL	105	1
FRL	106	2
FRL	108	1
FRL	109	1
FRL	111	2
FRL	112	2
FRL	114	3
FRL	115	1
FRL	116	5
FRL	117	1
FRL	119	2
FRL	120	5
FRL	121	4
FRL	122	2
FRL	123	3
FRL	124	2
FRL	125	1
FRL	126	2
FRL	127	6
FRL	128	9
FRL	129	11
FRL	130	19
FRL	131	5
FRL	132	4
FRL	133	2
FRL	134	1
FRL	135	3
FRL	136	1
FRL	137	5
FRL	138	2
FRL	139	1
FRL	140	5
FRL	141	3
FRL	142	9
FRL	143	10
FRL	144	5
FRL	145	4
FRL	146	13
FRL	147	12
FRL	148	23
FRL	149	32
FRL	150	89
FRL	151	316
# Read lengths - last fragments. Use `grep ^LRL | cut -f 2-` to extract this part. The columns are: read length, count
LRL	100	1
LRL	101	1
LRL	102	1
LRL	103	2
LRL	104	1
LRL	105	6
LRL	106	4
LRL	107	3
LRL	108	2
LRL	109	2
LRL	110	8
LRL	111	6
LRL	112	4
LRL	113	5
LRL	114	9
LRL	115	6
LRL	116	2
LRL	117	5
LRL	118	4
LRL	119	6
LRL	120	7
LRL	121	10
LRL	122	5
LRL	123	9
LRL	124	6
LRL	125	5
LRL	126	1
LRL	127	3
LRL	128	4
LRL	129	5
LRL	130	3
LRL	131	1
LRL	132	3
LRL	133	5
LRL	134	2
LRL	135	11
LRL	136	4
LRL	137	6
LRL	138	5
LRL	139	9
LRL	140	2
LRL	141	5
LRL	142	4
LRL	143	7
LRL	144	6
LRL	145	9
LRL	146	10
LRL	147	19
LRL	148	30
LRL	149	46
LRL	150	79
LRL	151	233
# Mapping qualities for reads !(UNMAP|SECOND|SUPPL|QCFAIL|DUP). Use `grep ^MAPQ | cut -f 2-` to extract this part. The columns are: mapq, count
MAPQ	0	13
MAPQ	1	5
MAPQ	3	11
MAPQ	8	12
MAPQ	23	28
MAPQ	24	27
MAPQ	27	1
MAPQ	40	36
MAPQ	42	79
# Indel distribution. Use `grep ^ID | cut -f 2-` to extract this part. The columns are: length, number of insertions, number of deletions
ID	1	6	6
ID	2	1	0
ID	4	1	0
ID	5	1	0
# Indels per cycle. Use `grep ^IC | cut -f 2-` to extract this part. The columns are: cycle, number of insertions (fwd), .. (rev) , number of deletions (fwd), .. (rev)
IC	7	0	0	1	0
IC	10	1	0	0	0
IC	28	0	1	0	0
IC	69	1	0	0	0
IC	73	0	0	0	1
IC	86	0	0	1	0
IC	91	0	0	0	1
IC	93	1	0	0	0
IC	95	0	0	1	0
IC	97	1	0	1	0
IC	100	0	1	0	0
IC	111	1	0	0	0
IC	115	0	1	0	0
IC	143	0	1	0	0
# Coverage distribution. Use `grep ^COV | cut -f 2-` to extract this part.
COV	[1-1]	1	28318
COV	[2-2]	2	1618
# GC-depth. Use `grep ^GCD | cut -f 2-` to extract this part. The columns are: GC%, unique sequence percentiles, 10th, 25th, 50th, 75th and 90th depth percentile
GCD	0.0	2.703	0.000	0.000	0.000	0.000	0.000
GCD	0.5	4.054	0.014	0.014	0.014	0.014	0.014
GCD	27.0	5.405	0.007	0.007	0.007	0.007	0.007
GCD	28.0	10.811	0.007	0.011	0.022	0.027	0.029
GCD	29.0	13.514	0.007	0.007	0.014	0.022	0.022
GCD	30.0	17.568	0.007	0.007	0.014	0.014	0.014
GCD	31.0	18.919	0.014	0.014	0.014	0.014	0.014
GCD	32.0	28.378	0.007	0.007	0.022	0.036	0.036
GCD	33.0	36.486	0.007	0.018	0.029	0.047	0.057
GCD	34.0	40.541	0.014	0.014	0.022	0.029	0.029
GCD	35.0	48.649	0.014	0.014	0.018	0.036	0.036
GCD	36.0	54.054	0.014	0.016	0.025	0.034	0.036
GCD	37.0	66.216	0.007	0.011	0.022	0.036	0.065
GCD	38.0	74.324	0.007	0.007	0.007	0.022	0.043
GCD	39.0	82.432	0.007	0.007	0.011	0.029	0.050
GCD	40.0	89.189	0.022	0.022	0.029	0.036	0.036
GCD	41.0	90.541	0.029	0.029	0.029	0.029	0.029
GCD	42.0	94.595	0.014	0.014	0.014	0.014	0.014
GCD	43.0	95.946	0.014	0.014	0.014	0.014	0.014
GCD	44.0	97.297	0.014	0.014	0.014	0.014	0.014
GCD	45.0	98.649	0.014	0.014	0.014	0.014	0.014
GCD	48.0	100.000	0.014	0.014	0.014	0.014	0.014
