# This file was produced by samtools stats (1.21+htslib-1.21) and can be plotted using plot-bamstats
# This file contains statistics for all reads.
# The command line was:  stats NC.Staphy2.7G_sorted.bam
# CHK, Checksum	[2]Read Names	[3]Sequences	[4]Qualities
# CHK, CRC32 of reads which passed filtering followed by addition (32bit overflow)
CHK	c37f4f22	8278833d	b347b9e5
# Summary Numbers. Use `grep ^SN | cut -f 2-` to extract this part.
SN	raw total sequences:	1630	# excluding supplementary and secondary reads
SN	filtered sequences:	0
SN	sequences:	1630
SN	is sorted:	1
SN	1st fragments:	815
SN	last fragments:	815
SN	reads mapped:	549
SN	reads mapped and paired:	526	# paired-end technology bit set + both mates mapped
SN	reads unmapped:	1081
SN	reads properly paired:	522	# proper-pair bit set
SN	reads paired:	1630	# paired-end technology bit set
SN	reads duplicated:	0	# PCR or optical duplicate bit set
SN	reads MQ0:	13	# mapped and MQ=0
SN	reads QC failed:	0
SN	non-primary alignments:	0
SN	supplementary alignments:	0
SN	total length:	244399	# ignores clipping
SN	total first fragment length:	122549	# ignores clipping
SN	total last fragment length:	121850	# ignores clipping
SN	bases mapped:	82757	# ignores clipping
SN	bases mapped (cigar):	82757	# more accurate
SN	bases trimmed:	0
SN	bases duplicated:	0
SN	mismatches:	1663	# from NM fields
SN	error rate:	2.009498e-02	# mismatches / bases mapped (cigar)
SN	average length:	150
SN	average first fragment length:	150
SN	average last fragment length:	150
SN	maximum length:	151
SN	maximum first fragment length:	151
SN	maximum last fragment length:	151
SN	average quality:	36.8
SN	insert size average:	349.2
SN	insert size standard deviation:	77.2
SN	inward oriented pairs:	261
SN	outward oriented pairs:	1
SN	pairs with other orientation:	1
SN	pairs on different chromosomes:	0
SN	percentage of properly paired reads (%):	32.0
# First Fragment Qualities. Use `grep ^FFQ | cut -f 2-` to extract this part.
# Columns correspond to qualities and rows to cycles. First column is the cycle number.
FFQ	1	0	0	2	0	0	0	0	0	0	0	0	0	18	0	0	0	0	0	0	0	0	0	0	0	0	0	0	31	0	0	0	0	764	0	0	0	0	0	0	0	0	0	0
FFQ	2	0	0	0	0	0	0	0	0	0	0	0	0	13	0	0	0	0	0	0	0	0	0	0	0	0	0	0	23	0	0	0	0	779	0	0	0	0	0	0	0	0	0	0
FFQ	3	0	0	0	0	0	0	0	0	0	0	0	0	14	0	0	0	0	0	0	0	0	0	0	0	0	0	0	22	0	0	0	0	182	0	0	0	0	597	0	0	0	0	0
FFQ	4	0	0	0	0	0	0	0	0	0	0	0	0	17	0	0	0	0	0	0	0	0	0	2	0	0	0	0	19	0	0	0	0	63	0	0	0	0	714	0	0	0	0	0
FFQ	5	0	0	0	0	0	0	0	0	0	0	0	0	11	0	0	0	0	0	0	0	0	0	5	0	0	0	0	14	0	0	0	0	43	0	0	0	0	742	0	0	0	0	0
FFQ	6	0	0	0	0	0	0	0	0	0	0	0	0	5	0	0	0	0	0	0	0	0	0	3	0	0	0	0	12	0	0	0	0	34	0	0	0	0	98	0	0	0	663	0
FFQ	7	0	0	0	0	0	0	0	0	0	0	0	0	4	0	0	0	0	0	0	0	0	0	5	0	0	0	0	11	0	0	0	0	33	0	0	0	0	72	0	0	0	690	0
FFQ	8	0	0	0	0	0	0	0	0	0	0	0	0	9	0	0	0	0	0	0	0	0	0	4	0	0	0	0	6	0	0	0	0	31	0	0	0	0	73	0	0	0	692	0
FFQ	9	0	0	0	0	0	0	0	0	0	0	0	0	9	0	0	0	0	0	0	0	0	0	2	0	0	0	0	7	0	0	0	0	31	0	0	0	0	68	0	0	0	698	0
FFQ	10	0	0	0	0	0	0	0	0	0	0	0	0	11	0	0	0	0	0	0	0	0	0	1	0	0	0	0	12	0	0	0	0	18	0	0	0	0	71	0	0	0	702	0
FFQ	11	0	0	0	0	0	0	0	0	0	0	0	0	4	0	0	0	0	0	0	0	0	0	1	0	0	0	0	7	0	0	0	0	28	0	0	0	0	66	0	0	0	709	0
FFQ	12	0	0	0	0	0	0	0	0	0	0	0	0	7	0	0	0	0	0	0	0	0	0	1	0	0	0	0	12	0	0	0	0	21	0	0	0	0	64	0	0	0	710	0
FFQ	13	0	0	0	0	0	0	0	0	0	0	0	0	7	0	0	0	0	0	0	0	0	0	5	0	0	0	0	8	0	0	0	0	31	0	0	0	0	54	0	0	0	710	0
FFQ	14	0	0	0	0	0	0	0	0	0	0	0	0	11	0	0	0	0	0	0	0	0	0	7	0	0	0	0	5	0	0	0	0	23	0	0	0	0	84	0	0	0	685	0
FFQ	15	0	0	0	0	0	0	0	0	0	0	0	0	10	0	0	0	0	0	0	0	0	0	9	0	0	0	0	7	0	0	0	0	26	0	0	0	0	54	0	0	0	709	0
FFQ	16	0	0	0	0	0	0	0	0	0	0	0	0	7	0	0	0	0	0	0	0	0	0	4	0	0	0	0	10	0	0	0	0	22	0	0	0	0	78	0	0	0	694	0
FFQ	17	0	0	0	0	0	0	0	0	0	0	0	0	6	0	0	0	0	0	0	0	0	0	6	0	0	0	0	14	0	0	0	0	27	0	0	0	0	72	0	0	0	690	0
FFQ	18	0	0	0	0	0	0	0	0	0	0	0	0	5	0	0	0	0	0	0	0	0	0	4	0	0	0	0	9	0	0	0	0	29	0	0	0	0	79	0	0	0	689	0
FFQ	19	0	0	0	0	0	0	0	0	0	0	0	0	16	0	0	0	0	0	0	0	0	0	6	0	0	0	0	11	0	0	0	0	22	0	0	0	0	69	0	0	0	691	0
FFQ	20	0	0	0	0	0	0	0	0	0	0	0	0	7	0	0	0	0	0	0	0	0	0	10	0	0	0	0	12	0	0	0	0	25	0	0	0	0	67	0	0	0	694	0
FFQ	21	0	0	0	0	0	0	0	0	0	0	0	0	10	0	0	0	0	0	0	0	0	0	8	0	0	0	0	8	0	0	0	0	31	0	0	0	0	70	0	0	0	688	0
FFQ	22	0	0	0	0	0	0	0	0	0	0	0	0	12	0	0	0	0	0	0	0	0	0	6	0	0	0	0	11	0	0	0	0	25	0	0	0	0	71	0	0	0	690	0
FFQ	23	0	0	0	0	0	0	0	0	0	0	0	0	14	0	0	0	0	0	0	0	0	0	7	0	0	0	0	9	0	0	0	0	29	0	0	0	0	62	0	0	0	694	0
FFQ	24	0	0	0	0	0	0	0	0	0	0	0	0	12	0	0	0	0	0	0	0	0	0	6	0	0	0	0	14	0	0	0	0	24	0	0	0	0	62	0	0	0	697	0
FFQ	25	0	0	0	0	0	0	0	0	0	0	0	0	9	0	0	0	0	0	0	0	0	0	12	0	0	0	0	14	0	0	0	0	25	0	0	0	0	62	0	0	0	693	0
FFQ	26	0	0	0	0	0	0	0	0	0	0	0	0	9	0	0	0	0	0	0	0	0	0	10	0	0	0	0	18	0	0	0	0	28	0	0	0	0	62	0	0	0	688	0
FFQ	27	0	0	0	0	0	0	0	0	0	0	0	0	19	0	0	0	0	0	0	0	0	0	8	0	0	0	0	17	0	0	0	0	17	0	0	0	0	81	0	0	0	673	0
FFQ	28	0	0	1	0	0	0	0	0	0	0	0	0	21	0	0	0	0	0	0	0	0	0	10	0	0	0	0	23	0	0	0	0	21	0	0	0	0	74	0	0	0	665	0
FFQ	29	0	0	1	0	0	0	0	0	0	0	0	0	15	0	0	0	0	0	0	0	0	0	17	0	0	0	0	13	0	0	0	0	29	0	0	0	0	60	0	0	0	680	0
FFQ	30	0	0	0	0	0	0	0	0	0	0	0	0	21	0	0	0	0	0	0	0	0	0	11	0	0	0	0	11	0	0	0	0	28	0	0	0	0	65	0	0	0	679	0
FFQ	31	0	0	0	0	0	0	0	0	0	0	0	0	18	0	0	0	0	0	0	0	0	0	13	0	0	0	0	14	0	0	0	0	26	0	0	0	0	85	0	0	0	659	0
FFQ	32	0	0	0	0	0	0	0	0	0	0	0	0	17	0	0	0	0	0	0	0	0	0	9	0	0	0	0	22	0	0	0	0	22	0	0	0	0	72	0	0	0	673	0
FFQ	33	0	0	0	0	0	0	0	0	0	0	0	0	19	0	0	0	0	0	0	0	0	0	10	0	0	0	0	17	0	0	0	0	22	0	0	0	0	80	0	0	0	667	0
FFQ	34	0	0	0	0	0	0	0	0	0	0	0	0	14	0	0	0	0	0	0	0	0	0	10	0	0	0	0	22	0	0	0	0	25	0	0	0	0	91	0	0	0	653	0
FFQ	35	0	0	0	0	0	0	0	0	0	0	0	0	19	0	0	0	0	0	0	0	0	0	7	0	0	0	0	18	0	0	0	0	28	0	0	0	0	69	0	0	0	674	0
FFQ	36	0	0	0	0	0	0	0	0	0	0	0	0	18	0	0	0	0	0	0	0	0	0	10	0	0	0	0	18	0	0	0	0	26	0	0	0	0	65	0	0	0	678	0
FFQ	37	0	0	0	0	0	0	0	0	0	0	0	0	17	0	0	0	0	0	0	0	0	0	16	0	0	0	0	24	0	0	0	0	29	0	0	0	0	66	0	0	0	663	0
FFQ	38	0	0	0	0	0	0	0	0	0	0	0	0	19	0	0	0	0	0	0	0	0	0	14	0	0	0	0	22	0	0	0	0	18	0	0	0	0	78	0	0	0	664	0
FFQ	39	0	0	1	0	0	0	0	0	0	0	0	0	19	0	0	0	0	0	0	0	0	0	11	0	0	0	0	21	0	0	0	0	26	0	0	0	0	74	0	0	0	663	0
FFQ	40	0	0	0	0	0	0	0	0	0	0	0	0	25	0	0	0	0	0	0	0	0	0	9	0	0	0	0	21	0	0	0	0	18	0	0	0	0	68	0	0	0	674	0
FFQ	41	0	0	0	0	0	0	0	0	0	0	0	0	19	0	0	0	0	0	0	0	0	0	15	0	0	0	0	11	0	0	0	0	25	0	0	0	0	89	0	0	0	656	0
FFQ	42	0	0	0	0	0	0	0	0	0	0	0	0	19	0	0	0	0	0	0	0	0	0	8	0	0	0	0	22	0	0	0	0	21	0	0	0	0	79	0	0	0	666	0
FFQ	43	0	0	0	0	0	0	0	0	0	0	0	0	25	0	0	0	0	0	0	0	0	0	9	0	0	0	0	23	0	0	0	0	30	0	0	0	0	66	0	0	0	662	0
FFQ	44	0	0	1	0	0	0	0	0	0	0	0	0	25	0	0	0	0	0	0	0	0	0	7	0	0	0	0	22	0	0	0	0	16	0	0	0	0	87	0	0	0	657	0
FFQ	45	0	0	0	0	0	0	0	0	0	0	0	0	16	0	0	0	0	0	0	0	0	0	17	0	0	0	0	21	0	0	0	0	23	0	0	0	0	69	0	0	0	669	0
FFQ	46	0	0	1	0	0	0	0	0	0	0	0	0	22	0	0	0	0	0	0	0	0	0	7	0	0	0	0	12	0	0	0	0	25	0	0	0	0	80	0	0	0	668	0
FFQ	47	0	0	0	0	0	0	0	0	0	0	0	0	26	0	0	0	0	0	0	0	0	0	16	0	0	0	0	20	0	0	0	0	19	0	0	0	0	77	0	0	0	657	0
FFQ	48	0	0	0	0	0	0	0	0	0	0	0	0	23	0	0	0	0	0	0	0	0	0	13	0	0	0	0	19	0	0	0	0	28	0	0	0	0	85	0	0	0	647	0
FFQ	49	0	0	0	0	0	0	0	0	0	0	0	0	29	0	0	0	0	0	0	0	0	0	12	0	0	0	0	24	0	0	0	0	26	0	0	0	0	80	0	0	0	644	0
FFQ	50	0	0	0	0	0	0	0	0	0	0	0	0	25	0	0	0	0	0	0	0	0	0	21	0	0	0	0	24	0	0	0	0	21	0	0	0	0	93	0	0	0	631	0
FFQ	51	0	0	0	0	0	0	0	0	0	0	0	0	23	0	0	0	0	0	0	0	0	0	15	0	0	0	0	15	0	0	0	0	27	0	0	0	0	92	0	0	0	643	0
FFQ	52	0	0	0	0	0	0	0	0	0	0	0	0	26	0	0	0	0	0	0	0	0	0	17	0	0	0	0	24	0	0	0	0	23	0	0	0	0	84	0	0	0	641	0
FFQ	53	0	0	0	0	0	0	0	0	0	0	0	0	26	0	0	0	0	0	0	0	0	0	14	0	0	0	0	23	0	0	0	0	22	0	0	0	0	74	0	0	0	656	0
FFQ	54	0	0	0	0	0	0	0	0	0	0	0	0	23	0	0	0	0	0	0	0	0	0	17	0	0	0	0	18	0	0	0	0	24	0	0	0	0	84	0	0	0	649	0
FFQ	55	0	0	0	0	0	0	0	0	0	0	0	0	31	0	0	0	0	0	0	0	0	0	14	0	0	0	0	18	0	0	0	0	34	0	0	0	0	74	0	0	0	644	0
FFQ	56	0	0	0	0	0	0	0	0	0	0	0	0	28	0	0	0	0	0	0	0	0	0	17	0	0	0	0	28	0	0	0	0	30	0	0	0	0	85	0	0	0	627	0
FFQ	57	0	0	0	0	0	0	0	0	0	0	0	0	25	0	0	0	0	0	0	0	0	0	17	0	0	0	0	24	0	0	0	0	32	0	0	0	0	82	0	0	0	635	0
FFQ	58	0	0	0	0	0	0	0	0	0	0	0	0	29	0	0	0	0	0	0	0	0	0	22	0	0	0	0	27	0	0	0	0	26	0	0	0	0	91	0	0	0	620	0
FFQ	59	0	0	0	0	0	0	0	0	0	0	0	0	25	0	0	0	0	0	0	0	0	0	18	0	0	0	0	17	0	0	0	0	26	0	0	0	0	98	0	0	0	631	0
FFQ	60	0	0	0	0	0	0	0	0	0	0	0	0	26	0	0	0	0	0	0	0	0	0	25	0	0	0	0	28	0	0	0	0	23	0	0	0	0	92	0	0	0	621	0
FFQ	61	0	0	0	0	0	0	0	0	0	0	0	0	24	0	0	0	0	0	0	0	0	0	12	0	0	0	0	28	0	0	0	0	35	0	0	0	0	94	0	0	0	622	0
FFQ	62	0	0	0	0	0	0	0	0	0	0	0	0	30	0	0	0	0	0	0	0	0	0	18	0	0	0	0	31	0	0	0	0	26	0	0	0	0	83	0	0	0	627	0
FFQ	63	0	0	0	0	0	0	0	0	0	0	0	0	36	0	0	0	0	0	0	0	0	0	23	0	0	0	0	19	0	0	0	0	34	0	0	0	0	86	0	0	0	617	0
FFQ	64	0	0	0	0	0	0	0	0	0	0	0	0	28	0	0	0	0	0	0	0	0	0	23	0	0	0	0	32	0	0	0	0	27	0	0	0	0	90	0	0	0	615	0
FFQ	65	0	0	0	0	0	0	0	0	0	0	0	0	36	0	0	0	0	0	0	0	0	0	15	0	0	0	0	28	0	0	0	0	36	0	0	0	0	87	0	0	0	613	0
FFQ	66	0	0	0	0	0	0	0	0	0	0	0	0	40	0	0	0	0	0	0	0	0	0	21	0	0	0	0	20	0	0	0	0	32	0	0	0	0	90	0	0	0	612	0
FFQ	67	0	0	0	0	0	0	0	0	0	0	0	0	38	0	0	0	0	0	0	0	0	0	18	0	0	0	0	20	0	0	0	0	31	0	0	0	0	72	0	0	0	636	0
FFQ	68	0	0	0	0	0	0	0	0	0	0	0	0	43	0	0	0	0	0	0	0	0	0	18	0	0	0	0	25	0	0	0	0	30	0	0	0	0	90	0	0	0	609	0
FFQ	69	0	0	0	0	0	0	0	0	0	0	0	0	34	0	0	0	0	0	0	0	0	0	24	0	0	0	0	25	0	0	0	0	26	0	0	0	0	90	0	0	0	616	0
FFQ	70	0	0	0	0	0	0	0	0	0	0	0	0	41	0	0	0	0	0	0	0	0	0	18	0	0	0	0	25	0	0	0	0	38	0	0	0	0	78	0	0	0	615	0
FFQ	71	0	0	0	0	0	0	0	0	0	0	0	0	38	0	0	0	0	0	0	0	0	0	21	0	0	0	0	23	0	0	0	0	41	0	0	0	0	81	0	0	0	611	0
FFQ	72	0	0	0	0	0	0	0	0	0	0	0	0	43	0	0	0	0	0	0	0	0	0	21	0	0	0	0	26	0	0	0	0	27	0	0	0	0	84	0	0	0	614	0
FFQ	73	0	0	0	0	0	0	0	0	0	0	0	0	31	0	0	0	0	0	0	0	0	0	20	0	0	0	0	26	0	0	0	0	37	0	0	0	0	75	0	0	0	626	0
FFQ	74	0	0	0	0	0	0	0	0	0	0	0	0	43	0	0	0	0	0	0	0	0	0	12	0	0	0	0	18	0	0	0	0	45	0	0	0	0	103	0	0	0	594	0
FFQ	75	0	0	0	0	0	0	0	0	0	0	0	0	34	0	0	0	0	0	0	0	0	0	27	0	0	0	0	21	0	0	0	0	35	0	0	0	0	83	0	0	0	615	0
FFQ	76	0	0	0	0	0	0	0	0	0	0	0	0	46	0	0	0	0	0	0	0	0	0	22	0	0	0	0	28	0	0	0	0	28	0	0	0	0	97	0	0	0	594	0
FFQ	77	0	0	0	0	0	0	0	0	0	0	0	0	45	0	0	0	0	0	0	0	0	0	28	0	0	0	0	39	0	0	0	0	72	0	0	0	0	134	0	0	0	497	0
FFQ	78	0	0	0	0	0	0	0	0	0	0	0	0	40	0	0	0	0	0	0	0	0	0	25	0	0	0	0	26	0	0	0	0	59	0	0	0	0	98	0	0	0	567	0
FFQ	79	0	0	0	0	0	0	0	0	0	0	0	0	45	0	0	0	0	0	0	0	0	0	23	0	0	0	0	23	0	0	0	0	49	0	0	0	0	84	0	0	0	591	0
FFQ	80	0	0	0	0	0	0	0	0	0	0	0	0	41	0	0	0	0	0	0	0	0	0	22	0	0	0	0	16	0	0	0	0	45	0	0	0	0	93	0	0	0	598	0
FFQ	81	0	0	0	0	0	0	0	0	0	0	0	0	46	0	0	0	0	0	0	0	0	0	16	0	0	0	0	27	0	0	0	0	34	0	0	0	0	98	0	0	0	594	0
FFQ	82	0	0	0	0	0	0	0	0	0	0	0	0	42	0	0	0	0	0	0	0	0	0	33	0	0	0	0	16	0	0	0	0	41	0	0	0	0	70	0	0	0	613	0
FFQ	83	0	0	0	0	0	0	0	0	0	0	0	0	51	0	0	0	0	0	0	0	0	0	19	0	0	0	0	28	0	0	0	0	32	0	0	0	0	78	0	0	0	607	0
FFQ	84	0	0	0	0	0	0	0	0	0	0	0	0	43	0	0	0	0	0	0	0	0	0	25	0	0	0	0	28	0	0	0	0	35	0	0	0	0	83	0	0	0	601	0
FFQ	85	0	0	0	0	0	0	0	0	0	0	0	0	51	0	0	0	0	0	0	0	0	0	18	0	0	0	0	18	0	0	0	0	39	0	0	0	0	60	0	0	0	629	0
FFQ	86	0	0	0	0	0	0	0	0	0	0	0	0	35	0	0	0	0	0	0	0	0	0	27	0	0	0	0	20	0	0	0	0	33	0	0	0	0	84	0	0	0	616	0
FFQ	87	0	0	0	0	0	0	0	0	0	0	0	0	41	0	0	0	0	0	0	0	0	0	24	0	0	0	0	25	0	0	0	0	30	0	0	0	0	79	0	0	0	616	0
FFQ	88	0	0	0	0	0	0	0	0	0	0	0	0	37	0	0	0	0	0	0	0	0	0	25	0	0	0	0	24	0	0	0	0	51	0	0	0	0	80	0	0	0	598	0
FFQ	89	0	0	0	0	0	0	0	0	0	0	0	0	37	0	0	0	0	0	0	0	0	0	32	0	0	0	0	28	0	0	0	0	44	0	0	0	0	74	0	0	0	600	0
FFQ	90	0	0	0	0	0	0	0	0	0	0	0	0	41	0	0	0	0	0	0	0	0	0	23	0	0	0	0	23	0	0	0	0	47	0	0	0	0	76	0	0	0	605	0
FFQ	91	0	0	0	0	0	0	0	0	0	0	0	0	51	0	0	0	0	0	0	0	0	0	29	0	0	0	0	22	0	0	0	0	43	0	0	0	0	72	0	0	0	598	0
FFQ	92	0	0	0	0	0	0	0	0	0	0	0	0	48	0	0	0	0	0	0	0	0	0	35	0	0	0	0	29	0	0	0	0	37	0	0	0	0	74	0	0	0	592	0
FFQ	93	0	0	0	0	0	0	0	0	0	0	0	0	43	0	0	0	0	0	0	0	0	0	26	0	0	0	0	26	0	0	0	0	41	0	0	0	0	85	0	0	0	594	0
FFQ	94	0	0	0	0	0	0	0	0	0	0	0	0	53	0	0	0	0	0	0	0	0	0	33	0	0	0	0	20	0	0	0	0	36	0	0	0	0	84	0	0	0	589	0
FFQ	95	0	0	0	0	0	0	0	0	0	0	0	0	50	0	0	0	0	0	0	0	0	0	35	0	0	0	0	23	0	0	0	0	36	0	0	0	0	87	0	0	0	584	0
FFQ	96	0	0	0	0	0	0	0	0	0	0	0	0	51	0	0	0	0	0	0	0	0	0	38	0	0	0	0	25	0	0	0	0	43	0	0	0	0	82	0	0	0	576	0
FFQ	97	0	0	0	0	0	0	0	0	0	0	0	0	49	0	0	0	0	0	0	0	0	0	38	0	0	0	0	23	0	0	0	0	44	0	0	0	0	96	0	0	0	565	0
FFQ	98	0	0	0	0	0	0	0	0	0	0	0	0	50	0	0	0	0	0	0	0	0	0	30	0	0	0	0	23	0	0	0	0	55	0	0	0	0	85	0	0	0	572	0
FFQ	99	0	0	0	0	0	0	0	0	0	0	0	0	41	0	0	0	0	0	0	0	0	0	49	0	0	0	0	17	0	0	0	0	36	0	0	0	0	79	0	0	0	593	0
FFQ	100	0	0	0	0	0	0	0	0	0	0	0	0	41	0	0	0	0	0	0	0	0	0	30	0	0	0	0	25	0	0	0	0	46	0	0	0	0	89	0	0	0	584	0
FFQ	101	0	0	0	0	0	0	0	0	0	0	0	0	38	0	0	0	0	0	0	0	0	0	36	0	0	0	0	24	0	0	0	0	35	0	0	0	0	92	0	0	0	589	0
FFQ	102	0	0	0	0	0	0	0	0	0	0	0	0	48	0	0	0	0	0	0	0	0	0	34	0	0	0	0	19	0	0	0	0	44	0	0	0	0	79	0	0	0	590	0
FFQ	103	0	0	0	0	0	0	0	0	0	0	0	0	48	0	0	0	0	0	0	0	0	0	27	0	0	0	0	25	0	0	0	0	43	0	0	0	0	92	0	0	0	579	0
FFQ	104	0	0	0	0	0	0	0	0	0	0	0	0	52	0	0	0	0	0	0	0	0	0	27	0	0	0	0	18	0	0	0	0	42	0	0	0	0	91	0	0	0	584	0
FFQ	105	0	0	0	0	0	0	0	0	0	0	0	0	59	0	0	0	0	0	0	0	0	0	27	0	0	0	0	31	0	0	0	0	46	0	0	0	0	72	0	0	0	579	0
FFQ	106	0	0	0	0	0	0	0	0	0	0	0	0	58	0	0	0	0	0	0	0	0	0	38	0	0	0	0	29	0	0	0	0	46	0	0	0	0	84	0	0	0	559	0
FFQ	107	0	0	0	0	0	0	0	0	0	0	0	0	48	0	0	0	0	0	0	0	0	0	29	0	0	0	0	23	0	0	0	0	48	0	0	0	0	81	0	0	0	585	0
FFQ	108	0	0	0	0	0	0	0	0	0	0	0	0	53	0	0	0	0	0	0	0	0	0	32	0	0	0	0	23	0	0	0	0	44	0	0	0	0	86	0	0	0	575	0
FFQ	109	0	0	0	0	0	0	0	0	0	0	0	0	50	0	0	0	0	0	0	0	0	0	45	0	0	0	0	23	0	0	0	0	33	0	0	0	0	81	0	0	0	581	0
FFQ	110	0	0	0	0	0	0	0	0	0	0	0	0	45	0	0	0	0	0	0	0	0	0	33	0	0	0	0	25	0	0	0	0	45	0	0	0	0	90	0	0	0	575	0
FFQ	111	0	0	0	0	0	0	0	0	0	0	0	0	54	0	0	0	0	0	0	0	0	0	30	0	0	0	0	22	0	0	0	0	46	0	0	0	0	80	0	0	0	581	0
FFQ	112	0	0	0	0	0	0	0	0	0	0	0	0	56	0	0	0	0	0	0	0	0	0	32	0	0	0	0	27	0	0	0	0	36	0	0	0	0	82	0	0	0	580	0
FFQ	113	0	0	0	0	0	0	0	0	0	0	0	0	44	0	0	0	0	0	0	0	0	0	36	0	0	0	0	24	0	0	0	0	52	0	0	0	0	77	0	0	0	580	0
FFQ	114	0	0	0	0	0	0	0	0	0	0	0	0	57	0	0	0	0	0	0	0	0	0	28	0	0	0	0	17	0	0	0	0	43	0	0	0	0	102	0	0	0	566	0
FFQ	115	0	0	0	0	0	0	0	0	0	0	0	0	44	0	0	0	0	0	0	0	0	0	39	0	0	0	0	27	0	0	0	0	39	0	0	0	0	99	0	0	0	565	0
FFQ	116	0	0	0	0	0	0	0	0	0	0	0	0	58	0	0	0	0	0	0	0	0	0	39	0	0	0	0	28	0	0	0	0	40	0	0	0	0	85	0	0	0	563	0
FFQ	117	0	0	0	0	0	0	0	0	0	0	0	0	55	0	0	0	0	0	0	0	0	0	43	0	0	0	0	24	0	0	0	0	49	0	0	0	0	77	0	0	0	564	0
FFQ	118	0	0	0	0	0	0	0	0	0	0	0	0	47	0	0	0	0	0	0	0	0	0	23	0	0	0	0	34	0	0	0	0	42	0	0	0	0	99	0	0	0	567	0
FFQ	119	0	0	0	0	0	0	0	0	0	0	0	0	46	0	0	0	0	0	0	0	0	0	28	0	0	0	0	21	0	0	0	0	37	0	0	0	0	95	0	0	0	585	0
FFQ	120	0	0	0	0	0	0	0	0	0	0	0	0	48	0	0	0	0	0	0	0	0	0	33	0	0	0	0	23	0	0	0	0	50	0	0	0	0	96	0	0	0	562	0
FFQ	121	0	0	0	0	0	0	0	0	0	0	0	0	46	0	0	0	0	0	0	0	0	0	33	0	0	0	0	23	0	0	0	0	48	0	0	0	0	107	0	0	0	554	0
FFQ	122	0	0	0	0	0	0	0	0	0	0	0	0	51	0	0	0	0	0	0	0	0	0	37	0	0	0	0	23	0	0	0	0	50	0	0	0	0	89	0	0	0	561	0
FFQ	123	0	0	0	0	0	0	0	0	0	0	0	0	58	0	0	0	0	0	0	0	0	0	27	0	0	0	0	9	0	0	0	0	57	0	0	0	0	90	0	0	0	570	0
FFQ	124	0	0	0	0	0	0	0	0	0	0	0	0	56	0	0	0	0	0	0	0	0	0	22	0	0	0	0	30	0	0	0	0	54	0	0	0	0	103	0	0	0	546	0
FFQ	125	0	0	0	0	0	0	0	0	0	0	0	0	55	0	0	0	0	0	0	0	0	0	35	0	0	0	0	21	0	0	0	0	44	0	0	0	0	95	0	0	0	561	0
FFQ	126	0	0	0	0	0	0	0	0	0	0	0	0	54	0	0	0	0	0	0	0	0	0	48	0	0	0	0	23	0	0	0	0	58	0	0	0	0	79	0	0	0	549	0
FFQ	127	0	0	0	0	0	0	0	0	0	0	0	0	52	0	0	0	0	0	0	0	0	0	39	0	0	0	0	18	0	0	0	0	57	0	0	0	0	103	0	0	0	542	0
FFQ	128	0	0	0	0	0	0	0	0	0	0	0	0	51	0	0	0	0	0	0	0	0	0	35	0	0	0	0	21	0	0	0	0	61	0	0	0	0	93	0	0	0	550	0
FFQ	129	0	0	0	0	0	0	0	0	0	0	0	0	51	0	0	0	0	0	0	0	0	0	30	0	0	0	0	30	0	0	0	0	70	0	0	0	0	107	0	0	0	523	0
FFQ	130	0	0	0	0	0	0	0	0	0	0	0	0	47	0	0	0	0	0	0	0	0	0	38	0	0	0	0	28	0	0	0	0	52	0	0	0	0	105	0	0	0	541	0
FFQ	131	0	0	0	0	0	0	0	0	0	0	0	0	56	0	0	0	0	0	0	0	0	0	37	0	0	0	0	32	0	0	0	0	53	0	0	0	0	115	0	0	0	518	0
FFQ	132	0	0	0	0	0	0	0	0	0	0	0	0	73	0	0	0	0	0	0	0	0	0	37	0	0	0	0	18	0	0	0	0	46	0	0	0	0	119	0	0	0	518	0
FFQ	133	0	0	0	0	0	0	0	0	0	0	0	0	60	0	0	0	0	0	0	0	0	0	37	0	0	0	0	20	0	0	0	0	54	0	0	0	0	112	0	0	0	528	0
FFQ	134	0	0	0	0	0	0	0	0	0	0	0	0	53	0	0	0	0	0	0	0	0	0	48	0	0	0	0	21	0	0	0	0	54	0	0	0	0	117	0	0	0	517	0
FFQ	135	0	0	0	0	0	0	0	0	0	0	0	0	52	0	0	0	0	0	0	0	0	0	44	0	0	0	0	32	0	0	0	0	47	0	0	0	0	121	0	0	0	512	0
FFQ	136	0	0	0	0	0	0	0	0	0	0	0	0	52	0	0	0	0	0	0	0	0	0	48	0	0	0	0	25	0	0	0	0	55	0	0	0	0	125	0	0	0	503	0
FFQ	137	0	0	0	0	0	0	0	0	0	0	0	0	64	0	0	0	0	0	0	0	0	0	36	0	0	0	0	22	0	0	0	0	65	0	0	0	0	120	0	0	0	501	0
FFQ	138	0	0	0	0	0	0	0	0	0	0	0	0	49	0	0	0	0	0	0	0	0	0	37	0	0	0	0	28	0	0	0	0	64	0	0	0	0	106	0	0	0	524	0
FFQ	139	0	0	0	0	0	0	0	0	0	0	0	0	52	0	0	0	0	0	0	0	0	0	42	0	0	0	0	28	0	0	0	0	47	0	0	0	0	128	0	0	0	510	0
FFQ	140	0	0	0	0	0	0	0	0	0	0	0	0	51	0	0	0	0	0	0	0	0	0	44	0	0	0	0	24	0	0	0	0	39	0	0	0	0	125	0	0	0	524	0
FFQ	141	0	0	0	0	0	0	0	0	0	0	0	0	61	0	0	0	0	0	0	0	0	0	36	0	0	0	0	35	0	0	0	0	52	0	0	0	0	131	0	0	0	492	0
FFQ	142	0	0	0	0	0	0	0	0	0	0	0	0	43	0	0	0	0	0	0	0	0	0	46	0	0	0	0	35	0	0	0	0	51	0	0	0	0	120	0	0	0	511	0
FFQ	143	0	0	0	0	0	0	0	0	0	0	0	0	62	0	0	0	0	0	0	0	0	0	38	0	0	0	0	39	0	0	0	0	55	0	0	0	0	141	0	0	0	469	0
FFQ	144	0	0	0	0	0	0	0	0	0	0	0	0	65	0	0	0	0	0	0	0	0	0	42	0	0	0	0	27	0	0	0	0	44	0	0	0	0	151	0	0	0	473	0
FFQ	145	0	0	0	0	0	0	0	0	0	0	0	0	57	0	0	0	0	0	0	0	0	0	43	0	0	0	0	30	0	0	0	0	43	0	0	0	0	152	0	0	0	474	0
FFQ	146	0	0	0	0	0	0	0	0	0	0	0	0	54	0	0	0	0	0	0	0	0	0	35	0	0	0	0	45	0	0	0	0	53	0	0	0	0	125	0	0	0	485	0
FFQ	147	0	0	0	0	0	0	0	0	0	0	0	0	62	0	0	0	0	0	0	0	0	0	24	0	0	0	0	44	0	0	0	0	48	0	0	0	0	130	0	0	0	486	0
FFQ	148	0	0	0	0	0	0	0	0	0	0	0	0	65	0	0	0	0	0	0	0	0	0	36	0	0	0	0	32	0	0	0	0	53	0	0	0	0	143	0	0	0	458	0
FFQ	149	0	0	0	0	0	0	0	0	2	0	0	0	45	0	0	0	0	0	0	0	0	0	37	0	0	0	0	33	0	0	0	0	49	0	0	0	0	140	0	0	0	460	0
FFQ	150	0	0	0	0	0	0	0	0	4	0	0	0	28	0	0	0	0	0	0	0	0	0	36	0	0	0	0	31	0	0	0	0	53	0	0	0	0	144	0	0	0	455	0
FFQ	151	0	0	0	0	0	0	0	0	0	0	0	0	0	0	0	0	0	0	0	0	0	0	54	0	0	0	0	38	0	0	0	0	84	0	0	0	0	163	0	0	0	335	0
# Last Fragment Qualities. Use `grep ^LFQ | cut -f 2-` to extract this part.
# Columns correspond to qualities and rows to cycles. First column is the cycle number.
LFQ	1	0	0	10	0	0	0	0	0	0	0	0	0	35	0	0	0	0	0	0	0	0	0	0	0	0	0	0	28	0	0	0	0	742	0	0	0	0	0	0	0	0	0	0
LFQ	2	0	0	0	0	0	0	0	0	0	0	0	0	26	0	0	0	0	0	0	0	0	0	0	0	0	0	0	21	0	0	0	0	768	0	0	0	0	0	0	0	0	0	0
LFQ	3	0	0	0	0	0	0	0	0	0	0	0	0	37	0	0	0	0	0	0	0	0	0	0	0	0	0	0	44	0	0	0	0	238	0	0	0	0	496	0	0	0	0	0
LFQ	4	0	0	0	0	0	0	0	0	0	0	0	0	30	0	0	0	0	0	0	0	0	0	1	0	0	0	0	30	0	0	0	0	85	0	0	0	0	669	0	0	0	0	0
LFQ	5	0	0	0	0	0	0	0	0	0	0	0	0	26	0	0	0	0	0	0	0	0	0	2	0	0	0	0	21	0	0	0	0	62	0	0	0	0	704	0	0	0	0	0
LFQ	6	0	0	0	0	0	0	0	0	0	0	0	0	27	0	0	0	0	0	0	0	0	0	4	0	0	0	0	14	0	0	0	0	54	0	0	0	0	121	0	0	0	595	0
LFQ	7	0	0	0	0	0	0	0	0	0	0	0	0	31	0	0	0	0	0	0	0	0	0	12	0	0	0	0	11	0	0	0	0	53	0	0	0	0	113	0	0	0	595	0
LFQ	8	0	0	0	0	0	0	0	0	0	0	0	0	31	0	0	0	0	0	0	0	0	0	7	0	0	0	0	20	0	0	0	0	40	0	0	0	0	137	0	0	0	580	0
LFQ	9	0	0	0	0	0	0	0	0	0	0	0	0	27	0	0	0	0	0	0	0	0	0	3	0	0	0	0	20	0	0	0	0	48	0	0	0	0	91	0	0	0	626	0
LFQ	10	0	0	0	0	0	0	0	0	0	0	0	0	19	0	0	0	0	0	0	0	0	0	17	0	0	0	0	23	0	0	0	0	42	0	0	0	0	114	0	0	0	600	0
LFQ	11	0	0	0	0	0	0	0	0	0	0	0	0	17	0	0	0	0	0	0	0	0	0	9	0	0	0	0	9	0	0	0	0	30	0	0	0	0	107	0	0	0	643	0
LFQ	12	0	0	0	0	0	0	0	0	0	0	0	0	32	0	0	0	0	0	0	0	0	0	9	0	0	0	0	11	0	0	0	0	34	0	0	0	0	73	0	0	0	656	0
LFQ	13	0	0	0	0	0	0	0	0	0	0	0	0	31	0	0	0	0	0	0	0	0	0	15	0	0	0	0	18	0	0	0	0	44	0	0	0	0	94	0	0	0	613	0
LFQ	14	0	0	0	0	0	0	0	0	0	0	0	0	27	0	0	0	0	0	0	0	0	0	14	0	0	0	0	13	0	0	0	0	51	0	0	0	0	96	0	0	0	614	0
LFQ	15	0	0	0	0	0	0	0	0	0	0	0	0	33	0	0	0	0	0	0	0	0	0	18	0	0	0	0	20	0	0	0	0	39	0	0	0	0	84	0	0	0	621	0
LFQ	16	0	0	0	0	0	0	0	0	0	0	0	0	38	0	0	0	0	0	0	0	0	0	12	0	0	0	0	27	0	0	0	0	31	0	0	0	0	89	0	0	0	618	0
LFQ	17	0	0	0	0	0	0	0	0	0	0	0	0	29	0	0	0	0	0	0	0	0	0	17	0	0	0	0	16	0	0	0	0	34	0	0	0	0	116	0	0	0	603	0
LFQ	18	0	0	0	0	0	0	0	0	0	0	0	0	39	0	0	0	0	0	0	0	0	0	8	0	0	0	0	21	0	0	0	0	29	0	0	0	0	108	0	0	0	610	0
LFQ	19	0	0	0	0	0	0	0	0	0	0	0	0	25	0	0	0	0	0	0	0	0	0	15	0	0	0	0	22	0	0	0	0	30	0	0	0	0	89	0	0	0	634	0
LFQ	20	0	0	0	0	0	0	0	0	0	0	0	0	39	0	0	0	0	0	0	0	0	0	16	0	0	0	0	24	0	0	0	0	27	0	0	0	0	89	0	0	0	620	0
LFQ	21	0	0	0	0	0	0	0	0	0	0	0	0	43	0	0	0	0	0	0	0	0	0	13	0	0	0	0	28	0	0	0	0	33	0	0	0	0	101	0	0	0	597	0
LFQ	22	0	0	0	0	0	0	0	0	0	0	0	0	36	0	0	0	0	0	0	0	0	0	25	0	0	0	0	24	0	0	0	0	33	0	0	0	0	110	0	0	0	587	0
LFQ	23	0	0	0	0	0	0	0	0	0	0	0	0	42	0	0	0	0	0	0	0	0	0	16	0	0	0	0	23	0	0	0	0	35	0	0	0	0	101	0	0	0	598	0
LFQ	24	0	0	0	0	0	0	0	0	0	0	0	0	31	0	0	0	0	0	0	0	0	0	23	0	0	0	0	26	0	0	0	0	29	0	0	0	0	105	0	0	0	601	0
LFQ	25	0	0	0	0	0	0	0	0	0	0	0	0	43	0	0	0	0	0	0	0	0	0	25	0	0	0	0	26	0	0	0	0	33	0	0	0	0	108	0	0	0	580	0
LFQ	26	0	0	0	0	0	0	0	0	0	0	0	0	52	0	0	0	0	0	0	0	0	0	22	0	0	0	0	19	0	0	0	0	33	0	0	0	0	93	0	0	0	596	0
LFQ	27	0	0	5	0	0	0	0	0	0	0	0	0	37	0	0	0	0	0	0	0	0	0	18	0	0	0	0	26	0	0	0	0	34	0	0	0	0	109	0	0	0	586	0
LFQ	28	0	0	0	0	0	0	0	0	0	0	0	0	39	0	0	0	0	0	0	0	0	0	25	0	0	0	0	22	0	0	0	0	40	0	0	0	0	106	0	0	0	583	0
LFQ	29	0	0	0	0	0	0	0	0	0	0	0	0	35	0	0	0	0	0	0	0	0	0	23	0	0	0	0	31	0	0	0	0	37	0	0	0	0	115	0	0	0	574	0
LFQ	30	0	0	0	0	0	0	0	0	0	0	0	0	45	0	0	0	0	0	0	0	0	0	26	0	0	0	0	30	0	0	0	0	26	0	0	0	0	113	0	0	0	575	0
LFQ	31	0	0	0	0	0	0	0	0	0	0	0	0	42	0	0	0	0	0	0	0	0	0	19	0	0	0	0	31	0	0	0	0	36	0	0	0	0	107	0	0	0	580	0
LFQ	32	0	0	0	0	0	0	0	0	0	0	0	0	36	0	0	0	0	0	0	0	0	0	20	0	0	0	0	29	0	0	0	0	30	0	0	0	0	92	0	0	0	608	0
LFQ	33	0	0	0	0	0	0	0	0	0	0	0	0	31	0	0	0	0	0	0	0	0	0	17	0	0	0	0	24	0	0	0	0	40	0	0	0	0	116	0	0	0	587	0
LFQ	34	0	0	0	0	0	0	0	0	0	0	0	0	36	0	0	0	0	0	0	0	0	0	36	0	0	0	0	31	0	0	0	0	27	0	0	0	0	105	0	0	0	580	0
LFQ	35	0	0	0	0	0	0	0	0	0	0	0	0	45	0	0	0	0	0	0	0	0	0	22	0	0	0	0	34	0	0	0	0	30	0	0	0	0	100	0	0	0	584	0
LFQ	36	0	0	0	0	0	0	0	0	0	0	0	0	43	0	0	0	0	0	0	0	0	0	30	0	0	0	0	37	0	0	0	0	38	0	0	0	0	108	0	0	0	559	0
LFQ	37	0	0	0	0	0	0	0	0	0	0	0	0	34	0	0	0	0	0	0	0	0	0	30	0	0	0	0	29	0	0	0	0	40	0	0	0	0	134	0	0	0	548	0
LFQ	38	0	0	0	0	0	0	0	0	0	0	0	0	48	0	0	0	0	0	0	0	0	0	30	0	0	0	0	36	0	0	0	0	35	0	0	0	0	131	0	0	0	535	0
LFQ	39	0	0	0	0	0	0	0	0	0	0	0	0	43	0	0	0	0	0	0	0	0	0	28	0	0	0	0	32	0	0	0	0	38	0	0	0	0	141	0	0	0	533	0
LFQ	40	0	0	0	0	0	0	0	0	0	0	0	0	52	0	0	0	0	0	0	0	0	0	16	0	0	0	0	44	0	0	0	0	43	0	0	0	0	128	0	0	0	532	0
LFQ	41	0	0	0	0	0	0	0	0	0	0	0	0	58	0	0	0	0	0	0	0	0	0	26	0	0	0	0	29	0	0	0	0	43	0	0	0	0	123	0	0	0	536	0
LFQ	42	0	0	0	0	0	0	0	0	0	0	0	0	55	0	0	0	0	0	0	0	0	0	34	0	0	0	0	37	0	0	0	0	45	0	0	0	0	119	0	0	0	525	0
LFQ	43	0	0	0	0	0	0	0	0	0	0	0	0	58	0	0	0	0	0	0	0	0	0	28	0	0	0	0	32	0	0	0	0	57	0	0	0	0	113	0	0	0	527	0
LFQ	44	0	0	0	0	0	0	0	0	0	0	0	0	52	0	0	0	0	0	0	0	0	0	31	0	0	0	0	37	0	0	0	0	50	0	0	0	0	124	0	0	0	521	0
LFQ	45	0	0	0	0	0	0	0	0	0	0	0	0	53	0	0	0	0	0	0	0	0	0	29	0	0	0	0	29	0	0	0	0	65	0	0	0	0	119	0	0	0	520	0
LFQ	46	0	0	0	0	0	0	0	0	0	0	0	0	59	0	0	0	0	0	0	0	0	0	33	0	0	0	0	32	0	0	0	0	51	0	0	0	0	118	0	0	0	522	0
LFQ	47	0	0	0	0	0	0	0	0	0	0	0	0	53	0	0	0	0	0	0	0	0	0	31	0	0	0	0	40	0	0	0	0	51	0	0	0	0	110	0	0	0	530	0
LFQ	48	0	0	0	0	0	0	0	0	0	0	0	0	54	0	0	0	0	0	0	0	0	0	24	0	0	0	0	33	0	0	0	0	57	0	0	0	0	122	0	0	0	525	0
LFQ	49	0	0	0	0	0	0	0	0	0	0	0	0	64	0	0	0	0	0	0	0	0	0	33	0	0	0	0	33	0	0	0	0	55	0	0	0	0	107	0	0	0	523	0
LFQ	50	0	0	0	0	0	0	0	0	0	0	0	0	56	0	0	0	0	0	0	0	0	0	33	0	0	0	0	34	0	0	0	0	56	0	0	0	0	109	0	0	0	527	0
LFQ	51	0	0	0	0	0	0	0	0	0	0	0	0	47	0	0	0	0	0	0	0	0	0	21	0	0	0	0	34	0	0	0	0	55	0	0	0	0	118	0	0	0	540	0
LFQ	52	0	0	0	0	0	0	0	0	0	0	0	0	66	0	0	0	0	0	0	0	0	0	27	0	0	0	0	41	0	0	0	0	50	0	0	0	0	119	0	0	0	512	0
LFQ	53	0	0	0	0	0	0	0	0	0	0	0	0	62	0	0	0	0	0	0	0	0	0	32	0	0	0	0	28	0	0	0	0	55	0	0	0	0	109	0	0	0	529	0
LFQ	54	0	0	0	0	0	0	0	0	0	0	0	0	55	0	0	0	0	0	0	0	0	0	19	0	0	0	0	39	0	0	0	0	55	0	0	0	0	112	0	0	0	535	0
LFQ	55	0	0	0	0	0	0	0	0	0	0	0	0	64	0	0	0	0	0	0	0	0	0	27	0	0	0	0	42	0	0	0	0	51	0	0	0	0	109	0	0	0	522	0
LFQ	56	0	0	0	0	0	0	0	0	0	0	0	0	62	0	0	0	0	0	0	0	0	0	31	0	0	0	0	35	0	0	0	0	55	0	0	0	0	106	0	0	0	526	0
LFQ	57	0	0	0	0	0	0	0	0	0	0	0	0	51	0	0	0	0	0	0	0	0	0	32	0	0	0	0	36	0	0	0	0	50	0	0	0	0	115	0	0	0	531	0
LFQ	58	0	0	0	0	0	0	0	0	0	0	0	0	64	0	0	0	0	0	0	0	0	0	26	0	0	0	0	38	0	0	0	0	58	0	0	0	0	116	0	0	0	513	0
LFQ	59	0	0	0	0	0	0	0	0	0	0	0	0	46	0	0	0	0	0	0	0	0	0	39	0	0	0	0	42	0	0	0	0	45	0	0	0	0	122	0	0	0	521	0
LFQ	60	0	0	0	0	0	0	0	0	0	0	0	0	69	0	0	0	0	0	0	0	0	0	33	0	0	0	0	47	0	0	0	0	48	0	0	0	0	109	0	0	0	509	0
LFQ	61	0	0	0	0	0	0	0	0	0	0	0	0	51	0	0	0	0	0	0	0	0	0	32	0	0	0	0	46	0	0	0	0	56	0	0	0	0	93	0	0	0	537	0
LFQ	62	0	0	0	0	0	0	0	0	0	0	0	0	53	0	0	0	0	0	0	0	0	0	36	0	0	0	0	31	0	0	0	0	64	0	0	0	0	97	0	0	0	534	0
LFQ	63	0	0	0	0	0	0	0	0	0	0	0	0	59	0	0	0	0	0	0	0	0	0	38	0	0	0	0	32	0	0	0	0	51	0	0	0	0	107	0	0	0	528	0
LFQ	64	0	0	0	0	0	0	0	0	0	0	0	0	57	0	0	0	0	0	0	0	0	0	43	0	0	0	0	28	0	0	0	0	42	0	0	0	0	120	0	0	0	525	0
LFQ	65	0	0	0	0	0	0	0	0	0	0	0	0	60	0	0	0	0	0	0	0	0	0	35	0	0	0	0	43	0	0	0	0	59	0	0	0	0	92	0	0	0	526	0
LFQ	66	0	0	0	0	0	0	0	0	0	0	0	0	57	0	0	0	0	0	0	0	0	0	40	0	0	0	0	34	0	0	0	0	52	0	0	0	0	110	0	0	0	522	0
LFQ	67	0	0	0	0	0	0	0	0	0	0	0	0	60	0	0	0	0	0	0	0	0	0	35	0	0	0	0	30	0	0	0	0	53	0	0	0	0	117	0	0	0	520	0
LFQ	68	0	0	0	0	0	0	0	0	0	0	0	0	52	0	0	0	0	0	0	0	0	0	32	0	0	0	0	37	0	0	0	0	53	0	0	0	0	130	0	0	0	511	0
LFQ	69	0	0	0	0	0	0	0	0	0	0	0	0	63	0	0	0	0	0	0	0	0	0	33	0	0	0	0	26	0	0	0	0	63	0	0	0	0	97	0	0	0	533	0
LFQ	70	0	0	0	0	0	0	0	0	0	0	0	0	60	0	0	0	0	0	0	0	0	0	34	0	0	0	0	27	0	0	0	0	50	0	0	0	0	108	0	0	0	536	0
LFQ	71	0	0	0	0	0	0	0	0	0	0	0	0	63	0	0	0	0	0	0	0	0	0	34	0	0	0	0	32	0	0	0	0	51	0	0	0	0	132	0	0	0	503	0
LFQ	72	0	0	0	0	0	0	0	0	0	0	0	0	61	0	0	0	0	0	0	0	0	0	37	0	0	0	0	38	0	0	0	0	52	0	0	0	0	111	0	0	0	516	0
LFQ	73	0	0	0	0	0	0	0	0	0	0	0	0	65	0	0	0	0	0	0	0	0	0	33	0	0	0	0	30	0	0	0	0	61	0	0	0	0	126	0	0	0	500	0
LFQ	74	0	0	0	0	0	0	0	0	0	0	0	0	61	0	0	0	0	0	0	0	0	0	33	0	0	0	0	25	0	0	0	0	48	0	0	0	0	125	0	0	0	523	0
LFQ	75	0	0	0	0	0	0	0	0	0	0	0	0	65	0	0	0	0	0	0	0	0	0	40	0	0	0	0	29	0	0	0	0	63	0	0	0	0	116	0	0	0	502	0
LFQ	76	0	0	0	0	0	0	0	0	0	0	0	0	62	0	0	0	0	0	0	0	0	0	42	0	0	0	0	29	0	0	0	0	60	0	0	0	0	118	0	0	0	504	0
LFQ	77	0	0	0	0	0	0	0	0	0	0	0	0	64	0	0	0	0	0	0	0	0	0	70	0	0	0	0	35	0	0	0	0	102	0	0	0	0	176	0	0	0	368	0
LFQ	78	0	0	0	0	0	0	0	0	0	0	0	0	54	0	0	0	0	0	0	0	0	0	58	0	0	0	0	26	0	0	0	0	74	0	0	0	0	143	0	0	0	460	0
LFQ	79	0	0	0	0	0	0	0	0	0	0	0	0	58	0	0	0	0	0	0	0	0	0	44	0	0	0	0	26	0	0	0	0	63	0	0	0	0	123	0	0	0	501	0
LFQ	80	0	0	0	0	0	0	0	0	0	0	0	0	56	0	0	0	0	0	0	0	0	0	37	0	0	0	0	30	0	0	0	0	64	0	0	0	0	107	0	0	0	521	0
LFQ	81	0	0	0	0	0	0	0	0	0	0	0	0	60	0	0	0	0	0	0	0	0	0	46	0	0	0	0	26	0	0	0	0	55	0	0	0	0	99	0	0	0	529	0
LFQ	82	0	0	0	0	0	0	0	0	0	0	0	0	59	0	0	0	0	0	0	0	0	0	34	0	0	0	0	24	0	0	0	0	57	0	0	0	0	128	0	0	0	513	0
LFQ	83	0	0	0	0	0	0	0	0	0	0	0	0	56	0	0	0	0	0	0	0	0	0	36	0	0	0	0	34	0	0	0	0	43	0	0	0	0	108	0	0	0	538	0
LFQ	84	0	0	0	0	0	0	0	0	0	0	0	0	63	0	0	0	0	0	0	0	0	0	43	0	0	0	0	24	0	0	0	0	59	0	0	0	0	87	0	0	0	539	0
LFQ	85	0	0	0	0	0	0	0	0	0	0	0	0	57	0	0	0	0	0	0	0	0	0	43	0	0	0	0	25	0	0	0	0	48	0	0	0	0	109	0	0	0	533	0
LFQ	86	0	0	0	0	0	0	0	0	0	0	0	0	49	0	0	0	0	0	0	0	0	0	41	0	0	0	0	31	0	0	0	0	50	0	0	0	0	130	0	0	0	514	0
LFQ	87	0	0	0	0	0	0	0	0	0	0	0	0	58	0	0	0	0	0	0	0	0	0	41	0	0	0	0	21	0	0	0	0	56	0	0	0	0	104	0	0	0	535	0
LFQ	88	0	0	0	0	0	0	0	0	0	0	0	0	54	0	0	0	0	0	0	0	0	0	41	0	0	0	0	34	0	0	0	0	54	0	0	0	0	107	0	0	0	525	0
LFQ	89	0	0	0	0	0	0	0	0	0	0	0	0	67	0	0	0	0	0	0	0	0	0	39	0	0	0	0	25	0	0	0	0	53	0	0	0	0	101	0	0	0	530	0
LFQ	90	0	0	0	0	0	0	0	0	0	0	0	0	61	0	0	0	0	0	0	0	0	0	49	0	0	0	0	34	0	0	0	0	44	0	0	0	0	98	0	0	0	529	0
LFQ	91	0	0	0	0	0	0	0	0	0	0	0	0	69	0	0	0	0	0	0	0	0	0	35	0	0	0	0	33	0	0	0	0	51	0	0	0	0	124	0	0	0	503	0
LFQ	92	0	0	0	0	0	0	0	0	0	0	0	0	72	0	0	0	0	0	0	0	0	0	38	0	0	0	0	30	0	0	0	0	48	0	0	0	0	103	0	0	0	524	0
LFQ	93	0	0	0	0	0	0	0	0	0	0	0	0	55	0	0	0	0	0	0	0	0	0	44	0	0	0	0	35	0	0	0	0	50	0	0	0	0	98	0	0	0	533	0
LFQ	94	0	0	0	0	0	0	0	0	0	0	0	0	71	0	0	0	0	0	0	0	0	0	38	0	0	0	0	34	0	0	0	0	61	0	0	0	0	114	0	0	0	497	0
LFQ	95	0	0	0	0	0	0	0	0	0	0	0	0	57	0	0	0	0	0	0	0	0	0	35	0	0	0	0	33	0	0	0	0	61	0	0	0	0	108	0	0	0	521	0
LFQ	96	0	0	0	0	0	0	0	0	0	0	0	0	69	0	0	0	0	0	0	0	0	0	37	0	0	0	0	33	0	0	0	0	47	0	0	0	0	110	0	0	0	519	0
LFQ	97	0	0	0	0	0	0	0	0	0	0	0	0	72	0	0	0	0	0	0	0	0	0	35	0	0	0	0	31	0	0	0	0	58	0	0	0	0	108	0	0	0	511	0
LFQ	98	0	0	0	0	0	0	0	0	0	0	0	0	73	0	0	0	0	0	0	0	0	0	34	0	0	0	0	33	0	0	0	0	63	0	0	0	0	116	0	0	0	496	0
LFQ	99	0	0	0	0	0	0	0	0	0	0	0	0	61	0	0	0	0	0	0	0	0	0	47	0	0	0	0	30	0	0	0	0	73	0	0	0	0	114	0	0	0	490	0
LFQ	100	0	0	0	0	0	0	0	0	0	0	0	0	63	0	0	0	0	0	0	0	0	0	50	0	0	0	0	39	0	0	0	0	57	0	0	0	0	103	0	0	0	503	0
LFQ	101	0	0	0	0	0	0	0	0	0	0	0	0	51	0	0	0	0	0	0	0	0	0	55	0	0	0	0	35	0	0	0	0	55	0	0	0	0	97	0	0	0	522	0
LFQ	102	0	0	0	0	0	0	0	0	0	0	0	0	81	0	0	0	0	0	0	0	0	0	39	0	0	0	0	32	0	0	0	0	50	0	0	0	0	112	0	0	0	501	0
LFQ	103	0	0	0	0	0	0	0	0	0	0	0	0	64	0	0	0	0	0	0	0	0	0	54	0	0	0	0	35	0	0	0	0	53	0	0	0	0	107	0	0	0	502	0
LFQ	104	0	0	0	0	0	0	0	0	0	0	0	0	67	0	0	0	0	0	0	0	0	0	47	0	0	0	0	27	0	0	0	0	62	0	0	0	0	123	0	0	0	489	0
LFQ	105	0	0	0	0	0	0	0	0	0	0	0	0	64	0	0	0	0	0	0	0	0	0	49	0	0	0	0	31	0	0	0	0	58	0	0	0	0	125	0	0	0	487	0
LFQ	106	0	0	0	0	0	0	0	0	0	0	0	0	69	0	0	0	0	0	0	0	0	0	55	0	0	0	0	27	0	0	0	0	56	0	0	0	0	129	0	0	0	477	0
LFQ	107	0	0	0	0	0	0	0	0	0	0	0	0	66	0	0	0	0	0	0	0	0	0	49	0	0	0	0	31	0	0	0	0	64	0	0	0	0	136	0	0	0	467	0
LFQ	108	0	0	0	0	0	0	0	0	0	0	0	0	66	0	0	0	0	0	0	0	0	0	57	0	0	0	0	25	0	0	0	0	52	0	0	0	0	129	0	0	0	483	0
LFQ	109	0	0	0	0	0	0	0	0	0	0	0	0	77	0	0	0	0	0	0	0	0	0	45	0	0	0	0	35	0	0	0	0	61	0	0	0	0	146	0	0	0	448	0
LFQ	110	0	0	8	0	0	0	0	0	0	0	0	0	78	0	0	0	0	0	0	0	0	0	47	0	0	0	0	31	0	0	0	0	60	0	0	0	0	131	0	0	0	457	0
LFQ	111	0	0	0	0	0	0	0	0	0	0	0	0	84	0	0	0	0	0	0	0	0	0	46	0	0	0	0	37	0	0	0	0	53	0	0	0	0	137	0	0	0	455	0
LFQ	112	0	0	0	0	0	0	0	0	0	0	0	0	67	0	0	0	0	0	0	0	0	0	47	0	0	0	0	28	0	0	0	0	78	0	0	0	0	151	0	0	0	441	0
LFQ	113	0	0	0	0	0	0	0	0	0	0	0	0	71	0	0	0	0	0	0	0	0	0	46	0	0	0	0	34	0	0	0	0	50	0	0	0	0	148	0	0	0	463	0
LFQ	114	0	0	0	0	0	0	0	0	0	0	0	0	67	0	0	0	0	0	0	0	0	0	59	0	0	0	0	26	0	0	0	0	60	0	0	0	0	158	0	0	0	442	0
LFQ	115	0	0	0	0	0	0	0	0	0	0	0	0	76	0	0	0	0	0	0	0	0	0	61	0	0	0	0	36	0	0	0	0	72	0	0	0	0	148	0	0	0	418	0
LFQ	116	0	0	0	0	0	0	0	0	0	0	0	0	73	0	0	0	0	0	0	0	0	0	55	0	0	0	0	35	0	0	0	0	81	0	0	0	0	139	0	0	0	428	0
LFQ	117	0	0	0	0	0	0	0	0	0	0	0	0	78	0	0	0	0	0	0	0	0	0	51	0	0	0	0	30	0	0	0	0	72	0	0	0	0	174	0	0	0	405	0
LFQ	118	0	0	0	0	0	0	0	0	0	0	0	0	67	0	0	0	0	0	0	0	0	0	65	0	0	0	0	44	0	0	0	0	61	0	0	0	0	159	0	0	0	413	0
LFQ	119	0	0	0	0	0	0	0	0	0	0	0	0	78	0	0	0	0	0	0	0	0	0	57	0	0	0	0	47	0	0	0	0	56	0	0	0	0	148	0	0	0	423	0
LFQ	120	0	0	0	0	0	0	0	0	0	0	0	0	85	0	0	0	0	0	0	0	0	0	49	0	0	0	0	39	0	0	0	0	54	0	0	0	0	162	0	0	0	419	0
LFQ	121	0	0	0	0	0	0	0	0	0	0	0	0	94	0	0	0	0	0	0	0	0	0	43	0	0	0	0	43	0	0	0	0	60	0	0	0	0	163	0	0	0	402	0
LFQ	122	0	0	0	0	0	0	0	0	0	0	0	0	84	0	0	0	0	0	0	0	0	0	40	0	0	0	0	46	0	0	0	0	67	0	0	0	0	134	0	0	0	432	0
LFQ	123	0	0	0	0	0	0	0	0	0	0	0	0	110	0	0	0	0	0	0	0	0	0	38	0	0	0	0	35	0	0	0	0	52	0	0	0	0	155	0	0	0	413	0
LFQ	124	0	0	0	0	0	0	0	0	4	0	0	0	90	0	0	0	0	0	0	0	0	0	52	0	0	0	0	44	0	0	0	0	64	0	0	0	0	163	0	0	0	385	0
LFQ	125	0	0	0	0	0	0	0	0	3	0	0	0	95	0	0	0	0	0	0	0	0	0	38	0	0	0	0	44	0	0	0	0	78	0	0	0	0	154	0	0	0	388	0
LFQ	126	0	0	0	0	0	0	0	0	12	0	0	0	101	0	0	0	0	0	0	0	0	0	47	0	0	0	0	55	0	0	0	0	56	0	0	0	0	153	0	0	0	376	0
LFQ	127	0	0	0	0	0	0	0	0	8	0	0	0	109	0	0	0	0	0	0	0	0	0	42	0	0	0	0	40	0	0	0	0	68	0	0	0	0	179	0	0	0	354	0
LFQ	128	0	0	0	0	0	0	0	0	8	0	0	0	105	0	0	0	0	0	0	0	0	0	45	0	0	0	0	43	0	0	0	0	56	0	0	0	0	183	0	0	0	359	0
LFQ	129	0	0	0	0	0	0	0	0	14	0	0	0	103	0	0	0	0	0	0	0	0	0	49	0	0	0	0	34	0	0	0	0	81	0	0	0	0	160	0	0	0	357	0
LFQ	130	0	0	0	0	0	0	0	0	23	0	0	0	72	0	0	0	0	0	0	0	0	0	49	0	0	0	0	36	0	0	0	0	81	0	0	0	0	164	0	0	0	372	0
LFQ	131	0	0	0	0	0	0	0	0	26	0	0	0	90	0	0	0	0	0	0	0	0	0	47	0	0	0	0	41	0	0	0	0	87	0	0	0	0	139	0	0	0	366	0
LFQ	132	0	0	0	0	0	0	0	0	32	0	0	0	85	0	0	0	0	0	0	0	0	0	52	0	0	0	0	37	0	0	0	0	95	0	0	0	0	138	0	0	0	356	0
LFQ	133	0	0	0	0	0	0	0	0	33	0	0	0	70	0	0	0	0	0	0	0	0	0	49	0	0	0	0	42	0	0	0	0	110	0	0	0	0	128	0	0	0	362	0
LFQ	134	0	0	0	0	0	0	0	0	28	0	0	0	86	0	0	0	0	0	0	0	0	0	35	0	0	0	0	35	0	0	0	0	96	0	0	0	0	132	0	0	0	381	0
LFQ	135	0	0	0	0	0	0	0	0	31	0	0	0	84	0	0	0	0	0	0	0	0	0	40	0	0	0	0	51	0	0	0	0	88	0	0	0	0	123	0	0	0	372	0
LFQ	136	0	0	0	0	0	0	0	0	41	0	0	0	82	0	0	0	0	0	0	0	0	0	49	0	0	0	0	46	0	0	0	0	88	0	0	0	0	126	0	0	0	356	0
LFQ	137	0	0	0	0	0	0	0	0	30	0	0	0	83	0	0	0	0	0	0	0	0	0	60	0	0	0	0	44	0	0	0	0	100	0	0	0	0	117	0	0	0	352	0
LFQ	138	0	0	0	0	0	0	0	0	43	0	0	0	71	0	0	0	0	0	0	0	0	0	40	0	0	0	0	49	0	0	0	0	103	0	0	0	0	136	0	0	0	343	0
LFQ	139	0	0	0	0	0	0	0	0	46	0	0	0	79	0	0	0	0	0	0	0	0	0	39	0	0	0	0	50	0	0	0	0	94	0	0	0	0	135	0	0	0	341	0
LFQ	140	0	0	0	0	0	0	0	0	35	0	0	0	87	0	0	0	0	0	0	0	0	0	48	0	0	0	0	45	0	0	0	0	106	0	0	0	0	126	0	0	0	336	0
LFQ	141	0	0	0	0	0	0	0	0	41	0	0	0	71	0	0	0	0	0	0	0	0	0	57	0	0	0	0	50	0	0	0	0	103	0	0	0	0	118	0	0	0	341	0
LFQ	142	0	0	0	0	0	0	0	0	35	0	0	0	87	0	0	0	0	0	0	0	0	0	33	0	0	0	0	42	0	0	0	0	127	0	0	0	0	126	0	0	0	329	0
LFQ	143	0	0	0	0	0	0	0	0	29	0	0	0	73	0	0	0	0	0	0	0	0	0	48	0	0	0	0	68	0	0	0	0	104	0	0	0	0	115	0	0	0	342	0
LFQ	144	0	0	0	0	0	0	0	0	31	0	0	0	91	0	0	0	0	0	0	0	0	0	58	0	0	0	0	62	0	0	0	0	89	0	0	0	0	106	0	0	0	340	0
LFQ	145	0	0	0	0	0	0	0	0	31	0	0	0	83	0	0	0	0	0	0	0	0	0	54	0	0	0	0	54	0	0	0	0	93	0	0	0	0	114	0	0	0	345	0
LFQ	146	0	0	0	0	0	0	0	0	34	0	0	0	79	0	0	0	0	0	0	0	0	0	44	0	0	0	0	68	0	0	0	0	88	0	0	0	0	118	0	0	0	340	0
LFQ	147	0	0	0	0	0	0	0	0	33	0	0	0	77	0	0	0	0	0	0	0	0	0	47	0	0	0	0	75	0	0	0	0	90	0	0	0	0	112	0	0	0	334	0
LFQ	148	0	0	0	0	0	0	0	0	25	0	0	0	83	0	0	0	0	0	0	0	0	0	48	0	0	0	0	71	0	0	0	0	97	0	0	0	0	126	0	0	0	305	0
LFQ	149	0	0	0	0	0	0	0	0	21	0	0	0	54	0	0	0	0	0	0	0	0	0	59	0	0	0	0	69	0	0	0	0	103	0	0	0	0	133	0	0	0	298	0
LFQ	150	0	0	0	0	0	0	0	0	9	0	0	0	55	0	0	0	0	0	0	0	0	0	43	0	0	0	0	85	0	0	0	0	87	0	0	0	0	132	0	0	0	292	0
LFQ	151	0	0	0	0	0	0	0	0	0	0	0	0	0	0	0	0	0	0	0	0	0	0	91	0	0	0	0	91	0	0	0	0	99	0	0	0	0	123	0	0	0	180	0
# GC Content of first fragments. Use `grep ^GCF | cut -f 2-` to extract this part.
GCF	0.25	2
GCF	1.01	0
GCF	2.26	1
GCF	10.30	0
GCF	17.84	1
GCF	18.59	3
GCF	19.35	2
GCF	19.85	0
GCF	20.60	2
GCF	21.36	1
GCF	21.86	0
GCF	22.36	1
GCF	23.12	2
GCF	23.87	4
GCF	24.62	0
GCF	25.38	6
GCF	25.88	10
GCF	26.88	7
GCF	27.89	14
GCF	28.39	9
GCF	28.89	17
GCF	29.40	18
GCF	29.90	15
GCF	30.40	13
GCF	31.16	9
GCF	31.91	18
GCF	32.41	19
GCF	32.91	21
GCF	33.42	18
GCF	33.92	21
GCF	34.42	18
GCF	34.92	19
GCF	35.43	20
GCF	35.93	17
GCF	36.43	18
GCF	37.19	17
GCF	37.94	13
GCF	38.44	21
GCF	39.20	16
GCF	39.95	19
GCF	40.45	12
GCF	40.95	11
GCF	41.46	10
GCF	41.96	9
GCF	42.46	11
GCF	42.96	12
GCF	43.47	6
GCF	43.97	7
GCF	44.47	14
GCF	45.23	7
GCF	45.98	8
GCF	46.48	4
GCF	47.24	6
GCF	47.99	5
GCF	48.49	9
GCF	48.99	8
GCF	49.50	6
GCF	50.00	7
GCF	50.50	6
GCF	51.01	2
GCF	51.51	5
GCF	52.01	4
GCF	52.51	6
GCF	53.02	4
GCF	53.52	9
GCF	54.02	8
GCF	54.52	4
GCF	55.03	3
GCF	55.53	4
GCF	56.03	3
GCF	56.53	4
GCF	57.04	7
GCF	57.54	5
GCF	58.04	9
GCF	58.54	13
GCF	59.05	10
GCF	59.55	5
GCF	60.30	15
GCF	61.06	16
GCF	61.56	7
GCF	62.06	20
GCF	62.56	17
GCF	63.07	12
GCF	63.57	16
GCF	64.32	21
GCF	65.33	13
GCF	66.08	14
GCF	66.58	18
GCF	67.09	16
GCF	67.84	11
GCF	68.59	7
GCF	69.10	10
GCF	69.85	6
GCF	70.60	5
GCF	71.11	8
GCF	71.61	3
GCF	72.11	2
GCF	72.61	4
GCF	73.12	3
GCF	73.87	4
GCF	74.62	1
GCF	75.38	2
GCF	76.88	0
GCF	78.14	1
GCF	79.40	0
GCF	80.90	1
GCF	82.41	0
GCF	83.92	1
GCF	88.19	0
GCF	92.21	1
# GC Content of last fragments. Use `grep ^GCL | cut -f 2-` to extract this part.
GCL	0.25	2
GCL	0.75	0
GCL	1.26	1
GCL	7.54	0
GCL	14.07	1
GCL	15.08	0
GCL	16.08	1
GCL	17.34	0
GCL	18.84	1
GCL	20.60	0
GCL	21.86	2
GCL	22.36	4
GCL	22.86	5
GCL	23.37	3
GCL	23.87	5
GCL	24.37	6
GCL	24.87	5
GCL	25.38	3
GCL	25.88	4
GCL	26.38	8
GCL	26.88	7
GCL	27.39	16
GCL	27.89	5
GCL	28.39	14
GCL	28.89	16
GCL	29.40	12
GCL	29.90	13
GCL	30.40	17
GCL	31.16	7
GCL	31.91	14
GCL	32.41	13
GCL	32.91	25
GCL	33.42	22
GCL	33.92	11
GCL	34.42	29
GCL	34.92	17
GCL	35.43	18
GCL	35.93	15
GCL	36.43	20
GCL	36.93	15
GCL	37.44	19
GCL	37.94	16
GCL	38.44	14
GCL	39.20	19
GCL	39.95	17
GCL	40.45	14
GCL	40.95	6
GCL	41.46	12
GCL	41.96	11
GCL	42.46	7
GCL	42.96	6
GCL	43.72	14
GCL	44.47	7
GCL	44.97	5
GCL	45.48	8
GCL	45.98	11
GCL	46.48	13
GCL	46.98	4
GCL	47.49	6
GCL	48.49	5
GCL	49.50	8
GCL	50.00	4
GCL	50.50	3
GCL	51.01	8
GCL	51.51	5
GCL	52.01	6
GCL	52.76	3
GCL	53.52	6
GCL	54.02	3
GCL	54.52	7
GCL	55.28	4
GCL	56.03	3
GCL	57.04	4
GCL	58.04	9
GCL	58.54	7
GCL	59.05	4
GCL	59.55	10
GCL	60.05	13
GCL	60.55	12
GCL	61.06	18
GCL	61.56	13
GCL	62.06	20
GCL	62.56	21
GCL	63.07	9
GCL	63.57	15
GCL	64.07	12
GCL	64.57	17
GCL	65.08	9
GCL	65.58	15
GCL	66.08	16
GCL	66.58	11
GCL	67.09	7
GCL	67.59	11
GCL	68.09	14
GCL	68.59	12
GCL	69.10	8
GCL	69.60	11
GCL	70.10	10
GCL	70.60	12
GCL	71.11	10
GCL	71.61	7
GCL	72.86	4
GCL	74.12	5
GCL	74.87	4
GCL	76.63	0
GCL	78.64	1
GCL	79.65	2
GCL	80.15	0
GCL	80.90	1
GCL	82.16	0
GCL	83.17	1
GCL	83.92	2
GCL	85.43	0
GCL	86.68	3
GCL	87.19	2
GCL	87.69	3
GCL	88.69	1
GCL	89.70	0
GCL	90.20	1
# ACGT content per cycle. Use `grep ^GCC | cut -f 2-` to extract this part. The columns are: cycle; A,C,G,T base counts as a percentage of all A/C/G/T bases [%]; and N and O counts as a percentage of all A/C/G/T bases [%]
GCC	1	25.40	25.15	27.87	21.57	0.74	0.00
GCC	2	25.03	24.72	24.23	26.01	0.00	0.00
GCC	3	25.28	23.50	22.64	28.59	0.00	0.00
GCC	4	27.67	21.84	23.87	26.63	0.00	0.00
GCC	5	29.02	23.19	22.52	25.28	0.00	0.00
GCC	6	28.34	20.49	24.54	26.63	0.00	0.00
GCC	7	26.26	20.18	21.41	32.15	0.00	0.00
GCC	8	23.44	25.71	23.25	27.61	0.00	0.00
GCC	9	24.54	24.60	23.50	27.36	0.00	0.00
GCC	10	31.90	19.14	22.64	26.32	0.00	0.00
GCC	11	24.97	25.15	24.29	25.58	0.00	0.00
GCC	12	25.71	23.80	24.42	26.07	0.00	0.00
GCC	13	26.01	21.47	25.03	27.48	0.00	0.00
GCC	14	25.95	24.11	22.02	27.91	0.00	0.00
GCC	15	26.56	22.52	22.88	28.04	0.00	0.00
GCC	16	28.34	20.43	21.84	29.39	0.00	0.00
GCC	17	28.59	23.07	24.29	24.05	0.00	0.00
GCC	18	28.16	23.62	22.88	25.34	0.00	0.00
GCC	19	27.55	22.39	23.13	26.93	0.00	0.00
GCC	20	27.91	23.07	24.36	24.66	0.00	0.00
GCC	21	25.21	23.44	24.17	27.18	0.00	0.00
GCC	22	26.56	23.25	23.62	26.56	0.00	0.00
GCC	23	26.13	24.72	22.94	26.20	0.00	0.00
GCC	24	25.89	22.70	23.87	27.55	0.00	0.00
GCC	25	28.77	22.02	22.94	26.26	0.00	0.00
GCC	26	26.87	22.39	25.03	25.71	0.00	0.00
GCC	27	27.45	21.42	21.85	29.29	0.31	0.00
GCC	28	23.76	24.49	24.31	27.44	0.06	0.00
GCC	29	26.09	23.57	23.94	26.40	0.06	0.00
GCC	30	26.50	20.80	24.85	27.85	0.00	0.00
GCC	31	26.01	22.09	22.76	29.14	0.00	0.00
GCC	32	27.42	23.44	22.94	26.20	0.00	0.00
GCC	33	24.85	25.28	25.64	24.23	0.00	0.00
GCC	34	26.32	22.33	22.52	28.83	0.00	0.00
GCC	35	25.58	22.64	24.60	27.18	0.00	0.00
GCC	36	26.93	22.64	22.88	27.55	0.00	0.00
GCC	37	26.99	21.04	26.32	25.64	0.00	0.00
GCC	38	26.44	24.29	23.31	25.95	0.00	0.00
GCC	39	26.15	23.45	22.16	28.24	0.06	0.00
GCC	40	27.36	20.61	23.01	29.02	0.00	0.00
GCC	41	26.20	22.09	25.52	26.20	0.00	0.00
GCC	42	26.26	23.68	24.36	25.71	0.00	0.00
GCC	43	27.67	22.58	24.11	25.64	0.00	0.00
GCC	44	28.05	25.05	21.67	25.23	0.06	0.00
GCC	45	27.24	24.17	22.52	26.07	0.00	0.00
GCC	46	26.83	22.90	22.96	27.32	0.06	0.00
GCC	47	25.77	21.96	26.20	26.07	0.00	0.00
GCC	48	28.22	22.70	24.54	24.54	0.00	0.00
GCC	49	26.69	23.25	22.64	27.42	0.00	0.00
GCC	50	27.55	22.02	25.64	24.79	0.00	0.00
GCC	51	26.32	24.17	23.87	25.64	0.00	0.00
GCC	52	28.65	21.53	23.99	25.83	0.00	0.00
GCC	53	26.75	22.82	25.34	25.09	0.00	0.00
GCC	54	25.40	22.39	25.40	26.81	0.00	0.00
GCC	55	26.13	23.50	23.07	27.30	0.00	0.00
GCC	56	26.99	23.80	23.99	25.21	0.00	0.00
GCC	57	25.15	24.85	26.20	23.80	0.00	0.00
GCC	58	25.71	23.19	22.94	28.16	0.00	0.00
GCC	59	27.67	23.07	23.62	25.64	0.00	0.00
GCC	60	26.87	25.46	20.67	26.99	0.00	0.00
GCC	61	29.14	22.39	24.29	24.17	0.00	0.00
GCC	62	26.50	23.13	24.23	26.13	0.00	0.00
GCC	63	26.63	23.93	24.66	24.79	0.00	0.00
GCC	64	26.01	24.36	21.78	27.85	0.00	0.00
GCC	65	27.24	23.13	23.87	25.77	0.00	0.00
GCC	66	26.32	23.25	22.64	27.79	0.00	0.00
GCC	67	28.96	21.10	23.68	26.26	0.00	0.00
GCC	68	26.32	24.23	23.01	26.44	0.00	0.00
GCC	69	27.91	23.37	23.93	24.79	0.00	0.00
GCC	70	27.30	23.01	23.68	26.01	0.00	0.00
GCC	71	27.55	24.29	25.21	22.94	0.00	0.00
GCC	72	26.50	23.31	23.74	26.44	0.00	0.00
GCC	73	28.77	22.88	23.13	25.21	0.00	0.00
GCC	74	28.10	21.96	25.03	24.91	0.00	0.00
GCC	75	27.79	22.70	24.23	25.28	0.00	0.00
GCC	76	28.96	23.56	22.64	24.85	0.00	0.00
GCC	77	24.29	23.87	25.09	26.75	0.00	0.00
GCC	78	25.77	23.56	24.72	25.95	0.00	0.00
GCC	79	26.75	22.02	24.54	26.69	0.00	0.00
GCC	80	28.71	22.39	24.72	24.17	0.00	0.00
GCC	81	25.71	23.56	24.66	26.07	0.00	0.00
GCC	82	26.38	24.54	23.44	25.64	0.00	0.00
GCC	83	24.97	23.68	23.37	27.98	0.00	0.00
GCC	84	26.38	22.02	23.80	27.79	0.00	0.00
GCC	85	26.44	22.88	24.79	25.89	0.00	0.00
GCC	86	24.05	23.80	23.93	28.22	0.00	0.00
GCC	87	26.07	22.15	25.95	25.83	0.00	0.00
GCC	88	26.07	21.53	25.89	26.50	0.00	0.00
GCC	89	25.28	22.39	23.87	28.47	0.00	0.00
GCC	90	26.26	22.02	25.28	26.44	0.00	0.00
GCC	91	26.69	22.21	23.93	27.18	0.00	0.00
GCC	92	26.26	22.64	23.68	27.42	0.00	0.00
GCC	93	25.89	23.13	24.11	26.87	0.00	0.00
GCC	94	26.69	23.68	22.58	27.06	0.00	0.00
GCC	95	28.65	24.54	23.13	23.68	0.00	0.00
GCC	96	27.12	21.96	23.87	27.06	0.00	0.00
GCC	97	26.13	23.68	22.82	27.36	0.00	0.00
GCC	98	29.08	21.78	23.99	25.15	0.00	0.00
GCC	99	26.69	24.66	23.01	25.64	0.00	0.00
GCC	100	27.48	22.09	23.93	26.50	0.00	0.00
GCC	101	27.50	24.19	24.80	23.51	0.00	0.00
GCC	102	26.27	24.55	22.84	26.34	0.00	0.00
GCC	103	26.70	23.02	24.43	25.84	0.00	0.00
GCC	104	26.70	24.49	25.05	23.76	0.00	0.00
GCC	105	29.24	22.67	22.54	25.55	0.00	0.00
GCC	106	29.01	22.62	23.23	25.14	0.00	0.00
GCC	107	28.03	22.62	23.85	25.51	0.00	0.00
GCC	108	28.18	23.08	22.22	26.52	0.00	0.00
GCC	109	26.89	24.25	22.40	26.46	0.00	0.00
GCC	110	25.36	24.92	23.19	26.53	0.49	0.00
GCC	111	26.28	24.31	22.40	27.02	0.00	0.00
GCC	112	25.66	21.17	27.26	25.91	0.00	0.00
GCC	113	25.35	21.48	26.46	26.71	0.00	0.00
GCC	114	23.69	25.85	24.31	26.15	0.00	0.00
GCC	115	27.65	21.98	23.77	26.60	0.00	0.00
GCC	116	26.85	22.35	24.69	26.11	0.00	0.00
GCC	117	29.59	22.75	21.70	25.96	0.00	0.00
GCC	118	27.21	21.96	23.81	27.02	0.00	0.00
GCC	119	28.81	22.52	23.38	25.29	0.00	0.00
GCC	120	26.05	23.15	23.95	26.85	0.00	0.00
GCC	121	27.85	21.66	24.44	26.05	0.00	0.00
GCC	122	26.08	24.29	24.85	24.78	0.00	0.00
GCC	123	27.26	21.62	23.67	27.45	0.00	0.00
GCC	124	26.97	23.43	22.44	27.15	0.00	0.00
GCC	125	28.24	24.95	23.15	23.65	0.00	0.00
GCC	126	28.99	21.79	21.54	27.68	0.00	0.00
GCC	127	26.01	23.65	21.97	28.37	0.00	0.00
GCC	128	26.02	22.73	24.78	26.46	0.00	0.00
GCC	129	26.41	22.93	24.30	26.35	0.00	0.00
GCC	130	26.31	24.25	24.07	25.37	0.00	0.00
GCC	131	29.31	23.02	22.96	24.70	0.00	0.00
GCC	132	26.09	24.91	23.04	25.97	0.00	0.00
GCC	133	27.66	23.68	23.55	25.11	0.00	0.00
GCC	134	26.45	24.14	24.83	24.58	0.00	0.00
GCC	135	28.68	22.35	23.36	25.61	0.00	0.00
GCC	136	29.20	22.18	22.31	26.32	0.00	0.00
GCC	137	28.67	24.97	24.15	22.21	0.00	0.00
GCC	138	28.19	22.35	22.72	26.74	0.00	0.00
GCC	139	26.71	23.26	22.88	27.15	0.00	0.00
GCC	140	23.33	23.71	26.10	26.86	0.00	0.00
GCC	141	24.50	22.92	24.56	28.02	0.00	0.00
GCC	142	29.02	22.52	23.72	24.73	0.00	0.00
GCC	143	25.96	22.05	22.36	29.63	0.00	0.00
GCC	144	26.22	23.56	22.80	27.42	0.00	0.00
GCC	145	26.13	22.57	24.03	27.27	0.00	0.00
GCC	146	26.91	23.34	22.07	27.68	0.00	0.00
GCC	147	26.70	21.77	25.03	26.50	0.00	0.00
GCC	148	27.30	23.09	22.70	26.91	0.00	0.00
GCC	149	28.28	23.29	21.96	26.48	0.00	0.00
GCC	150	27.79	23.73	22.49	26.00	0.00	0.00
GCC	151	25.28	22.89	27.03	24.80	0.00	0.00
# ACGT content per cycle, read oriented. Use `grep ^GCT | cut -f 2-` to extract this part. The columns are: cycle; A,C,G,T base counts as a percentage of all A/C/G/T bases [%]
GCT	1	25.59	24.78	28.24	21.38
GCT	2	25.89	22.64	26.32	25.15
GCT	3	26.07	23.44	22.70	27.79
GCT	4	28.59	21.53	24.17	25.71
GCT	5	30.25	23.07	22.64	24.05
GCT	6	30.31	20.86	24.17	24.66
GCT	7	26.81	19.88	21.72	31.60
GCT	8	23.56	25.58	23.37	27.48
GCT	9	23.93	24.48	23.62	27.98
GCT	10	32.21	19.08	22.70	26.01
GCT	11	26.87	24.97	24.48	23.68
GCT	12	25.95	24.54	23.68	25.83
GCT	13	25.28	22.70	23.80	28.22
GCT	14	25.52	23.93	22.21	28.34
GCT	15	26.69	22.52	22.88	27.91
GCT	16	30.00	20.37	21.90	27.73
GCT	17	26.87	21.84	25.52	25.77
GCT	18	27.61	23.93	22.58	25.89
GCT	19	27.24	22.94	22.58	27.24
GCT	20	25.89	24.97	22.45	26.69
GCT	21	24.85	23.56	24.05	27.55
GCT	22	25.77	23.68	23.19	27.36
GCT	23	25.95	24.91	22.76	26.38
GCT	24	25.52	21.60	24.97	27.91
GCT	25	27.36	21.84	23.13	27.67
GCT	26	27.79	22.94	24.48	24.79
GCT	27	27.88	22.34	20.92	28.86
GCT	28	24.31	24.19	24.62	26.89
GCT	29	26.27	24.00	23.51	26.21
GCT	30	27.67	22.33	23.31	26.69
GCT	31	26.81	21.90	22.94	28.34
GCT	32	26.99	22.76	23.62	26.63
GCT	33	24.97	25.15	25.77	24.11
GCT	34	27.55	21.60	23.25	27.61
GCT	35	26.69	22.52	24.72	26.07
GCT	36	27.24	23.44	22.09	27.24
GCT	37	26.69	22.33	25.03	25.95
GCT	38	25.46	23.93	23.68	26.93
GCT	39	26.34	23.51	22.10	28.05
GCT	40	26.81	21.53	22.09	29.57
GCT	41	25.28	22.27	25.34	27.12
GCT	42	26.63	23.44	24.60	25.34
GCT	43	28.04	22.09	24.60	25.28
GCT	44	27.44	24.92	21.79	25.84
GCT	45	27.18	24.60	22.09	26.13
GCT	46	26.46	23.51	22.34	27.69
GCT	47	25.71	23.50	24.66	26.13
GCT	48	27.36	22.94	24.29	25.40
GCT	49	28.34	22.09	23.80	25.77
GCT	50	25.52	22.82	24.85	26.81
GCT	51	26.07	23.19	24.85	25.89
GCT	52	28.71	21.47	24.05	25.77
GCT	53	26.50	23.19	24.97	25.34
GCT	54	26.93	23.31	24.48	25.28
GCT	55	25.71	23.68	22.88	27.73
GCT	56	27.85	23.19	24.60	24.36
GCT	57	24.48	24.54	26.50	24.48
GCT	58	25.15	23.13	23.01	28.71
GCT	59	27.91	23.56	23.13	25.40
GCT	60	27.61	24.85	21.29	26.26
GCT	61	28.22	23.07	23.62	25.09
GCT	62	25.58	23.44	23.93	27.06
GCT	63	26.38	24.29	24.29	25.03
GCT	64	27.42	24.66	21.47	26.44
GCT	65	26.13	22.15	24.85	26.87
GCT	66	27.55	22.27	23.62	26.56
GCT	67	28.04	20.55	24.23	27.18
GCT	68	26.26	22.94	24.29	26.50
GCT	69	27.12	23.56	23.74	25.58
GCT	70	26.07	23.37	23.31	27.24
GCT	71	28.10	25.09	24.42	22.39
GCT	72	26.63	23.93	23.13	26.32
GCT	73	27.67	22.27	23.74	26.32
GCT	74	27.55	22.88	24.11	25.46
GCT	75	27.42	24.42	22.52	25.64
GCT	76	28.34	23.56	22.64	25.46
GCT	77	25.52	23.62	25.34	25.52
GCT	78	25.28	24.05	24.23	26.44
GCT	79	26.75	22.02	24.54	26.69
GCT	80	27.48	23.01	24.11	25.40
GCT	81	24.91	23.50	24.72	26.87
GCT	82	26.32	25.83	22.15	25.71
GCT	83	24.97	23.07	23.99	27.98
GCT	84	26.63	23.74	22.09	27.55
GCT	85	26.50	22.94	24.72	25.83
GCT	86	26.01	23.68	24.05	26.26
GCT	87	26.69	23.37	24.72	25.21
GCT	88	24.79	23.31	24.11	27.79
GCT	89	25.28	22.52	23.74	28.47
GCT	90	26.26	22.76	24.54	26.44
GCT	91	26.75	22.39	23.74	27.12
GCT	92	24.72	23.44	22.88	28.96
GCT	93	26.44	23.31	23.93	26.32
GCT	94	28.96	22.39	23.87	24.79
GCT	95	28.22	24.23	23.44	24.11
GCT	96	28.16	22.52	23.31	26.01
GCT	97	26.93	22.39	24.11	26.56
GCT	98	27.24	23.50	22.27	26.99
GCT	99	25.52	25.34	22.33	26.81
GCT	100	27.55	23.25	22.76	26.44
GCT	101	25.54	24.06	24.92	25.48
GCT	102	26.70	23.76	23.63	25.91
GCT	103	27.44	23.27	24.19	25.11
GCT	104	27.50	24.68	24.86	22.96
GCT	105	28.07	23.22	21.99	26.72
GCT	106	29.38	22.25	23.60	24.77
GCT	107	29.38	22.99	23.48	24.15
GCT	108	27.32	23.57	21.72	27.38
GCT	109	26.77	24.00	22.65	26.58
GCT	110	25.97	25.36	22.76	25.91
GCT	111	26.77	24.68	22.03	26.52
GCT	112	26.03	21.66	26.77	25.54
GCT	113	25.11	21.97	25.97	26.95
GCT	114	24.37	24.43	25.72	25.48
GCT	115	26.72	22.04	23.71	27.52
GCT	116	25.92	22.41	24.63	27.03
GCT	117	27.31	23.30	21.15	28.24
GCT	118	27.76	22.27	23.50	26.47
GCT	119	27.58	22.02	23.87	26.53
GCT	120	27.35	23.95	23.15	25.56
GCT	121	27.41	22.34	23.76	26.49
GCT	122	26.70	23.67	25.46	24.16
GCT	123	27.45	22.18	23.11	27.26
GCT	124	26.66	23.74	22.13	27.46
GCT	125	26.07	26.01	22.10	25.82
GCT	126	29.98	21.54	21.79	26.69
GCT	127	26.51	22.28	23.34	27.87
GCT	128	25.40	24.72	22.80	27.08
GCT	129	27.78	23.06	24.18	24.98
GCT	130	26.06	25.37	22.95	25.62
GCT	131	27.57	22.65	23.34	26.45
GCT	132	25.65	24.22	23.72	26.40
GCT	133	29.28	24.17	23.05	23.49
GCT	134	25.14	25.08	23.89	25.89
GCT	135	27.36	22.79	22.92	26.93
GCT	136	28.07	21.43	23.06	27.44
GCT	137	27.04	25.22	23.90	23.84
GCT	138	27.56	22.72	22.35	27.37
GCT	139	27.53	24.70	21.43	26.34
GCT	140	23.90	24.03	25.79	26.29
GCT	141	26.45	22.86	24.62	26.07
GCT	142	30.73	23.09	23.15	23.03
GCT	143	27.54	22.11	22.30	28.05
GCT	144	26.16	24.13	22.23	27.49
GCT	145	25.81	22.00	24.60	27.59
GCT	146	28.95	23.09	22.32	25.64
GCT	147	25.74	23.75	23.05	27.46
GCT	148	26.33	24.38	21.40	27.89
GCT	149	28.01	23.49	21.76	26.75
GCT	150	27.37	24.28	21.94	26.41
GCT	151	27.27	23.77	26.15	22.81
# ACGT content per cycle for first fragments. Use `grep ^FBC | cut -f 2-` to extract this part. The columns are: cycle; A,C,G,T base counts as a percentage of all A/C/G/T bases [%]; and N and O counts as a percentage of all A/C/G/T bases [%]
FBC	1	26.20	25.46	27.68	20.66	0.25	0.00
FBC	2	24.79	25.64	23.80	25.77	0.00	0.00
FBC	3	26.87	23.80	22.45	26.87	0.00	0.00
FBC	4	26.63	21.47	23.56	28.34	0.00	0.00
FBC	5	30.92	21.23	21.72	26.13	0.00	0.00
FBC	6	27.48	21.47	24.66	26.38	0.00	0.00
FBC	7	27.36	19.51	22.70	30.43	0.00	0.00
FBC	8	24.54	24.91	22.94	27.61	0.00	0.00
FBC	9	24.79	25.64	24.42	25.15	0.00	0.00
FBC	10	31.78	17.91	24.17	26.13	0.00	0.00
FBC	11	24.29	25.64	23.44	26.63	0.00	0.00
FBC	12	26.26	23.44	23.68	26.63	0.00	0.00
FBC	13	25.52	22.45	24.05	27.98	0.00	0.00
FBC	14	28.71	24.17	21.47	25.64	0.00	0.00
FBC	15	27.85	22.82	21.72	27.61	0.00	0.00
FBC	16	31.66	20.49	20.61	27.24	0.00	0.00
FBC	17	28.96	22.94	24.05	24.05	0.00	0.00
FBC	18	28.10	25.64	21.23	25.03	0.00	0.00
FBC	19	27.61	24.91	20.61	26.87	0.00	0.00
FBC	20	28.83	23.68	23.68	23.80	0.00	0.00
FBC	21	26.38	25.40	21.84	26.38	0.00	0.00
FBC	22	25.03	24.42	22.33	28.22	0.00	0.00
FBC	23	27.36	25.77	21.47	25.40	0.00	0.00
FBC	24	25.40	23.44	22.21	28.96	0.00	0.00
FBC	25	28.47	22.70	22.33	26.50	0.00	0.00
FBC	26	25.89	21.84	25.28	26.99	0.00	0.00
FBC	27	27.24	21.47	21.35	29.94	0.00	0.00
FBC	28	23.10	26.54	25.92	24.45	0.12	0.00
FBC	29	24.94	21.99	22.48	30.59	0.12	0.00
FBC	30	26.75	20.86	25.15	27.24	0.00	0.00
FBC	31	27.36	20.86	21.23	30.55	0.00	0.00
FBC	32	26.38	23.19	24.91	25.52	0.00	0.00
FBC	33	24.66	25.64	24.91	24.79	0.00	0.00
FBC	34	26.99	23.31	20.12	29.57	0.00	0.00
FBC	35	25.52	24.66	23.31	26.50	0.00	0.00
FBC	36	24.17	23.80	23.19	28.83	0.00	0.00
FBC	37	28.34	21.10	26.50	24.05	0.00	0.00
FBC	38	26.63	23.31	23.68	26.38	0.00	0.00
FBC	39	25.18	24.32	21.87	28.62	0.12	0.00
FBC	40	27.48	20.49	22.21	29.82	0.00	0.00
FBC	41	26.99	21.35	24.17	27.48	0.00	0.00
FBC	42	23.68	24.79	26.13	25.40	0.00	0.00
FBC	43	27.85	23.07	24.66	24.42	0.00	0.00
FBC	44	27.15	25.92	20.64	26.29	0.12	0.00
FBC	45	27.24	23.68	21.47	27.61	0.00	0.00
FBC	46	29.73	22.24	21.62	26.41	0.12	0.00
FBC	47	26.50	21.47	24.91	27.12	0.00	0.00
FBC	48	28.22	23.56	24.42	23.80	0.00	0.00
FBC	49	25.89	23.56	21.47	29.08	0.00	0.00
FBC	50	26.75	23.56	24.54	25.15	0.00	0.00
FBC	51	28.71	24.05	20.61	26.63	0.00	0.00
FBC	52	28.96	22.33	23.93	24.79	0.00	0.00
FBC	53	26.99	20.37	26.50	26.13	0.00	0.00
FBC	54	27.12	22.82	24.29	25.77	0.00	0.00
FBC	55	26.13	21.72	24.54	27.61	0.00	0.00
FBC	56	27.12	22.45	25.64	24.79	0.00	0.00
FBC	57	25.15	24.05	25.77	25.03	0.00	0.00
FBC	58	26.13	23.19	21.60	29.08	0.00	0.00
FBC	59	27.48	22.09	23.19	27.24	0.00	0.00
FBC	60	25.15	26.75	20.25	27.85	0.00	0.00
FBC	61	27.12	23.44	24.66	24.79	0.00	0.00
FBC	62	27.61	23.68	23.56	25.15	0.00	0.00
FBC	63	25.64	24.66	25.40	24.29	0.00	0.00
FBC	64	26.26	24.29	21.10	28.34	0.00	0.00
FBC	65	29.08	23.19	22.58	25.15	0.00	0.00
FBC	66	26.99	23.44	23.07	26.50	0.00	0.00
FBC	67	28.47	21.72	23.44	26.38	0.00	0.00
FBC	68	24.91	24.05	22.33	28.71	0.00	0.00
FBC	69	28.83	23.56	23.31	24.29	0.00	0.00
FBC	70	28.59	23.68	23.44	24.29	0.00	0.00
FBC	71	28.10	23.93	24.91	23.07	0.00	0.00
FBC	72	27.48	24.54	22.45	25.52	0.00	0.00
FBC	73	28.59	21.72	23.19	26.50	0.00	0.00
FBC	74	28.59	22.21	24.54	24.66	0.00	0.00
FBC	75	26.13	22.09	24.54	27.24	0.00	0.00
FBC	76	29.33	23.56	20.61	26.50	0.00	0.00
FBC	77	22.70	26.75	23.68	26.87	0.00	0.00
FBC	78	23.68	24.29	26.01	26.01	0.00	0.00
FBC	79	26.01	22.58	24.42	26.99	0.00	0.00
FBC	80	28.34	23.44	23.80	24.42	0.00	0.00
FBC	81	26.75	21.84	25.89	25.52	0.00	0.00
FBC	82	26.99	25.40	21.96	25.64	0.00	0.00
FBC	83	25.03	23.44	21.60	29.94	0.00	0.00
FBC	84	28.10	22.70	21.84	27.36	0.00	0.00
FBC	85	27.36	23.19	23.80	25.64	0.00	0.00
FBC	86	24.17	23.80	24.29	27.73	0.00	0.00
FBC	87	26.50	21.96	24.17	27.36	0.00	0.00
FBC	88	26.63	20.86	26.01	26.50	0.00	0.00
FBC	89	26.13	22.70	21.96	29.20	0.00	0.00
FBC	90	25.64	23.68	24.17	26.50	0.00	0.00
FBC	91	26.87	22.09	21.47	29.57	0.00	0.00
FBC	92	27.98	23.19	23.07	25.77	0.00	0.00
FBC	93	26.75	22.94	23.31	26.99	0.00	0.00
FBC	94	28.34	23.31	21.96	26.38	0.00	0.00
FBC	95	30.31	22.94	23.44	23.31	0.00	0.00
FBC	96	25.03	23.07	24.29	27.61	0.00	0.00
FBC	97	26.38	21.96	22.70	28.96	0.00	0.00
FBC	98	30.67	21.10	23.31	24.91	0.00	0.00
FBC	99	25.52	25.52	22.94	26.01	0.00	0.00
FBC	100	29.08	20.98	22.94	26.99	0.00	0.00
FBC	101	29.24	21.87	23.96	24.94	0.00	0.00
FBC	102	24.57	26.04	22.48	26.90	0.00	0.00
FBC	103	28.13	21.50	23.34	27.03	0.00	0.00
FBC	104	27.64	25.18	21.99	25.18	0.00	0.00
FBC	105	27.27	24.57	21.99	26.17	0.00	0.00
FBC	106	29.24	23.83	21.87	25.06	0.00	0.00
FBC	107	28.75	23.10	21.62	26.54	0.00	0.00
FBC	108	27.31	25.22	20.42	27.06	0.00	0.00
FBC	109	25.95	22.26	23.25	28.54	0.00	0.00
FBC	110	24.35	23.62	24.97	27.06	0.00	0.00
FBC	111	28.91	23.12	22.14	25.83	0.00	0.00
FBC	112	26.45	21.40	25.46	26.69	0.00	0.00
FBC	113	25.46	21.16	24.48	28.91	0.00	0.00
FBC	114	23.12	27.80	22.76	26.32	0.00	0.00
FBC	115	29.03	21.40	21.28	28.29	0.00	0.00
FBC	116	27.43	22.39	23.25	26.94	0.00	0.00
FBC	117	29.80	22.29	22.29	25.62	0.00	0.00
FBC	118	26.97	23.28	23.65	26.11	0.00	0.00
FBC	119	32.02	22.17	21.55	24.26	0.00	0.00
FBC	120	24.75	22.78	23.52	28.94	0.00	0.00
FBC	121	27.00	22.93	25.65	24.41	0.00	0.00
FBC	122	26.14	25.40	23.43	25.03	0.00	0.00
FBC	123	25.77	21.21	24.66	28.36	0.00	0.00
FBC	124	26.51	23.92	22.69	26.88	0.00	0.00
FBC	125	28.85	24.29	22.07	24.78	0.00	0.00
FBC	126	26.88	21.70	21.82	29.59	0.00	0.00
FBC	127	22.93	24.78	22.81	29.47	0.00	0.00
FBC	128	26.39	22.56	24.17	26.88	0.00	0.00
FBC	129	25.15	24.78	23.92	26.14	0.00	0.00
FBC	130	26.63	23.18	24.17	26.02	0.00	0.00
FBC	131	26.51	22.81	24.29	26.39	0.00	0.00
FBC	132	24.04	26.88	22.44	26.63	0.00	0.00
FBC	133	27.87	23.92	22.69	25.52	0.00	0.00
FBC	134	28.02	21.85	23.33	26.79	0.00	0.00
FBC	135	29.70	21.16	23.39	25.74	0.00	0.00
FBC	136	28.84	23.51	20.54	27.10	0.00	0.00
FBC	137	28.09	24.88	23.51	23.51	0.00	0.00
FBC	138	26.98	24.26	23.02	25.74	0.00	0.00
FBC	139	28.25	22.80	21.31	27.63	0.00	0.00
FBC	140	24.16	23.92	25.90	26.02	0.00	0.00
FBC	141	25.40	22.43	24.66	27.51	0.00	0.00
FBC	142	27.79	22.46	25.68	24.07	0.00	0.00
FBC	143	26.00	22.89	20.52	30.60	0.00	0.00
FBC	144	25.31	26.18	22.44	26.06	0.00	0.00
FBC	145	26.91	21.40	22.90	28.79	0.00	0.00
FBC	146	28.48	23.46	19.45	28.61	0.00	0.00
FBC	147	25.57	23.17	26.70	24.56	0.00	0.00
FBC	148	28.21	23.89	23.25	24.65	0.00	0.00
FBC	149	27.81	23.76	21.28	27.15	0.00	0.00
FBC	150	27.56	23.17	23.57	25.70	0.00	0.00
FBC	151	23.15	23.00	28.78	25.07	0.00	0.00
# ACGT raw counters for first fragments. Use `grep ^FTC | cut -f 2-` to extract this part. The columns are: A,C,G,T,N base counters
FTC	33013	28488	28501	32540	7
# ACGT content per cycle for last fragments. Use `grep ^LBC | cut -f 2-` to extract this part. The columns are: cycle; A,C,G,T base counts as a percentage of all A/C/G/T bases [%]; and N and O counts as a percentage of all A/C/G/T bases [%]
LBC	1	24.60	24.84	28.07	22.48	1.24	0.00
LBC	2	25.28	23.80	24.66	26.26	0.00	0.00
LBC	3	23.68	23.19	22.82	30.31	0.00	0.00
LBC	4	28.71	22.21	24.17	24.91	0.00	0.00
LBC	5	27.12	25.15	23.31	24.42	0.00	0.00
LBC	6	29.20	19.51	24.42	26.87	0.00	0.00
LBC	7	25.15	20.86	20.12	33.87	0.00	0.00
LBC	8	22.33	26.50	23.56	27.61	0.00	0.00
LBC	9	24.29	23.56	22.58	29.57	0.00	0.00
LBC	10	32.02	20.37	21.10	26.50	0.00	0.00
LBC	11	25.64	24.66	25.15	24.54	0.00	0.00
LBC	12	25.15	24.17	25.15	25.52	0.00	0.00
LBC	13	26.50	20.49	26.01	26.99	0.00	0.00
LBC	14	23.19	24.05	22.58	30.18	0.00	0.00
LBC	15	25.28	22.21	24.05	28.47	0.00	0.00
LBC	16	25.03	20.37	23.07	31.53	0.00	0.00
LBC	17	28.22	23.19	24.54	24.05	0.00	0.00
LBC	18	28.22	21.60	24.54	25.64	0.00	0.00
LBC	19	27.48	19.88	25.64	26.99	0.00	0.00
LBC	20	26.99	22.45	25.03	25.52	0.00	0.00
LBC	21	24.05	21.47	26.50	27.98	0.00	0.00
LBC	22	28.10	22.09	24.91	24.91	0.00	0.00
LBC	23	24.91	23.68	24.42	26.99	0.00	0.00
LBC	24	26.38	21.96	25.52	26.13	0.00	0.00
LBC	25	29.08	21.35	23.56	26.01	0.00	0.00
LBC	26	27.85	22.94	24.79	24.42	0.00	0.00
LBC	27	27.65	21.36	22.35	28.64	0.62	0.00
LBC	28	24.42	22.45	22.70	30.43	0.00	0.00
LBC	29	27.24	25.15	25.40	22.21	0.00	0.00
LBC	30	26.26	20.74	24.54	28.47	0.00	0.00
LBC	31	24.66	23.31	24.29	27.73	0.00	0.00
LBC	32	28.47	23.68	20.98	26.87	0.00	0.00
LBC	33	25.03	24.91	26.38	23.68	0.00	0.00
LBC	34	25.64	21.35	24.91	28.10	0.00	0.00
LBC	35	25.64	20.61	25.89	27.85	0.00	0.00
LBC	36	29.69	21.47	22.58	26.26	0.00	0.00
LBC	37	25.64	20.98	26.13	27.24	0.00	0.00
LBC	38	26.26	25.28	22.94	25.52	0.00	0.00
LBC	39	27.12	22.58	22.45	27.85	0.00	0.00
LBC	40	27.24	20.74	23.80	28.22	0.00	0.00
LBC	41	25.40	22.82	26.87	24.91	0.00	0.00
LBC	42	28.83	22.58	22.58	26.01	0.00	0.00
LBC	43	27.48	22.09	23.56	26.87	0.00	0.00
LBC	44	28.96	24.17	22.70	24.17	0.00	0.00
LBC	45	27.24	24.66	23.56	24.54	0.00	0.00
LBC	46	23.93	23.56	24.29	28.22	0.00	0.00
LBC	47	25.03	22.45	27.48	25.03	0.00	0.00
LBC	48	28.22	21.84	24.66	25.28	0.00	0.00
LBC	49	27.48	22.94	23.80	25.77	0.00	0.00
LBC	50	28.34	20.49	26.75	24.42	0.00	0.00
LBC	51	23.93	24.29	27.12	24.66	0.00	0.00
LBC	52	28.34	20.74	24.05	26.87	0.00	0.00
LBC	53	26.50	25.28	24.17	24.05	0.00	0.00
LBC	54	23.68	21.96	26.50	27.85	0.00	0.00
LBC	55	26.13	25.28	21.60	26.99	0.00	0.00
LBC	56	26.87	25.15	22.33	25.64	0.00	0.00
LBC	57	25.15	25.64	26.63	22.58	0.00	0.00
LBC	58	25.28	23.19	24.29	27.24	0.00	0.00
LBC	59	27.85	24.05	24.05	24.05	0.00	0.00
LBC	60	28.59	24.17	21.10	26.13	0.00	0.00
LBC	61	31.17	21.35	23.93	23.56	0.00	0.00
LBC	62	25.40	22.58	24.91	27.12	0.00	0.00
LBC	63	27.61	23.19	23.93	25.28	0.00	0.00
LBC	64	25.77	24.42	22.45	27.36	0.00	0.00
LBC	65	25.40	23.07	25.15	26.38	0.00	0.00
LBC	66	25.64	23.07	22.21	29.08	0.00	0.00
LBC	67	29.45	20.49	23.93	26.13	0.00	0.00
LBC	68	27.73	24.42	23.68	24.17	0.00	0.00
LBC	69	26.99	23.19	24.54	25.28	0.00	0.00
LBC	70	26.01	22.33	23.93	27.73	0.00	0.00
LBC	71	26.99	24.66	25.52	22.82	0.00	0.00
LBC	72	25.52	22.09	25.03	27.36	0.00	0.00
LBC	73	28.96	24.05	23.07	23.93	0.00	0.00
LBC	74	27.61	21.72	25.52	25.15	0.00	0.00
LBC	75	29.45	23.31	23.93	23.31	0.00	0.00
LBC	76	28.59	23.56	24.66	23.19	0.00	0.00
LBC	77	25.89	20.98	26.50	26.63	0.00	0.00
LBC	78	27.85	22.82	23.44	25.89	0.00	0.00
LBC	79	27.48	21.47	24.66	26.38	0.00	0.00
LBC	80	29.08	21.35	25.64	23.93	0.00	0.00
LBC	81	24.66	25.28	23.44	26.63	0.00	0.00
LBC	82	25.77	23.68	24.91	25.64	0.00	0.00
LBC	83	24.91	23.93	25.15	26.01	0.00	0.00
LBC	84	24.66	21.35	25.77	28.22	0.00	0.00
LBC	85	25.52	22.58	25.77	26.13	0.00	0.00
LBC	86	23.93	23.80	23.56	28.71	0.00	0.00
LBC	87	25.64	22.33	27.73	24.29	0.00	0.00
LBC	88	25.52	22.21	25.77	26.50	0.00	0.00
LBC	89	24.42	22.09	25.77	27.73	0.00	0.00
LBC	90	26.87	20.37	26.38	26.38	0.00	0.00
LBC	91	26.50	22.33	26.38	24.79	0.00	0.00
LBC	92	24.54	22.09	24.29	29.08	0.00	0.00
LBC	93	25.03	23.31	24.91	26.75	0.00	0.00
LBC	94	25.03	24.05	23.19	27.73	0.00	0.00
LBC	95	26.99	26.13	22.82	24.05	0.00	0.00
LBC	96	29.20	20.86	23.44	26.50	0.00	0.00
LBC	97	25.89	25.40	22.94	25.77	0.00	0.00
LBC	98	27.48	22.45	24.66	25.40	0.00	0.00
LBC	99	27.85	23.80	23.07	25.28	0.00	0.00
LBC	100	25.89	23.19	24.91	26.01	0.00	0.00
LBC	101	25.77	26.50	25.64	22.09	0.00	0.00
LBC	102	27.98	23.07	23.19	25.77	0.00	0.00
LBC	103	25.28	24.54	25.52	24.66	0.00	0.00
LBC	104	25.77	23.80	28.10	22.33	0.00	0.00
LBC	105	31.20	20.76	23.10	24.94	0.00	0.00
LBC	106	28.78	21.40	24.60	25.22	0.00	0.00
LBC	107	27.31	22.14	26.08	24.48	0.00	0.00
LBC	108	29.06	20.94	24.01	25.99	0.00	0.00
LBC	109	27.83	26.23	21.55	24.38	0.00	0.00
LBC	110	26.37	26.24	21.39	26.00	1.00	0.00
LBC	111	23.65	25.49	22.66	28.20	0.00	0.00
LBC	112	24.88	20.94	29.06	25.12	0.00	0.00
LBC	113	25.25	21.80	28.45	24.51	0.00	0.00
LBC	114	24.26	23.89	25.86	25.99	0.00	0.00
LBC	115	26.26	22.56	26.26	24.91	0.00	0.00
LBC	116	26.26	22.32	26.14	25.28	0.00	0.00
LBC	117	29.38	23.21	21.11	26.30	0.00	0.00
LBC	118	27.44	20.64	23.98	27.94	0.00	0.00
LBC	119	25.59	22.87	25.22	26.33	0.00	0.00
LBC	120	27.35	23.51	24.38	24.75	0.00	0.00
LBC	121	28.70	20.37	23.23	27.70	0.00	0.00
LBC	122	26.03	23.16	26.28	24.53	0.00	0.00
LBC	123	28.77	22.04	22.67	26.53	0.00	0.00
LBC	124	27.43	22.94	22.19	27.43	0.00	0.00
LBC	125	27.62	25.62	24.25	22.50	0.00	0.00
LBC	126	31.12	21.88	21.25	25.75	0.00	0.00
LBC	127	29.12	22.50	21.12	27.25	0.00	0.00
LBC	128	25.66	22.90	25.41	26.03	0.00	0.00
LBC	129	27.69	21.05	24.69	26.57	0.00	0.00
LBC	130	25.97	25.35	23.96	24.72	0.00	0.00
LBC	131	32.16	23.24	21.61	22.99	0.00	0.00
LBC	132	28.18	22.89	23.65	25.28	0.00	0.00
LBC	133	27.46	23.43	24.43	24.69	0.00	0.00
LBC	134	24.84	26.48	26.36	22.32	0.00	0.00
LBC	135	27.63	23.57	23.32	25.48	0.00	0.00
LBC	136	29.57	20.81	24.11	25.51	0.00	0.00
LBC	137	29.26	25.06	24.81	20.87	0.00	0.00
LBC	138	29.43	20.38	22.42	27.77	0.00	0.00
LBC	139	25.13	23.72	24.49	26.66	0.00	0.00
LBC	140	22.48	23.50	26.31	27.71	0.00	0.00
LBC	141	23.56	23.43	24.46	28.55	0.00	0.00
LBC	142	30.30	22.59	21.69	25.42	0.00	0.00
LBC	143	25.93	21.18	24.26	28.63	0.00	0.00
LBC	144	27.16	20.85	23.17	28.83	0.00	0.00
LBC	145	25.32	23.77	25.19	25.71	0.00	0.00
LBC	146	25.29	23.22	24.77	26.72	0.00	0.00
LBC	147	27.86	20.31	23.31	28.52	0.00	0.00
LBC	148	26.36	22.25	22.12	29.27	0.00	0.00
LBC	149	28.77	22.80	22.66	25.78	0.00	0.00
LBC	150	28.02	24.32	21.34	26.32	0.00	0.00
LBC	151	27.74	22.77	25.00	24.49	0.00	0.00
# ACGT raw counters for last fragments. Use `grep ^LTC | cut -f 2-` to extract this part. The columns are: A,C,G,T,N base counters
LTC	32586	27876	29584	31781	23
# Insert sizes. Use `grep ^IS | cut -f 2-` to extract this part. The columns are: insert size, pairs total, inward oriented pairs, outward oriented pairs, other pairs
IS	0	1	0	1	0
IS	1	0	0	0	0
IS	2	0	0	0	0
IS	3	0	0	0	0
IS	4	0	0	0	0
IS	5	0	0	0	0
IS	6	0	0	0	0
IS	7	0	0	0	0
IS	8	0	0	0	0
IS	9	0	0	0	0
IS	10	0	0	0	0
IS	11	0	0	0	0
IS	12	0	0	0	0
IS	13	0	0	0	0
IS	14	0	0	0	0
IS	15	0	0	0	0
IS	16	0	0	0	0
IS	17	0	0	0	0
IS	18	0	0	0	0
IS	19	0	0	0	0
IS	20	0	0	0	0
IS	21	0	0	0	0
IS	22	0	0	0	0
IS	23	0	0	0	0
IS	24	0	0	0	0
IS	25	0	0	0	0
IS	26	0	0	0	0
IS	27	0	0	0	0
IS	28	0	0	0	0
IS	29	0	0	0	0
IS	30	0	0	0	0
IS	31	0	0	0	0
IS	32	0	0	0	0
IS	33	0	0	0	0
IS	34	0	0	0	0
IS	35	0	0	0	0
IS	36	0	0	0	0
IS	37	0	0	0	0
IS	38	0	0	0	0
IS	39	0	0	0	0
IS	40	0	0	0	0
IS	41	0	0	0	0
IS	42	0	0	0	0
IS	43	0	0	0	0
IS	44	0	0	0	0
IS	45	0	0	0	0
IS	46	0	0	0	0
IS	47	0	0	0	0
IS	48	0	0	0	0
IS	49	0	0	0	0
IS	50	0	0	0	0
IS	51	0	0	0	0
IS	52	0	0	0	0
IS	53	0	0	0	0
IS	54	0	0	0	0
IS	55	0	0	0	0
IS	56	0	0	0	0
IS	57	0	0	0	0
IS	58	0	0	0	0
IS	59	0	0	0	0
IS	60	0	0	0	0
IS	61	0	0	0	0
IS	62	0	0	0	0
IS	63	0	0	0	0
IS	64	0	0	0	0
IS	65	0	0	0	0
IS	66	0	0	0	0
IS	67	0	0	0	0
IS	68	0	0	0	0
IS	69	0	0	0	0
IS	70	0	0	0	0
IS	71	0	0	0	0
IS	72	0	0	0	0
IS	73	0	0	0	0
IS	74	0	0	0	0
IS	75	0	0	0	0
IS	76	0	0	0	0
IS	77	0	0	0	0
IS	78	0	0	0	0
IS	79	0	0	0	0
IS	80	0	0	0	0
IS	81	0	0	0	0
IS	82	0	0	0	0
IS	83	0	0	0	0
IS	84	0	0	0	0
IS	85	0	0	0	0
IS	86	0	0	0	0
IS	87	0	0	0	0
IS	88	0	0	0	0
IS	89	0	0	0	0
IS	90	0	0	0	0
IS	91	0	0	0	0
IS	92	0	0	0	0
IS	93	0	0	0	0
IS	94	0	0	0	0
IS	95	0	0	0	0
IS	96	0	0	0	0
IS	97	0	0	0	0
IS	98	0	0	0	0
IS	99	0	0	0	0
IS	100	0	0	0	0
IS	101	0	0	0	0
IS	102	0	0	0	0
IS	103	0	0	0	0
IS	104	0	0	0	0
IS	105	0	0	0	0
IS	106	0	0	0	0
IS	107	0	0	0	0
IS	108	0	0	0	0
IS	109	0	0	0	0
IS	110	0	0	0	0
IS	111	0	0	0	0
IS	112	0	0	0	0
IS	113	0	0	0	0
IS	114	0	0	0	0
IS	115	0	0	0	0
IS	116	0	0	0	0
IS	117	0	0	0	0
IS	118	0	0	0	0
IS	119	0	0	0	0
IS	120	0	0	0	0
IS	121	0	0	0	0
IS	122	0	0	0	0
IS	123	0	0	0	0
IS	124	0	0	0	0
IS	125	0	0	0	0
IS	126	0	0	0	0
IS	127	0	0	0	0
IS	128	0	0	0	0
IS	129	0	0	0	0
IS	130	0	0	0	0
IS	131	0	0	0	0
IS	132	0	0	0	0
IS	133	0	0	0	0
IS	134	0	0	0	0
IS	135	0	0	0	0
IS	136	0	0	0	0
IS	137	0	0	0	0
IS	138	0	0	0	0
IS	139	0	0	0	0
IS	140	0	0	0	0
IS	141	0	0	0	0
IS	142	0	0	0	0
IS	143	0	0	0	0
IS	144	0	0	0	0
IS	145	0	0	0	0
IS	146	0	0	0	0
IS	147	0	0	0	0
IS	148	0	0	0	0
IS	149	0	0	0	0
IS	150	0	0	0	0
IS	151	0	0	0	0
IS	152	0	0	0	0
IS	153	0	0	0	0
IS	154	0	0	0	0
IS	155	0	0	0	0
IS	156	0	0	0	0
IS	157	0	0	0	0
IS	158	0	0	0	0
IS	159	0	0	0	0
IS	160	0	0	0	0
IS	161	0	0	0	0
IS	162	0	0	0	0
IS	163	0	0	0	0
IS	164	0	0	0	0
IS	165	0	0	0	0
IS	166	0	0	0	0
IS	167	0	0	0	0
IS	168	0	0	0	0
IS	169	0	0	0	0
IS	170	0	0	0	0
IS	171	0	0	0	0
IS	172	0	0	0	0
IS	173	0	0	0	0
IS	174	0	0	0	0
IS	175	0	0	0	0
IS	176	0	0	0	0
IS	177	0	0	0	0
IS	178	0	0	0	0
IS	179	0	0	0	0
IS	180	0	0	0	0
IS	181	0	0	0	0
IS	182	0	0	0	0
IS	183	0	0	0	0
IS	184	0	0	0	0
IS	185	0	0	0	0
IS	186	0	0	0	0
IS	187	0	0	0	0
IS	188	1	1	0	0
IS	189	0	0	0	0
IS	190	0	0	0	0
IS	191	0	0	0	0
IS	192	0	0	0	0
IS	193	0	0	0	0
IS	194	0	0	0	0
IS	195	0	0	0	0
IS	196	0	0	0	0
IS	197	0	0	0	0
IS	198	0	0	0	0
IS	199	0	0	0	0
IS	200	0	0	0	0
IS	201	0	0	0	0
IS	202	0	0	0	0
IS	203	0	0	0	0
IS	204	1	1	0	0
IS	205	0	0	0	0
IS	206	0	0	0	0
IS	207	2	2	0	0
IS	208	0	0	0	0
IS	209	0	0	0	0
IS	210	0	0	0	0
IS	211	2	2	0	0
IS	212	0	0	0	0
IS	213	0	0	0	0
IS	214	1	1	0	0
IS	215	2	2	0	0
IS	216	1	1	0	0
IS	217	1	1	0	0
IS	218	0	0	0	0
IS	219	0	0	0	0
IS	220	0	0	0	0
IS	221	0	0	0	0
IS	222	0	0	0	0
IS	223	0	0	0	0
IS	224	0	0	0	0
IS	225	1	1	0	0
IS	226	2	2	0	0
IS	227	2	2	0	0
IS	228	2	2	0	0
IS	229	0	0	0	0
IS	230	0	0	0	0
IS	231	0	0	0	0
IS	232	0	0	0	0
IS	233	0	0	0	0
IS	234	0	0	0	0
IS	235	0	0	0	0
IS	236	4	4	0	0
IS	237	1	1	0	0
IS	238	3	3	0	0
IS	239	1	1	0	0
IS	240	2	2	0	0
IS	241	0	0	0	0
IS	242	5	5	0	0
IS	243	0	0	0	0
IS	244	0	0	0	0
IS	245	1	1	0	0
IS	246	0	0	0	0
IS	247	1	1	0	0
IS	248	2	2	0	0
IS	249	1	1	0	0
IS	250	2	2	0	0
IS	251	0	0	0	0
IS	252	0	0	0	0
IS	253	1	1	0	0
IS	254	0	0	0	0
IS	255	0	0	0	0
IS	256	0	0	0	0
IS	257	1	1	0	0
IS	258	0	0	0	0
IS	259	1	1	0	0
IS	260	0	0	0	0
IS	261	2	2	0	0
IS	262	2	2	0	0
IS	263	1	1	0	0
IS	264	1	1	0	0
IS	265	1	1	0	0
IS	266	1	1	0	0
IS	267	0	0	0	0
IS	268	0	0	0	0
IS	269	0	0	0	0
IS	270	0	0	0	0
IS	271	0	0	0	0
IS	272	1	1	0	0
IS	273	3	3	0	0
IS	274	2	2	0	0
IS	275	1	1	0	0
IS	276	0	0	0	0
IS	277	0	0	0	0
IS	278	0	0	0	0
IS	279	1	1	0	0
IS	280	1	1	0	0
IS	281	1	1	0	0
IS	282	3	3	0	0
IS	283	1	1	0	0
IS	284	0	0	0	0
IS	285	1	1	0	0
IS	286	0	0	0	0
IS	287	1	1	0	0
IS	288	1	1	0	0
IS	289	1	1	0	0
IS	290	2	2	0	0
IS	291	2	2	0	0
IS	292	0	0	0	0
IS	293	2	2	0	0
IS	294	0	0	0	0
IS	295	0	0	0	0
IS	296	0	0	0	0
IS	297	0	0	0	0
IS	298	1	1	0	0
IS	299	0	0	0	0
IS	300	0	0	0	0
IS	301	0	0	0	0
IS	302	0	0	0	0
IS	303	1	1	0	0
IS	304	0	0	0	0
IS	305	0	0	0	0
IS	306	1	1	0	0
IS	307	1	1	0	0
IS	308	0	0	0	0
IS	309	2	2	0	0
IS	310	2	2	0	0
IS	311	1	1	0	0
IS	312	0	0	0	0
IS	313	1	1	0	0
IS	314	0	0	0	0
IS	315	0	0	0	0
IS	316	0	0	0	0
IS	317	1	1	0	0
IS	318	0	0	0	0
IS	319	3	3	0	0
IS	320	1	1	0	0
IS	321	1	1	0	0
IS	322	1	1	0	0
IS	323	0	0	0	0
IS	324	1	1	0	0
IS	325	1	1	0	0
IS	326	6	6	0	0
IS	327	1	1	0	0
IS	328	0	0	0	0
IS	329	1	1	0	0
IS	330	2	2	0	0
IS	331	0	0	0	0
IS	332	2	2	0	0
IS	333	2	2	0	0
IS	334	0	0	0	0
IS	335	1	1	0	0
IS	336	1	1	0	0
IS	337	0	0	0	0
IS	338	0	0	0	0
IS	339	1	1	0	0
IS	340	2	2	0	0
IS	341	1	1	0	0
IS	342	0	0	0	0
IS	343	3	3	0	0
IS	344	0	0	0	0
IS	345	2	2	0	0
IS	346	0	0	0	0
IS	347	1	1	0	0
IS	348	3	3	0	0
IS	349	2	2	0	0
IS	350	1	1	0	0
IS	351	0	0	0	0
IS	352	2	2	0	0
IS	353	3	3	0	0
IS	354	0	0	0	0
IS	355	1	1	0	0
IS	356	0	0	0	0
IS	357	1	1	0	0
IS	358	4	4	0	0
IS	359	0	0	0	0
IS	360	1	1	0	0
IS	361	1	1	0	0
IS	362	2	2	0	0
IS	363	0	0	0	0
IS	364	0	0	0	0
IS	365	1	1	0	0
IS	366	0	0	0	0
IS	367	1	1	0	0
IS	368	0	0	0	0
IS	369	1	1	0	0
IS	370	0	0	0	0
IS	371	1	1	0	0
IS	372	1	1	0	0
IS	373	1	1	0	0
IS	374	0	0	0	0
IS	375	2	2	0	0
IS	376	1	1	0	0
IS	377	2	2	0	0
IS	378	0	0	0	0
IS	379	1	1	0	0
IS	380	0	0	0	0
IS	381	2	2	0	0
IS	382	1	1	0	0
IS	383	0	0	0	0
IS	384	1	1	0	0
IS	385	0	0	0	0
IS	386	1	1	0	0
IS	387	0	0	0	0
IS	388	0	0	0	0
IS	389	3	3	0	0
IS	390	0	0	0	0
IS	391	1	1	0	0
IS	392	0	0	0	0
IS	393	0	0	0	0
IS	394	2	2	0	0
IS	395	1	1	0	0
IS	396	1	1	0	0
IS	397	0	0	0	0
IS	398	2	2	0	0
IS	399	2	2	0	0
IS	400	2	2	0	0
IS	401	0	0	0	0
IS	402	2	2	0	0
IS	403	2	2	0	0
IS	404	0	0	0	0
IS	405	0	0	0	0
IS	406	0	0	0	0
IS	407	2	2	0	0
IS	408	1	1	0	0
IS	409	3	3	0	0
IS	410	1	1	0	0
IS	411	0	0	0	0
IS	412	1	1	0	0
IS	413	0	0	0	0
IS	414	2	2	0	0
IS	415	2	2	0	0
IS	416	1	1	0	0
IS	417	3	3	0	0
IS	418	0	0	0	0
IS	419	1	1	0	0
IS	420	0	0	0	0
IS	421	1	1	0	0
IS	422	0	0	0	0
IS	423	1	1	0	0
IS	424	0	0	0	0
IS	425	0	0	0	0
IS	426	2	2	0	0
IS	427	3	3	0	0
IS	428	2	2	0	0
IS	429	0	0	0	0
IS	430	3	3	0	0
IS	431	0	0	0	0
IS	432	1	1	0	0
IS	433	1	1	0	0
IS	434	1	1	0	0
IS	435	1	1	0	0
IS	436	5	5	0	0
IS	437	5	5	0	0
IS	438	2	2	0	0
IS	439	1	1	0	0
IS	440	0	0	0	0
IS	441	1	1	0	0
IS	442	1	1	0	0
IS	443	2	2	0	0
IS	444	0	0	0	0
IS	445	5	5	0	0
IS	446	1	1	0	0
IS	447	1	1	0	0
IS	448	3	3	0	0
IS	449	1	1	0	0
IS	450	0	0	0	0
IS	451	0	0	0	0
IS	452	3	3	0	0
IS	453	0	0	0	0
IS	454	1	1	0	0
IS	455	0	0	0	0
IS	456	0	0	0	0
IS	457	1	1	0	0
IS	458	3	3	0	0
IS	459	2	2	0	0
IS	460	2	2	0	0
IS	461	1	1	0	0
IS	462	0	0	0	0
IS	463	1	1	0	0
IS	464	0	0	0	0
IS	465	1	1	0	0
IS	466	0	0	0	0
IS	467	1	1	0	0
IS	468	2	2	0	0
IS	469	0	0	0	0
IS	470	2	2	0	0
IS	471	0	0	0	0
IS	472	0	0	0	0
IS	473	0	0	0	0
IS	474	0	0	0	0
IS	475	0	0	0	0
IS	476	2	2	0	0
# Read lengths. Use `grep ^RL | cut -f 2-` to extract this part. The columns are: read length, count
RL	100	1
RL	104	1
RL	105	1
RL	107	2
RL	114	1
RL	116	2
RL	117	1
RL	119	1
RL	120	4
RL	121	2
RL	123	1
RL	124	2
RL	127	1
RL	128	1
RL	129	1
RL	130	1
RL	131	1
RL	132	1
RL	133	2
RL	134	6
RL	135	1
RL	136	2
RL	137	1
RL	138	2
RL	139	1
RL	140	2
RL	141	3
RL	142	2
RL	143	4
RL	144	6
RL	145	5
RL	146	6
RL	147	20
RL	148	39
RL	149	49
RL	150	196
RL	151	1258
# Read lengths - first fragments. Use `grep ^FRL | cut -f 2-` to extract this part. The columns are: read length, count
FRL	100	1
FRL	107	1
FRL	116	1
FRL	120	1
FRL	133	1
FRL	134	2
FRL	138	1
FRL	141	1
FRL	142	2
FRL	143	2
FRL	144	3
FRL	145	2
FRL	146	3
FRL	147	7
FRL	148	21
FRL	149	15
FRL	150	77
FRL	151	674
# Read lengths - last fragments. Use `grep ^LRL | cut -f 2-` to extract this part. The columns are: read length, count
LRL	104	1
LRL	105	1
LRL	107	1
LRL	114	1
LRL	116	1
LRL	117	1
LRL	119	1
LRL	120	3
LRL	121	2
LRL	123	1
LRL	124	2
LRL	127	1
LRL	128	1
LRL	129	1
LRL	130	1
LRL	131	1
LRL	132	1
LRL	133	1
LRL	134	4
LRL	135	1
LRL	136	2
LRL	137	1
LRL	138	1
LRL	139	1
LRL	140	2
LRL	141	2
LRL	143	2
LRL	144	3
LRL	145	3
LRL	146	3
LRL	147	13
LRL	148	18
LRL	149	34
LRL	150	119
LRL	151	584
# Mapping qualities for reads !(UNMAP|SECOND|SUPPL|QCFAIL|DUP). Use `grep ^MAPQ | cut -f 2-` to extract this part. The columns are: mapq, count
MAPQ	0	13
MAPQ	1	5
MAPQ	2	1
MAPQ	3	4
MAPQ	8	7
MAPQ	23	20
MAPQ	24	23
MAPQ	40	62
MAPQ	42	414
# Indel distribution. Use `grep ^ID | cut -f 2-` to extract this part. The columns are: length, number of insertions, number of deletions
ID	1	14	5
ID	2	1	1
ID	5	1	0
ID	6	1	0
ID	9	1	0
ID	12	2	0
# Indels per cycle. Use `grep ^IC | cut -f 2-` to extract this part. The columns are: cycle, number of insertions (fwd), .. (rev) , number of deletions (fwd), .. (rev)
IC	4	1	0	0	0
IC	5	0	1	0	0
IC	6	0	1	0	0
IC	7	0	1	0	0
IC	11	0	1	0	0
IC	12	1	0	0	0
IC	32	1	0	0	0
IC	40	1	0	0	0
IC	41	0	0	1	0
IC	53	1	0	0	0
IC	60	1	2	0	0
IC	66	1	0	0	0
IC	68	0	2	0	0
IC	79	1	0	0	0
IC	82	0	0	1	0
IC	89	2	0	0	0
IC	94	0	0	0	1
IC	114	0	0	0	1
IC	115	0	0	0	1
IC	122	0	0	0	1
IC	138	0	1	0	0
IC	142	1	0	0	0
# Coverage distribution. Use `grep ^COV | cut -f 2-` to extract this part.
COV	[1-1]	1	47368
COV	[2-2]	2	14852
COV	[3-3]	3	542
COV	[4-4]	4	835
COV	[5-5]	5	36
COV	[7-7]	7	1
COV	[8-8]	8	59
# GC-depth. Use `grep ^GCD | cut -f 2-` to extract this part. The columns are: GC%, unique sequence percentiles, 10th, 25th, 50th, 75th and 90th depth percentile
GCD	0.0	2.326	0.000	0.000	0.000	0.000	0.000
GCD	1.3	3.488	0.030	0.030	0.030	0.030	0.030
GCD	24.0	4.651	0.007	0.007	0.007	0.007	0.007
GCD	26.0	5.814	0.075	0.075	0.075	0.075	0.075
GCD	27.0	8.140	0.007	0.007	0.026	0.045	0.045
GCD	28.0	9.302	0.007	0.007	0.007	0.007	0.007
GCD	29.0	13.953	0.015	0.015	0.022	0.030	0.030
GCD	30.0	16.279	0.030	0.030	0.045	0.060	0.060
GCD	31.0	25.581	0.015	0.022	0.045	0.086	0.120
GCD	32.0	36.047	0.015	0.030	0.045	0.079	0.105
GCD	33.0	46.512	0.015	0.026	0.045	0.082	0.097
GCD	34.0	60.465	0.015	0.021	0.052	0.060	0.100
GCD	35.0	74.419	0.025	0.032	0.049	0.058	0.104
GCD	36.0	86.047	0.016	0.028	0.045	0.079	0.117
GCD	37.0	91.860	0.030	0.030	0.045	0.090	0.120
GCD	38.0	94.186	0.030	0.030	0.037	0.045	0.045
GCD	39.0	98.837	0.015	0.019	0.034	0.111	0.135
GCD	40.0	100.000	0.015	0.015	0.015	0.015	0.015
