# This file was produced by samtools stats (1.21+htslib-1.21) and can be plotted using plot-bamstats
# This file contains statistics for all reads.
# The command line was:  stats NC.Staphy1.2C_sorted.bam
# CHK, Checksum	[2]Read Names	[3]Sequences	[4]Qualities
# CHK, CRC32 of reads which passed filtering followed by addition (32bit overflow)
CHK	99f09596	669f2399	3991572d
# Summary Numbers. Use `grep ^SN | cut -f 2-` to extract this part.
SN	raw total sequences:	2164	# excluding supplementary and secondary reads
SN	filtered sequences:	0
SN	sequences:	2164
SN	is sorted:	1
SN	1st fragments:	1082
SN	last fragments:	1082
SN	reads mapped:	753
SN	reads mapped and paired:	732	# paired-end technology bit set + both mates mapped
SN	reads unmapped:	1411
SN	reads properly paired:	726	# proper-pair bit set
SN	reads paired:	2164	# paired-end technology bit set
SN	reads duplicated:	0	# PCR or optical duplicate bit set
SN	reads MQ0:	12	# mapped and MQ=0
SN	reads QC failed:	0
SN	non-primary alignments:	0
SN	supplementary alignments:	0
SN	total length:	324700	# ignores clipping
SN	total first fragment length:	162795	# ignores clipping
SN	total last fragment length:	161905	# ignores clipping
SN	bases mapped:	113430	# ignores clipping
SN	bases mapped (cigar):	113430	# more accurate
SN	bases trimmed:	0
SN	bases duplicated:	0
SN	mismatches:	2374	# from NM fields
SN	error rate:	2.092921e-02	# mismatches / bases mapped (cigar)
SN	average length:	150
SN	average first fragment length:	150
SN	average last fragment length:	150
SN	maximum length:	151
SN	maximum first fragment length:	151
SN	maximum last fragment length:	151
SN	average quality:	37.1
SN	insert size average:	338.7
SN	insert size standard deviation:	84.9
SN	inward oriented pairs:	363
SN	outward oriented pairs:	3
SN	pairs with other orientation:	0
SN	pairs on different chromosomes:	0
SN	percentage of properly paired reads (%):	33.5
# First Fragment Qualities. Use `grep ^FFQ | cut -f 2-` to extract this part.
# Columns correspond to qualities and rows to cycles. First column is the cycle number.
FFQ	1	0	0	3	0	0	0	0	0	0	0	0	0	26	0	0	0	0	0	0	0	0	0	0	0	0	0	0	25	0	0	0	0	1028	0	0	0	0	0	0	0	0	0	0
FFQ	2	0	0	0	0	0	0	0	0	0	0	0	0	25	0	0	0	0	0	0	0	0	0	0	0	0	0	0	35	0	0	0	0	1022	0	0	0	0	0	0	0	0	0	0
FFQ	3	0	0	0	0	0	0	0	0	0	0	0	0	23	0	0	0	0	0	0	0	0	0	0	0	0	0	0	40	0	0	0	0	237	0	0	0	0	782	0	0	0	0	0
FFQ	4	0	0	0	0	0	0	0	0	0	0	0	0	20	0	0	0	0	0	0	0	0	0	2	0	0	0	0	19	0	0	0	0	89	0	0	0	0	952	0	0	0	0	0
FFQ	5	0	0	0	0	0	0	0	0	0	0	0	0	8	0	0	0	0	0	0	0	0	0	5	0	0	0	0	17	0	0	0	0	69	0	0	0	0	983	0	0	0	0	0
FFQ	6	0	0	0	0	0	0	0	0	0	0	0	0	11	0	0	0	0	0	0	0	0	0	5	0	0	0	0	12	0	0	0	0	44	0	0	0	0	114	0	0	0	896	0
FFQ	7	0	0	0	0	0	0	0	0	0	0	0	0	8	0	0	0	0	0	0	0	0	0	4	0	0	0	0	10	0	0	0	0	45	0	0	0	0	110	0	0	0	905	0
FFQ	8	0	0	0	0	0	0	0	0	0	0	0	0	8	0	0	0	0	0	0	0	0	0	5	0	0	0	0	12	0	0	0	0	39	0	0	0	0	73	0	0	0	945	0
FFQ	9	0	0	0	0	0	0	0	0	0	0	0	0	11	0	0	0	0	0	0	0	0	0	6	0	0	0	0	15	0	0	0	0	33	0	0	0	0	93	0	0	0	924	0
FFQ	10	0	0	0	0	0	0	0	0	0	0	0	0	11	0	0	0	0	0	0	0	0	0	3	0	0	0	0	10	0	0	0	0	34	0	0	0	0	92	0	0	0	932	0
FFQ	11	0	0	0	0	0	0	0	0	0	0	0	0	9	0	0	0	0	0	0	0	0	0	5	0	0	0	0	9	0	0	0	0	25	0	0	0	0	79	0	0	0	955	0
FFQ	12	0	0	0	0	0	0	0	0	0	0	0	0	13	0	0	0	0	0	0	0	0	0	7	0	0	0	0	14	0	0	0	0	35	0	0	0	0	89	0	0	0	924	0
FFQ	13	0	0	0	0	0	0	0	0	0	0	0	0	10	0	0	0	0	0	0	0	0	0	5	0	0	0	0	11	0	0	0	0	32	0	0	0	0	76	0	0	0	948	0
FFQ	14	0	0	0	0	0	0	0	0	0	0	0	0	11	0	0	0	0	0	0	0	0	0	8	0	0	0	0	11	0	0	0	0	35	0	0	0	0	91	0	0	0	926	0
FFQ	15	0	0	0	0	0	0	0	0	0	0	0	0	12	0	0	0	0	0	0	0	0	0	6	0	0	0	0	13	0	0	0	0	35	0	0	0	0	82	0	0	0	934	0
FFQ	16	0	0	0	0	0	0	0	0	0	0	0	0	8	0	0	0	0	0	0	0	0	0	9	0	0	0	0	10	0	0	0	0	38	0	0	0	0	85	0	0	0	932	0
FFQ	17	0	0	0	0	0	0	0	0	0	0	0	0	11	0	0	0	0	0	0	0	0	0	3	0	0	0	0	9	0	0	0	0	33	0	0	0	0	76	0	0	0	950	0
FFQ	18	0	0	0	0	0	0	0	0	0	0	0	0	14	0	0	0	0	0	0	0	0	0	3	0	0	0	0	11	0	0	0	0	23	0	0	0	0	80	0	0	0	951	0
FFQ	19	0	0	0	0	0	0	0	0	0	0	0	0	9	0	0	0	0	0	0	0	0	0	7	0	0	0	0	14	0	0	0	0	47	0	0	0	0	74	0	0	0	931	0
FFQ	20	0	0	0	0	0	0	0	0	0	0	0	0	6	0	0	0	0	0	0	0	0	0	10	0	0	0	0	15	0	0	0	0	38	0	0	0	0	83	0	0	0	930	0
FFQ	21	0	0	0	0	0	0	0	0	0	0	0	0	7	0	0	0	0	0	0	0	0	0	6	0	0	0	0	8	0	0	0	0	33	0	0	0	0	97	0	0	0	931	0
FFQ	22	0	0	0	0	0	0	0	0	0	0	0	0	5	0	0	0	0	0	0	0	0	0	8	0	0	0	0	16	0	0	0	0	38	0	0	0	0	90	0	0	0	925	0
FFQ	23	0	0	0	0	0	0	0	0	0	0	0	0	14	0	0	0	0	0	0	0	0	0	6	0	0	0	0	18	0	0	0	0	29	0	0	0	0	95	0	0	0	920	0
FFQ	24	0	0	0	0	0	0	0	0	0	0	0	0	13	0	0	0	0	0	0	0	0	0	12	0	0	0	0	17	0	0	0	0	37	0	0	0	0	81	0	0	0	922	0
FFQ	25	0	0	0	0	0	0	0	0	0	0	0	0	22	0	0	0	0	0	0	0	0	0	16	0	0	0	0	20	0	0	0	0	34	0	0	0	0	92	0	0	0	898	0
FFQ	26	0	0	0	0	0	0	0	0	0	0	0	0	12	0	0	0	0	0	0	0	0	0	3	0	0	0	0	16	0	0	0	0	39	0	0	0	0	97	0	0	0	915	0
FFQ	27	0	0	2	0	0	0	0	0	0	0	0	0	13	0	0	0	0	0	0	0	0	0	14	0	0	0	0	12	0	0	0	0	35	0	0	0	0	90	0	0	0	916	0
FFQ	28	0	0	0	0	0	0	0	0	0	0	0	0	19	0	0	0	0	0	0	0	0	0	11	0	0	0	0	24	0	0	0	0	34	0	0	0	0	86	0	0	0	908	0
FFQ	29	0	0	0	0	0	0	0	0	0	0	0	0	15	0	0	0	0	0	0	0	0	0	11	0	0	0	0	24	0	0	0	0	27	0	0	0	0	84	0	0	0	921	0
FFQ	30	0	0	0	0	0	0	0	0	0	0	0	0	19	0	0	0	0	0	0	0	0	0	11	0	0	0	0	16	0	0	0	0	35	0	0	0	0	114	0	0	0	887	0
FFQ	31	0	0	0	0	0	0	0	0	0	0	0	0	21	0	0	0	0	0	0	0	0	0	13	0	0	0	0	28	0	0	0	0	35	0	0	0	0	105	0	0	0	880	0
FFQ	32	0	0	0	0	0	0	0	0	0	0	0	0	26	0	0	0	0	0	0	0	0	0	11	0	0	0	0	24	0	0	0	0	26	0	0	0	0	93	0	0	0	902	0
FFQ	33	0	0	0	0	0	0	0	0	0	0	0	0	23	0	0	0	0	0	0	0	0	0	16	0	0	0	0	17	0	0	0	0	27	0	0	0	0	101	0	0	0	898	0
FFQ	34	0	0	0	0	0	0	0	0	0	0	0	0	15	0	0	0	0	0	0	0	0	0	19	0	0	0	0	25	0	0	0	0	25	0	0	0	0	107	0	0	0	891	0
FFQ	35	0	0	0	0	0	0	0	0	0	0	0	0	26	0	0	0	0	0	0	0	0	0	18	0	0	0	0	21	0	0	0	0	27	0	0	0	0	98	0	0	0	892	0
FFQ	36	0	0	1	0	0	0	0	0	0	0	0	0	26	0	0	0	0	0	0	0	0	0	12	0	0	0	0	19	0	0	0	0	36	0	0	0	0	89	0	0	0	899	0
FFQ	37	0	0	0	0	0	0	0	0	0	0	0	0	19	0	0	0	0	0	0	0	0	0	9	0	0	0	0	21	0	0	0	0	31	0	0	0	0	95	0	0	0	907	0
FFQ	38	0	0	0	0	0	0	0	0	0	0	0	0	21	0	0	0	0	0	0	0	0	0	17	0	0	0	0	23	0	0	0	0	35	0	0	0	0	75	0	0	0	911	0
FFQ	39	0	0	0	0	0	0	0	0	0	0	0	0	21	0	0	0	0	0	0	0	0	0	16	0	0	0	0	30	0	0	0	0	33	0	0	0	0	98	0	0	0	884	0
FFQ	40	0	0	1	0	0	0	0	0	0	0	0	0	23	0	0	0	0	0	0	0	0	0	16	0	0	0	0	19	0	0	0	0	25	0	0	0	0	96	0	0	0	902	0
FFQ	41	0	0	0	0	0	0	0	0	0	0	0	0	23	0	0	0	0	0	0	0	0	0	18	0	0	0	0	25	0	0	0	0	28	0	0	0	0	107	0	0	0	881	0
FFQ	42	0	0	0	0	0	0	0	0	0	0	0	0	30	0	0	0	0	0	0	0	0	0	18	0	0	0	0	26	0	0	0	0	36	0	0	0	0	96	0	0	0	876	0
FFQ	43	0	0	0	0	0	0	0	0	0	0	0	0	23	0	0	0	0	0	0	0	0	0	13	0	0	0	0	33	0	0	0	0	34	0	0	0	0	108	0	0	0	871	0
FFQ	44	0	0	1	0	0	0	0	0	0	0	0	0	31	0	0	0	0	0	0	0	0	0	19	0	0	0	0	27	0	0	0	0	20	0	0	0	0	97	0	0	0	887	0
FFQ	45	0	0	0	0	0	0	0	0	0	0	0	0	31	0	0	0	0	0	0	0	0	0	14	0	0	0	0	29	0	0	0	0	30	0	0	0	0	96	0	0	0	882	0
FFQ	46	0	0	1	0	0	0	0	0	0	0	0	0	26	0	0	0	0	0	0	0	0	0	21	0	0	0	0	22	0	0	0	0	38	0	0	0	0	97	0	0	0	877	0
FFQ	47	0	0	2	0	0	0	0	0	0	0	0	0	33	0	0	0	0	0	0	0	0	0	15	0	0	0	0	25	0	0	0	0	34	0	0	0	0	110	0	0	0	863	0
FFQ	48	0	0	0	0	0	0	0	0	0	0	0	0	34	0	0	0	0	0	0	0	0	0	13	0	0	0	0	33	0	0	0	0	33	0	0	0	0	90	0	0	0	879	0
FFQ	49	0	0	0	0	0	0	0	0	0	0	0	0	29	0	0	0	0	0	0	0	0	0	13	0	0	0	0	30	0	0	0	0	26	0	0	0	0	101	0	0	0	883	0
FFQ	50	0	0	0	0	0	0	0	0	0	0	0	0	31	0	0	0	0	0	0	0	0	0	23	0	0	0	0	26	0	0	0	0	31	0	0	0	0	93	0	0	0	878	0
FFQ	51	0	0	0	0	0	0	0	0	0	0	0	0	36	0	0	0	0	0	0	0	0	0	15	0	0	0	0	25	0	0	0	0	30	0	0	0	0	116	0	0	0	860	0
FFQ	52	0	0	0	0	0	0	0	0	0	0	0	0	35	0	0	0	0	0	0	0	0	0	20	0	0	0	0	21	0	0	0	0	45	0	0	0	0	112	0	0	0	849	0
FFQ	53	0	0	0	0	0	0	0	0	0	0	0	0	21	0	0	0	0	0	0	0	0	0	23	0	0	0	0	31	0	0	0	0	43	0	0	0	0	123	0	0	0	841	0
FFQ	54	0	0	0	0	0	0	0	0	0	0	0	0	28	0	0	0	0	0	0	0	0	0	27	0	0	0	0	27	0	0	0	0	31	0	0	0	0	102	0	0	0	867	0
FFQ	55	0	0	0	0	0	0	0	0	0	0	0	0	22	0	0	0	0	0	0	0	0	0	21	0	0	0	0	21	0	0	0	0	31	0	0	0	0	114	0	0	0	873	0
FFQ	56	0	0	0	0	0	0	0	0	0	0	0	0	33	0	0	0	0	0	0	0	0	0	14	0	0	0	0	28	0	0	0	0	41	0	0	0	0	106	0	0	0	860	0
FFQ	57	0	0	0	0	0	0	0	0	0	0	0	0	35	0	0	0	0	0	0	0	0	0	21	0	0	0	0	31	0	0	0	0	25	0	0	0	0	108	0	0	0	862	0
FFQ	58	0	0	0	0	0	0	0	0	0	0	0	0	32	0	0	0	0	0	0	0	0	0	18	0	0	0	0	33	0	0	0	0	33	0	0	0	0	106	0	0	0	860	0
FFQ	59	0	0	0	0	0	0	0	0	0	0	0	0	37	0	0	0	0	0	0	0	0	0	17	0	0	0	0	34	0	0	0	0	37	0	0	0	0	116	0	0	0	841	0
FFQ	60	0	0	0	0	0	0	0	0	0	0	0	0	42	0	0	0	0	0	0	0	0	0	24	0	0	0	0	29	0	0	0	0	32	0	0	0	0	105	0	0	0	850	0
FFQ	61	0	0	0	0	0	0	0	0	0	0	0	0	37	0	0	0	0	0	0	0	0	0	17	0	0	0	0	30	0	0	0	0	38	0	0	0	0	131	0	0	0	829	0
FFQ	62	0	0	0	0	0	0	0	0	0	0	0	0	40	0	0	0	0	0	0	0	0	0	28	0	0	0	0	32	0	0	0	0	48	0	0	0	0	94	0	0	0	840	0
FFQ	63	0	0	0	0	0	0	0	0	0	0	0	0	54	0	0	0	0	0	0	0	0	0	16	0	0	0	0	34	0	0	0	0	29	0	0	0	0	98	0	0	0	851	0
FFQ	64	0	0	0	0	0	0	0	0	0	0	0	0	38	0	0	0	0	0	0	0	0	0	34	0	0	0	0	26	0	0	0	0	39	0	0	0	0	96	0	0	0	849	0
FFQ	65	0	0	0	0	0	0	0	0	0	0	0	0	52	0	0	0	0	0	0	0	0	0	27	0	0	0	0	30	0	0	0	0	45	0	0	0	0	97	0	0	0	831	0
FFQ	66	0	0	0	0	0	0	0	0	0	0	0	0	38	0	0	0	0	0	0	0	0	0	21	0	0	0	0	37	0	0	0	0	37	0	0	0	0	118	0	0	0	831	0
FFQ	67	0	0	0	0	0	0	0	0	0	0	0	0	49	0	0	0	0	0	0	0	0	0	33	0	0	0	0	37	0	0	0	0	45	0	0	0	0	97	0	0	0	821	0
FFQ	68	0	0	0	0	0	0	0	0	0	0	0	0	35	0	0	0	0	0	0	0	0	0	26	0	0	0	0	38	0	0	0	0	38	0	0	0	0	112	0	0	0	833	0
FFQ	69	0	0	0	0	0	0	0	0	0	0	0	0	45	0	0	0	0	0	0	0	0	0	25	0	0	0	0	18	0	0	0	0	46	0	0	0	0	124	0	0	0	824	0
FFQ	70	0	0	0	0	0	0	0	0	0	0	0	0	36	0	0	0	0	0	0	0	0	0	21	0	0	0	0	38	0	0	0	0	46	0	0	0	0	109	0	0	0	832	0
FFQ	71	0	0	0	0	0	0	0	0	0	0	0	0	37	0	0	0	0	0	0	0	0	0	23	0	0	0	0	30	0	0	0	0	42	0	0	0	0	119	0	0	0	831	0
FFQ	72	0	0	0	0	0	0	0	0	0	0	0	0	39	0	0	0	0	0	0	0	0	0	27	0	0	0	0	21	0	0	0	0	47	0	0	0	0	98	0	0	0	850	0
FFQ	73	0	0	0	0	0	0	0	0	0	0	0	0	41	0	0	0	0	0	0	0	0	0	27	0	0	0	0	34	0	0	0	0	36	0	0	0	0	110	0	0	0	834	0
FFQ	74	0	0	0	0	0	0	0	0	0	0	0	0	39	0	0	0	0	0	0	0	0	0	19	0	0	0	0	33	0	0	0	0	44	0	0	0	0	117	0	0	0	830	0
FFQ	75	0	0	0	0	0	0	0	0	0	0	0	0	34	0	0	0	0	0	0	0	0	0	31	0	0	0	0	35	0	0	0	0	54	0	0	0	0	97	0	0	0	831	0
FFQ	76	0	0	0	0	0	0	0	0	0	0	0	0	47	0	0	0	0	0	0	0	0	0	31	0	0	0	0	34	0	0	0	0	47	0	0	0	0	117	0	0	0	806	0
FFQ	77	0	0	0	0	0	0	0	0	0	0	0	0	34	0	0	0	0	0	0	0	0	0	36	0	0	0	0	44	0	0	0	0	100	0	0	0	0	202	0	0	0	666	0
FFQ	78	0	0	0	0	0	0	0	0	0	0	0	0	53	0	0	0	0	0	0	0	0	0	26	0	0	0	0	36	0	0	0	0	65	0	0	0	0	132	0	0	0	770	0
FFQ	79	0	0	0	0	0	0	0	0	0	0	0	0	37	0	0	0	0	0	0	0	0	0	31	0	0	0	0	36	0	0	0	0	55	0	0	0	0	114	0	0	0	809	0
FFQ	80	0	0	0	0	0	0	0	0	0	0	0	0	52	0	0	0	0	0	0	0	0	0	17	0	0	0	0	30	0	0	0	0	49	0	0	0	0	112	0	0	0	822	0
FFQ	81	0	0	0	0	0	0	0	0	0	0	0	0	59	0	0	0	0	0	0	0	0	0	26	0	0	0	0	29	0	0	0	0	47	0	0	0	0	115	0	0	0	806	0
FFQ	82	0	0	0	0	0	0	0	0	0	0	0	0	53	0	0	0	0	0	0	0	0	0	30	0	0	0	0	28	0	0	0	0	38	0	0	0	0	100	0	0	0	833	0
FFQ	83	0	0	0	0	0	0	0	0	0	0	0	0	51	0	0	0	0	0	0	0	0	0	25	0	0	0	0	29	0	0	0	0	55	0	0	0	0	101	0	0	0	821	0
FFQ	84	0	0	0	0	0	0	0	0	0	0	0	0	63	0	0	0	0	0	0	0	0	0	19	0	0	0	0	40	0	0	0	0	51	0	0	0	0	101	0	0	0	808	0
FFQ	85	0	0	0	0	0	0	0	0	0	0	0	0	50	0	0	0	0	0	0	0	0	0	30	0	0	0	0	38	0	0	0	0	39	0	0	0	0	95	0	0	0	830	0
FFQ	86	0	0	0	0	0	0	0	0	0	0	0	0	55	0	0	0	0	0	0	0	0	0	26	0	0	0	0	26	0	0	0	0	51	0	0	0	0	106	0	0	0	818	0
FFQ	87	0	0	0	0	0	0	0	0	0	0	0	0	49	0	0	0	0	0	0	0	0	0	32	0	0	0	0	32	0	0	0	0	50	0	0	0	0	110	0	0	0	809	0
FFQ	88	0	0	0	0	0	0	0	0	0	0	0	0	56	0	0	0	0	0	0	0	0	0	26	0	0	0	0	38	0	0	0	0	40	0	0	0	0	105	0	0	0	817	0
FFQ	89	0	0	0	0	0	0	0	0	0	0	0	0	52	0	0	0	0	0	0	0	0	0	42	0	0	0	0	26	0	0	0	0	53	0	0	0	0	102	0	0	0	807	0
FFQ	90	0	0	0	0	0	0	0	0	0	0	0	0	60	0	0	0	0	0	0	0	0	0	38	0	0	0	0	31	0	0	0	0	51	0	0	0	0	97	0	0	0	805	0
FFQ	91	0	0	0	0	0	0	0	0	0	0	0	0	49	0	0	0	0	0	0	0	0	0	33	0	0	0	0	32	0	0	0	0	53	0	0	0	0	106	0	0	0	809	0
FFQ	92	0	0	0	0	0	0	0	0	0	0	0	0	60	0	0	0	0	0	0	0	0	0	37	0	0	0	0	26	0	0	0	0	48	0	0	0	0	111	0	0	0	800	0
FFQ	93	0	0	0	0	0	0	0	0	0	0	0	0	62	0	0	0	0	0	0	0	0	0	36	0	0	0	0	29	0	0	0	0	53	0	0	0	0	108	0	0	0	794	0
FFQ	94	0	0	0	0	0	0	0	0	0	0	0	0	61	0	0	0	0	0	0	0	0	0	42	0	0	0	0	28	0	0	0	0	45	0	0	0	0	118	0	0	0	788	0
FFQ	95	0	0	0	0	0	0	0	0	0	0	0	0	52	0	0	0	0	0	0	0	0	0	41	0	0	0	0	20	0	0	0	0	61	0	0	0	0	127	0	0	0	781	0
FFQ	96	0	0	0	0	0	0	0	0	0	0	0	0	55	0	0	0	0	0	0	0	0	0	39	0	0	0	0	37	0	0	0	0	59	0	0	0	0	104	0	0	0	788	0
FFQ	97	0	0	0	0	0	0	0	0	0	0	0	0	73	0	0	0	0	0	0	0	0	0	34	0	0	0	0	22	0	0	0	0	49	0	0	0	0	99	0	0	0	805	0
FFQ	98	0	0	0	0	0	0	0	0	0	0	0	0	62	0	0	0	0	0	0	0	0	0	44	0	0	0	0	25	0	0	0	0	55	0	0	0	0	104	0	0	0	792	0
FFQ	99	0	0	0	0	0	0	0	0	0	0	0	0	64	0	0	0	0	0	0	0	0	0	51	0	0	0	0	34	0	0	0	0	54	0	0	0	0	125	0	0	0	754	0
FFQ	100	0	0	0	0	0	0	0	0	0	0	0	0	60	0	0	0	0	0	0	0	0	0	43	0	0	0	0	34	0	0	0	0	46	0	0	0	0	112	0	0	0	787	0
FFQ	101	0	0	0	0	0	0	0	0	0	0	0	0	63	0	0	0	0	0	0	0	0	0	48	0	0	0	0	22	0	0	0	0	55	0	0	0	0	109	0	0	0	784	0
FFQ	102	0	0	0	0	0	0	0	0	0	0	0	0	63	0	0	0	0	0	0	0	0	0	32	0	0	0	0	33	0	0	0	0	53	0	0	0	0	107	0	0	0	792	0
FFQ	103	0	0	0	0	0	0	0	0	0	0	0	0	50	0	0	0	0	0	0	0	0	0	46	0	0	0	0	34	0	0	0	0	52	0	0	0	0	106	0	0	0	792	0
FFQ	104	0	0	0	0	0	0	0	0	0	0	0	0	64	0	0	0	0	0	0	0	0	0	41	0	0	0	0	35	0	0	0	0	56	0	0	0	0	97	0	0	0	787	0
FFQ	105	0	0	0	0	0	0	0	0	0	0	0	0	49	0	0	0	0	0	0	0	0	0	59	0	0	0	0	42	0	0	0	0	48	0	0	0	0	103	0	0	0	779	0
FFQ	106	0	0	0	0	0	0	0	0	0	0	0	0	63	0	0	0	0	0	0	0	0	0	38	0	0	0	0	29	0	0	0	0	55	0	0	0	0	119	0	0	0	776	0
FFQ	107	0	0	0	0	0	0	0	0	0	0	0	0	61	0	0	0	0	0	0	0	0	0	38	0	0	0	0	39	0	0	0	0	51	0	0	0	0	119	0	0	0	771	0
FFQ	108	0	0	0	0	0	0	0	0	0	0	0	0	53	0	0	0	0	0	0	0	0	0	46	0	0	0	0	38	0	0	0	0	49	0	0	0	0	118	0	0	0	775	0
FFQ	109	0	0	0	0	0	0	0	0	0	0	0	0	47	0	0	0	0	0	0	0	0	0	47	0	0	0	0	31	0	0	0	0	64	0	0	0	0	117	0	0	0	773	0
FFQ	110	0	0	0	0	0	0	0	0	0	0	0	0	72	0	0	0	0	0	0	0	0	0	44	0	0	0	0	32	0	0	0	0	57	0	0	0	0	108	0	0	0	766	0
FFQ	111	0	0	0	0	0	0	0	0	0	0	0	0	62	0	0	0	0	0	0	0	0	0	39	0	0	0	0	38	0	0	0	0	49	0	0	0	0	123	0	0	0	768	0
FFQ	112	0	0	0	0	0	0	0	0	0	0	0	0	60	0	0	0	0	0	0	0	0	0	42	0	0	0	0	32	0	0	0	0	68	0	0	0	0	124	0	0	0	753	0
FFQ	113	0	0	0	0	0	0	0	0	0	0	0	0	70	0	0	0	0	0	0	0	0	0	41	0	0	0	0	27	0	0	0	0	59	0	0	0	0	125	0	0	0	757	0
FFQ	114	0	0	0	0	0	0	0	0	0	0	0	0	70	0	0	0	0	0	0	0	0	0	38	0	0	0	0	20	0	0	0	0	58	0	0	0	0	114	0	0	0	779	0
FFQ	115	0	0	0	0	0	0	0	0	0	0	0	0	64	0	0	0	0	0	0	0	0	0	50	0	0	0	0	31	0	0	0	0	58	0	0	0	0	109	0	0	0	767	0
FFQ	116	0	0	0	0	0	0	0	0	0	0	0	0	67	0	0	0	0	0	0	0	0	0	50	0	0	0	0	32	0	0	0	0	56	0	0	0	0	111	0	0	0	763	0
FFQ	117	0	0	0	0	0	0	0	0	0	0	0	0	63	0	0	0	0	0	0	0	0	0	52	0	0	0	0	28	0	0	0	0	55	0	0	0	0	114	0	0	0	766	0
FFQ	118	0	0	0	0	0	0	0	0	0	0	0	0	68	0	0	0	0	0	0	0	0	0	39	0	0	0	0	24	0	0	0	0	77	0	0	0	0	127	0	0	0	743	0
FFQ	119	0	0	0	0	0	0	0	0	0	0	0	0	56	0	0	0	0	0	0	0	0	0	42	0	0	0	0	27	0	0	0	0	70	0	0	0	0	129	0	0	0	754	0
FFQ	120	0	0	0	0	0	0	0	0	0	0	0	0	60	0	0	0	0	0	0	0	0	0	39	0	0	0	0	39	0	0	0	0	59	0	0	0	0	124	0	0	0	757	0
FFQ	121	0	0	0	0	0	0	0	0	0	0	0	0	74	0	0	0	0	0	0	0	0	0	42	0	0	0	0	27	0	0	0	0	64	0	0	0	0	105	0	0	0	766	0
FFQ	122	0	0	0	0	0	0	0	0	0	0	0	0	62	0	0	0	0	0	0	0	0	0	41	0	0	0	0	26	0	0	0	0	73	0	0	0	0	124	0	0	0	752	0
FFQ	123	0	0	0	0	0	0	0	0	0	0	0	0	77	0	0	0	0	0	0	0	0	0	40	0	0	0	0	27	0	0	0	0	66	0	0	0	0	135	0	0	0	733	0
FFQ	124	0	0	0	0	0	0	0	0	0	0	0	0	66	0	0	0	0	0	0	0	0	0	51	0	0	0	0	47	0	0	0	0	62	0	0	0	0	113	0	0	0	739	0
FFQ	125	0	0	0	0	0	0	0	0	0	0	0	0	59	0	0	0	0	0	0	0	0	0	52	0	0	0	0	32	0	0	0	0	68	0	0	0	0	123	0	0	0	744	0
FFQ	126	0	0	0	0	0	0	0	0	0	0	0	0	51	0	0	0	0	0	0	0	0	0	39	0	0	0	0	32	0	0	0	0	69	0	0	0	0	144	0	0	0	743	0
FFQ	127	0	0	0	0	0	0	0	0	0	0	0	0	74	0	0	0	0	0	0	0	0	0	45	0	0	0	0	36	0	0	0	0	62	0	0	0	0	121	0	0	0	740	0
FFQ	128	0	0	0	0	0	0	0	0	0	0	0	0	71	0	0	0	0	0	0	0	0	0	47	0	0	0	0	43	0	0	0	0	57	0	0	0	0	143	0	0	0	717	0
FFQ	129	0	0	0	0	0	0	0	0	0	0	0	0	68	0	0	0	0	0	0	0	0	0	46	0	0	0	0	39	0	0	0	0	70	0	0	0	0	134	0	0	0	721	0
FFQ	130	0	0	0	0	0	0	0	0	0	0	0	0	60	0	0	0	0	0	0	0	0	0	49	0	0	0	0	27	0	0	0	0	61	0	0	0	0	171	0	0	0	710	0
FFQ	131	0	0	0	0	0	0	0	0	0	0	0	0	64	0	0	0	0	0	0	0	0	0	51	0	0	0	0	25	0	0	0	0	74	0	0	0	0	142	0	0	0	722	0
FFQ	132	0	0	0	0	0	0	0	0	0	0	0	0	69	0	0	0	0	0	0	0	0	0	48	0	0	0	0	33	0	0	0	0	53	0	0	0	0	154	0	0	0	721	0
FFQ	133	0	0	0	0	0	0	0	0	0	0	0	0	68	0	0	0	0	0	0	0	0	0	50	0	0	0	0	46	0	0	0	0	68	0	0	0	0	149	0	0	0	697	0
FFQ	134	0	0	0	0	0	0	0	0	0	0	0	0	69	0	0	0	0	0	0	0	0	0	59	0	0	0	0	36	0	0	0	0	68	0	0	0	0	154	0	0	0	692	0
FFQ	135	0	0	0	0	0	0	0	0	0	0	0	0	68	0	0	0	0	0	0	0	0	0	49	0	0	0	0	37	0	0	0	0	93	0	0	0	0	155	0	0	0	675	0
FFQ	136	0	0	0	0	0	0	0	0	0	0	0	0	57	0	0	0	0	0	0	0	0	0	56	0	0	0	0	28	0	0	0	0	79	0	0	0	0	167	0	0	0	690	0
FFQ	137	0	0	0	0	0	0	0	0	0	0	0	0	84	0	0	0	0	0	0	0	0	0	39	0	0	0	0	48	0	0	0	0	63	0	0	0	0	161	0	0	0	682	0
FFQ	138	0	0	0	0	0	0	0	0	0	0	0	0	65	0	0	0	0	0	0	0	0	0	66	0	0	0	0	33	0	0	0	0	70	0	0	0	0	183	0	0	0	660	0
FFQ	139	0	0	0	0	0	0	0	0	0	0	0	0	73	0	0	0	0	0	0	0	0	0	49	0	0	0	0	45	0	0	0	0	58	0	0	0	0	172	0	0	0	679	0
FFQ	140	0	0	0	0	0	0	0	0	0	0	0	0	80	0	0	0	0	0	0	0	0	0	48	0	0	0	0	36	0	0	0	0	72	0	0	0	0	177	0	0	0	663	0
FFQ	141	0	0	0	0	0	0	0	0	0	0	0	0	72	0	0	0	0	0	0	0	0	0	59	0	0	0	0	45	0	0	0	0	65	0	0	0	0	171	0	0	0	663	0
FFQ	142	0	0	0	0	0	0	0	0	0	0	0	0	68	0	0	0	0	0	0	0	0	0	59	0	0	0	0	43	0	0	0	0	69	0	0	0	0	174	0	0	0	660	0
FFQ	143	0	0	0	0	0	0	0	0	0	0	0	0	71	0	0	0	0	0	0	0	0	0	45	0	0	0	0	47	0	0	0	0	65	0	0	0	0	177	0	0	0	664	0
FFQ	144	0	0	0	0	0	0	0	0	0	0	0	0	63	0	0	0	0	0	0	0	0	0	49	0	0	0	0	46	0	0	0	0	66	0	0	0	0	171	0	0	0	674	0
FFQ	145	0	0	0	0	0	0	0	0	0	0	0	0	81	0	0	0	0	0	0	0	0	0	44	0	0	0	0	47	0	0	0	0	61	0	0	0	0	197	0	0	0	638	0
FFQ	146	0	0	2	0	0	0	0	0	0	0	0	0	76	0	0	0	0	0	0	0	0	0	51	0	0	0	0	36	0	0	0	0	58	0	0	0	0	189	0	0	0	650	0
FFQ	147	0	0	0	0	0	0	0	0	0	0	0	0	81	0	0	0	0	0	0	0	0	0	45	0	0	0	0	39	0	0	0	0	68	0	0	0	0	182	0	0	0	643	0
FFQ	148	0	0	0	0	0	0	0	0	1	0	0	0	77	0	0	0	0	0	0	0	0	0	48	0	0	0	0	39	0	0	0	0	62	0	0	0	0	182	0	0	0	639	0
FFQ	149	0	0	0	0	0	0	0	0	2	0	0	0	66	0	0	0	0	0	0	0	0	0	42	0	0	0	0	46	0	0	0	0	62	0	0	0	0	182	0	0	0	626	0
FFQ	150	0	0	0	0	0	0	0	0	4	0	0	0	36	0	0	0	0	0	0	0	0	0	47	0	0	0	0	31	0	0	0	0	72	0	0	0	0	190	0	0	0	631	0
FFQ	151	0	0	0	0	0	0	0	0	0	0	0	0	0	0	0	0	0	0	0	0	0	0	61	0	0	0	0	62	0	0	0	0	83	0	0	0	0	215	0	0	0	480	0
# Last Fragment Qualities. Use `grep ^LFQ | cut -f 2-` to extract this part.
# Columns correspond to qualities and rows to cycles. First column is the cycle number.
LFQ	1	0	0	11	0	0	0	0	0	0	0	0	0	36	0	0	0	0	0	0	0	0	0	0	0	0	0	0	52	0	0	0	0	983	0	0	0	0	0	0	0	0	0	0
LFQ	2	0	0	0	0	0	0	0	0	0	0	0	0	33	0	0	0	0	0	0	0	0	0	0	0	0	0	0	43	0	0	0	0	1006	0	0	0	0	0	0	0	0	0	0
LFQ	3	0	0	0	0	0	0	0	0	0	0	0	0	45	0	0	0	0	0	0	0	0	0	0	0	0	0	0	41	0	0	0	0	353	0	0	0	0	643	0	0	0	0	0
LFQ	4	0	0	0	0	0	0	0	0	0	0	0	0	37	0	0	0	0	0	0	0	0	0	2	0	0	0	0	41	0	0	0	0	119	0	0	0	0	883	0	0	0	0	0
LFQ	5	0	0	0	0	0	0	0	0	0	0	0	0	43	0	0	0	0	0	0	0	0	0	8	0	0	0	0	17	0	0	0	0	75	0	0	0	0	939	0	0	0	0	0
LFQ	6	0	0	0	0	0	0	0	0	0	0	0	0	40	0	0	0	0	0	0	0	0	0	9	0	0	0	0	18	0	0	0	0	61	0	0	0	0	148	0	0	0	806	0
LFQ	7	0	0	0	0	0	0	0	0	0	0	0	0	27	0	0	0	0	0	0	0	0	0	10	0	0	0	0	26	0	0	0	0	57	0	0	0	0	159	0	0	0	803	0
LFQ	8	0	0	0	0	0	0	0	0	0	0	0	0	41	0	0	0	0	0	0	0	0	0	14	0	0	0	0	21	0	0	0	0	64	0	0	0	0	149	0	0	0	793	0
LFQ	9	0	0	0	0	0	0	0	0	0	0	0	0	24	0	0	0	0	0	0	0	0	0	17	0	0	0	0	19	0	0	0	0	66	0	0	0	0	131	0	0	0	825	0
LFQ	10	0	0	0	0	0	0	0	0	0	0	0	0	35	0	0	0	0	0	0	0	0	0	24	0	0	0	0	20	0	0	0	0	50	0	0	0	0	143	0	0	0	810	0
LFQ	11	0	0	0	0	0	0	0	0	0	0	0	0	33	0	0	0	0	0	0	0	0	0	10	0	0	0	0	14	0	0	0	0	44	0	0	0	0	115	0	0	0	866	0
LFQ	12	0	0	0	0	0	0	0	0	0	0	0	0	33	0	0	0	0	0	0	0	0	0	11	0	0	0	0	9	0	0	0	0	46	0	0	0	0	109	0	0	0	874	0
LFQ	13	0	0	0	0	0	0	0	0	0	0	0	0	35	0	0	0	0	0	0	0	0	0	13	0	0	0	0	16	0	0	0	0	53	0	0	0	0	133	0	0	0	832	0
LFQ	14	0	0	0	0	0	0	0	0	0	0	0	0	33	0	0	0	0	0	0	0	0	0	9	0	0	0	0	20	0	0	0	0	54	0	0	0	0	109	0	0	0	857	0
LFQ	15	0	0	0	0	0	0	0	0	0	0	0	0	30	0	0	0	0	0	0	0	0	0	13	0	0	0	0	20	0	0	0	0	57	0	0	0	0	119	0	0	0	843	0
LFQ	16	0	0	0	0	0	0	0	0	0	0	0	0	31	0	0	0	0	0	0	0	0	0	18	0	0	0	0	37	0	0	0	0	41	0	0	0	0	110	0	0	0	845	0
LFQ	17	0	0	0	0	0	0	0	0	0	0	0	0	34	0	0	0	0	0	0	0	0	0	15	0	0	0	0	25	0	0	0	0	50	0	0	0	0	132	0	0	0	826	0
LFQ	18	0	0	0	0	0	0	0	0	0	0	0	0	37	0	0	0	0	0	0	0	0	0	17	0	0	0	0	24	0	0	0	0	36	0	0	0	0	146	0	0	0	822	0
LFQ	19	0	0	0	0	0	0	0	0	0	0	0	0	26	0	0	0	0	0	0	0	0	0	22	0	0	0	0	29	0	0	0	0	38	0	0	0	0	126	0	0	0	841	0
LFQ	20	0	0	0	0	0	0	0	0	0	0	0	0	40	0	0	0	0	0	0	0	0	0	23	0	0	0	0	27	0	0	0	0	39	0	0	0	0	136	0	0	0	817	0
LFQ	21	0	0	0	0	0	0	0	0	0	0	0	0	36	0	0	0	0	0	0	0	0	0	18	0	0	0	0	24	0	0	0	0	31	0	0	0	0	127	0	0	0	846	0
LFQ	22	0	0	0	0	0	0	0	0	0	0	0	0	35	0	0	0	0	0	0	0	0	0	19	0	0	0	0	38	0	0	0	0	42	0	0	0	0	123	0	0	0	825	0
LFQ	23	0	0	0	0	0	0	0	0	0	0	0	0	42	0	0	0	0	0	0	0	0	0	15	0	0	0	0	28	0	0	0	0	44	0	0	0	0	152	0	0	0	801	0
LFQ	24	0	0	0	0	0	0	0	0	0	0	0	0	36	0	0	0	0	0	0	0	0	0	18	0	0	0	0	31	0	0	0	0	36	0	0	0	0	122	0	0	0	839	0
LFQ	25	0	0	0	0	0	0	0	0	0	0	0	0	48	0	0	0	0	0	0	0	0	0	23	0	0	0	0	32	0	0	0	0	38	0	0	0	0	133	0	0	0	808	0
LFQ	26	0	0	0	0	0	0	0	0	0	0	0	0	51	0	0	0	0	0	0	0	0	0	21	0	0	0	0	33	0	0	0	0	44	0	0	0	0	115	0	0	0	818	0
LFQ	27	0	0	17	0	0	0	0	0	0	0	0	0	31	0	0	0	0	0	0	0	0	0	31	0	0	0	0	46	0	0	0	0	42	0	0	0	0	134	0	0	0	781	0
LFQ	28	0	0	0	0	0	0	0	0	0	0	0	0	54	0	0	0	0	0	0	0	0	0	30	0	0	0	0	41	0	0	0	0	49	0	0	0	0	121	0	0	0	787	0
LFQ	29	0	0	0	0	0	0	0	0	0	0	0	0	49	0	0	0	0	0	0	0	0	0	32	0	0	0	0	29	0	0	0	0	46	0	0	0	0	142	0	0	0	784	0
LFQ	30	0	0	0	0	0	0	0	0	0	0	0	0	52	0	0	0	0	0	0	0	0	0	18	0	0	0	0	33	0	0	0	0	48	0	0	0	0	156	0	0	0	775	0
LFQ	31	0	0	0	0	0	0	0	0	0	0	0	0	47	0	0	0	0	0	0	0	0	0	21	0	0	0	0	34	0	0	0	0	37	0	0	0	0	131	0	0	0	812	0
LFQ	32	0	0	0	0	0	0	0	0	0	0	0	0	50	0	0	0	0	0	0	0	0	0	27	0	0	0	0	37	0	0	0	0	31	0	0	0	0	121	0	0	0	816	0
LFQ	33	0	0	0	0	0	0	0	0	0	0	0	0	44	0	0	0	0	0	0	0	0	0	30	0	0	0	0	35	0	0	0	0	46	0	0	0	0	143	0	0	0	784	0
LFQ	34	0	0	0	0	0	0	0	0	0	0	0	0	55	0	0	0	0	0	0	0	0	0	28	0	0	0	0	31	0	0	0	0	50	0	0	0	0	122	0	0	0	796	0
LFQ	35	0	0	0	0	0	0	0	0	0	0	0	0	55	0	0	0	0	0	0	0	0	0	28	0	0	0	0	30	0	0	0	0	40	0	0	0	0	157	0	0	0	772	0
LFQ	36	0	0	0	0	0	0	0	0	0	0	0	0	54	0	0	0	0	0	0	0	0	0	27	0	0	0	0	47	0	0	0	0	58	0	0	0	0	155	0	0	0	741	0
LFQ	37	0	0	0	0	0	0	0	0	0	0	0	0	58	0	0	0	0	0	0	0	0	0	35	0	0	0	0	32	0	0	0	0	51	0	0	0	0	166	0	0	0	740	0
LFQ	38	0	0	0	0	0	0	0	0	0	0	0	0	71	0	0	0	0	0	0	0	0	0	35	0	0	0	0	34	0	0	0	0	55	0	0	0	0	176	0	0	0	711	0
LFQ	39	0	0	0	0	0	0	0	0	0	0	0	0	59	0	0	0	0	0	0	0	0	0	27	0	0	0	0	43	0	0	0	0	75	0	0	0	0	177	0	0	0	701	0
LFQ	40	0	0	0	0	0	0	0	0	0	0	0	0	69	0	0	0	0	0	0	0	0	0	31	0	0	0	0	47	0	0	0	0	71	0	0	0	0	154	0	0	0	710	0
LFQ	41	0	0	0	0	0	0	0	0	0	0	0	0	60	0	0	0	0	0	0	0	0	0	38	0	0	0	0	46	0	0	0	0	67	0	0	0	0	151	0	0	0	720	0
LFQ	42	0	0	0	0	0	0	0	0	0	0	0	0	68	0	0	0	0	0	0	0	0	0	27	0	0	0	0	45	0	0	0	0	62	0	0	0	0	159	0	0	0	721	0
LFQ	43	0	0	0	0	0	0	0	0	0	0	0	0	63	0	0	0	0	0	0	0	0	0	36	0	0	0	0	40	0	0	0	0	52	0	0	0	0	165	0	0	0	726	0
LFQ	44	0	0	0	0	0	0	0	0	0	0	0	0	61	0	0	0	0	0	0	0	0	0	39	0	0	0	0	49	0	0	0	0	54	0	0	0	0	154	0	0	0	725	0
LFQ	45	0	0	0	0	0	0	0	0	0	0	0	0	79	0	0	0	0	0	0	0	0	0	38	0	0	0	0	42	0	0	0	0	60	0	0	0	0	147	0	0	0	716	0
LFQ	46	0	0	0	0	0	0	0	0	0	0	0	0	75	0	0	0	0	0	0	0	0	0	37	0	0	0	0	43	0	0	0	0	64	0	0	0	0	143	0	0	0	720	0
LFQ	47	0	0	0	0	0	0	0	0	0	0	0	0	79	0	0	0	0	0	0	0	0	0	33	0	0	0	0	51	0	0	0	0	57	0	0	0	0	162	0	0	0	700	0
LFQ	48	0	0	0	0	0	0	0	0	0	0	0	0	69	0	0	0	0	0	0	0	0	0	27	0	0	0	0	47	0	0	0	0	76	0	0	0	0	169	0	0	0	694	0
LFQ	49	0	0	0	0	0	0	0	0	0	0	0	0	74	0	0	0	0	0	0	0	0	0	37	0	0	0	0	44	0	0	0	0	58	0	0	0	0	156	0	0	0	713	0
LFQ	50	0	0	0	0	0	0	0	0	0	0	0	0	70	0	0	0	0	0	0	0	0	0	31	0	0	0	0	50	0	0	0	0	72	0	0	0	0	152	0	0	0	707	0
LFQ	51	0	0	0	0	0	0	0	0	0	0	0	0	66	0	0	0	0	0	0	0	0	0	37	0	0	0	0	58	0	0	0	0	55	0	0	0	0	165	0	0	0	701	0
LFQ	52	0	0	0	0	0	0	0	0	0	0	0	0	65	0	0	0	0	0	0	0	0	0	36	0	0	0	0	39	0	0	0	0	81	0	0	0	0	146	0	0	0	715	0
LFQ	53	0	0	0	0	0	0	0	0	0	0	0	0	75	0	0	0	0	0	0	0	0	0	40	0	0	0	0	44	0	0	0	0	52	0	0	0	0	161	0	0	0	710	0
LFQ	54	0	0	0	0	0	0	0	0	0	0	0	0	82	0	0	0	0	0	0	0	0	0	38	0	0	0	0	41	0	0	0	0	69	0	0	0	0	150	0	0	0	702	0
LFQ	55	0	0	0	0	0	0	0	0	0	0	0	0	78	0	0	0	0	0	0	0	0	0	39	0	0	0	0	40	0	0	0	0	58	0	0	0	0	169	0	0	0	698	0
LFQ	56	0	0	0	0	0	0	0	0	0	0	0	0	83	0	0	0	0	0	0	0	0	0	34	0	0	0	0	56	0	0	0	0	73	0	0	0	0	135	0	0	0	701	0
LFQ	57	0	0	0	0	0	0	0	0	0	0	0	0	76	0	0	0	0	0	0	0	0	0	52	0	0	0	0	49	0	0	0	0	61	0	0	0	0	163	0	0	0	681	0
LFQ	58	0	0	0	0	0	0	0	0	0	0	0	0	80	0	0	0	0	0	0	0	0	0	39	0	0	0	0	50	0	0	0	0	76	0	0	0	0	157	0	0	0	680	0
LFQ	59	0	0	0	0	0	0	0	0	0	0	0	0	75	0	0	0	0	0	0	0	0	0	44	0	0	0	0	56	0	0	0	0	60	0	0	0	0	142	0	0	0	705	0
LFQ	60	0	0	0	0	0	0	0	0	0	0	0	0	83	0	0	0	0	0	0	0	0	0	39	0	0	0	0	46	0	0	0	0	72	0	0	0	0	130	0	0	0	712	0
LFQ	61	0	0	0	0	0	0	0	0	0	0	0	0	88	0	0	0	0	0	0	0	0	0	35	0	0	0	0	44	0	0	0	0	69	0	0	0	0	145	0	0	0	701	0
LFQ	62	0	0	0	0	0	0	0	0	0	0	0	0	82	0	0	0	0	0	0	0	0	0	33	0	0	0	0	45	0	0	0	0	56	0	0	0	0	137	0	0	0	729	0
LFQ	63	0	0	0	0	0	0	0	0	0	0	0	0	84	0	0	0	0	0	0	0	0	0	48	0	0	0	0	41	0	0	0	0	78	0	0	0	0	128	0	0	0	703	0
LFQ	64	0	0	0	0	0	0	0	0	0	0	0	0	88	0	0	0	0	0	0	0	0	0	33	0	0	0	0	47	0	0	0	0	62	0	0	0	0	151	0	0	0	701	0
LFQ	65	0	0	0	0	0	0	0	0	0	0	0	0	71	0	0	0	0	0	0	0	0	0	48	0	0	0	0	44	0	0	0	0	75	0	0	0	0	131	0	0	0	713	0
LFQ	66	0	0	0	0	0	0	0	0	0	0	0	0	71	0	0	0	0	0	0	0	0	0	45	0	0	0	0	41	0	0	0	0	65	0	0	0	0	139	0	0	0	721	0
LFQ	67	0	0	0	0	0	0	0	0	0	0	0	0	78	0	0	0	0	0	0	0	0	0	42	0	0	0	0	39	0	0	0	0	65	0	0	0	0	137	0	0	0	721	0
LFQ	68	0	0	0	0	0	0	0	0	0	0	0	0	73	0	0	0	0	0	0	0	0	0	60	0	0	0	0	35	0	0	0	0	69	0	0	0	0	135	0	0	0	710	0
LFQ	69	0	0	0	0	0	0	0	0	0	0	0	0	68	0	0	0	0	0	0	0	0	0	47	0	0	0	0	43	0	0	0	0	75	0	0	0	0	159	0	0	0	690	0
LFQ	70	0	0	0	0	0	0	0	0	0	0	0	0	90	0	0	0	0	0	0	0	0	0	46	0	0	0	0	35	0	0	0	0	58	0	0	0	0	144	0	0	0	709	0
LFQ	71	0	0	0	0	0	0	0	0	0	0	0	0	77	0	0	0	0	0	0	0	0	0	52	0	0	0	0	34	0	0	0	0	65	0	0	0	0	137	0	0	0	717	0
LFQ	72	0	0	0	0	0	0	0	0	0	0	0	0	101	0	0	0	0	0	0	0	0	0	46	0	0	0	0	49	0	0	0	0	68	0	0	0	0	128	0	0	0	690	0
LFQ	73	0	0	0	0	0	0	0	0	0	0	0	0	89	0	0	0	0	0	0	0	0	0	32	0	0	0	0	36	0	0	0	0	76	0	0	0	0	146	0	0	0	703	0
LFQ	74	0	0	0	0	0	0	0	0	0	0	0	0	77	0	0	0	0	0	0	0	0	0	62	0	0	0	0	33	0	0	0	0	51	0	0	0	0	141	0	0	0	718	0
LFQ	75	0	0	0	0	0	0	0	0	0	0	0	0	93	0	0	0	0	0	0	0	0	0	47	0	0	0	0	28	0	0	0	0	72	0	0	0	0	150	0	0	0	692	0
LFQ	76	0	0	0	0	0	0	0	0	0	0	0	0	76	0	0	0	0	0	0	0	0	0	55	0	0	0	0	38	0	0	0	0	68	0	0	0	0	136	0	0	0	709	0
LFQ	77	0	0	0	0	0	0	0	0	0	0	0	0	75	0	0	0	0	0	0	0	0	0	78	0	0	0	0	47	0	0	0	0	116	0	0	0	0	248	0	0	0	518	0
LFQ	78	0	0	0	0	0	0	0	0	0	0	0	0	68	0	0	0	0	0	0	0	0	0	63	0	0	0	0	39	0	0	0	0	98	0	0	0	0	194	0	0	0	620	0
LFQ	79	0	0	0	0	0	0	0	0	0	0	0	0	78	0	0	0	0	0	0	0	0	0	51	0	0	0	0	29	0	0	0	0	81	0	0	0	0	162	0	0	0	681	0
LFQ	80	0	0	0	0	0	0	0	0	0	0	0	0	69	0	0	0	0	0	0	0	0	0	49	0	0	0	0	33	0	0	0	0	64	0	0	0	0	145	0	0	0	722	0
LFQ	81	0	0	0	0	0	0	0	0	0	0	0	0	80	0	0	0	0	0	0	0	0	0	47	0	0	0	0	29	0	0	0	0	68	0	0	0	0	131	0	0	0	727	0
LFQ	82	0	0	0	0	0	0	0	0	0	0	0	0	72	0	0	0	0	0	0	0	0	0	48	0	0	0	0	35	0	0	0	0	53	0	0	0	0	153	0	0	0	721	0
LFQ	83	0	0	0	0	0	0	0	0	0	0	0	0	75	0	0	0	0	0	0	0	0	0	45	0	0	0	0	37	0	0	0	0	69	0	0	0	0	149	0	0	0	707	0
LFQ	84	0	0	0	0	0	0	0	0	0	0	0	0	73	0	0	0	0	0	0	0	0	0	53	0	0	0	0	36	0	0	0	0	79	0	0	0	0	149	0	0	0	692	0
LFQ	85	0	0	0	0	0	0	0	0	0	0	0	0	74	0	0	0	0	0	0	0	0	0	50	0	0	0	0	33	0	0	0	0	56	0	0	0	0	138	0	0	0	731	0
LFQ	86	0	0	0	0	0	0	0	0	0	0	0	0	58	0	0	0	0	0	0	0	0	0	57	0	0	0	0	38	0	0	0	0	61	0	0	0	0	132	0	0	0	736	0
LFQ	87	0	0	0	0	0	0	0	0	0	0	0	0	81	0	0	0	0	0	0	0	0	0	53	0	0	0	0	34	0	0	0	0	60	0	0	0	0	139	0	0	0	715	0
LFQ	88	0	0	0	0	0	0	0	0	0	0	0	0	85	0	0	0	0	0	0	0	0	0	36	0	0	0	0	34	0	0	0	0	71	0	0	0	0	138	0	0	0	718	0
LFQ	89	0	0	0	0	0	0	0	0	0	0	0	0	85	0	0	0	0	0	0	0	0	0	50	0	0	0	0	27	0	0	0	0	53	0	0	0	0	152	0	0	0	715	0
LFQ	90	0	0	0	0	0	0	0	0	0	0	0	0	76	0	0	0	0	0	0	0	0	0	63	0	0	0	0	30	0	0	0	0	65	0	0	0	0	136	0	0	0	712	0
LFQ	91	0	0	0	0	0	0	0	0	0	0	0	0	71	0	0	0	0	0	0	0	0	0	52	0	0	0	0	32	0	0	0	0	70	0	0	0	0	150	0	0	0	707	0
LFQ	92	0	0	0	0	0	0	0	0	0	0	0	0	66	0	0	0	0	0	0	0	0	0	60	0	0	0	0	42	0	0	0	0	67	0	0	0	0	135	0	0	0	712	0
LFQ	93	0	0	0	0	0	0	0	0	0	0	0	0	81	0	0	0	0	0	0	0	0	0	57	0	0	0	0	31	0	0	0	0	76	0	0	0	0	130	0	0	0	707	0
LFQ	94	0	0	0	0	0	0	0	0	0	0	0	0	75	0	0	0	0	0	0	0	0	0	57	0	0	0	0	33	0	0	0	0	71	0	0	0	0	134	0	0	0	712	0
LFQ	95	0	0	0	0	0	0	0	0	0	0	0	0	93	0	0	0	0	0	0	0	0	0	55	0	0	0	0	31	0	0	0	0	69	0	0	0	0	129	0	0	0	705	0
LFQ	96	0	0	0	0	0	0	0	0	0	0	0	0	76	0	0	0	0	0	0	0	0	0	53	0	0	0	0	29	0	0	0	0	79	0	0	0	0	136	0	0	0	709	0
LFQ	97	0	0	0	0	0	0	0	0	0	0	0	0	78	0	0	0	0	0	0	0	0	0	55	0	0	0	0	38	0	0	0	0	74	0	0	0	0	125	0	0	0	712	0
LFQ	98	0	0	0	0	0	0	0	0	0	0	0	0	92	0	0	0	0	0	0	0	0	0	39	0	0	0	0	36	0	0	0	0	60	0	0	0	0	141	0	0	0	714	0
LFQ	99	0	0	0	0	0	0	0	0	0	0	0	0	83	0	0	0	0	0	0	0	0	0	50	0	0	0	0	43	0	0	0	0	60	0	0	0	0	138	0	0	0	708	0
LFQ	100	0	0	0	0	0	0	0	0	0	0	0	0	87	0	0	0	0	0	0	0	0	0	56	0	0	0	0	41	0	0	0	0	57	0	0	0	0	133	0	0	0	708	0
LFQ	101	0	0	0	0	0	0	0	0	0	0	0	0	71	0	0	0	0	0	0	0	0	0	50	0	0	0	0	43	0	0	0	0	77	0	0	0	0	130	0	0	0	710	0
LFQ	102	0	0	0	0	0	0	0	0	0	0	0	0	89	0	0	0	0	0	0	0	0	0	46	0	0	0	0	35	0	0	0	0	85	0	0	0	0	142	0	0	0	683	0
LFQ	103	0	0	0	0	0	0	0	0	0	0	0	0	86	0	0	0	0	0	0	0	0	0	58	0	0	0	0	48	0	0	0	0	81	0	0	0	0	138	0	0	0	669	0
LFQ	104	0	0	0	0	0	0	0	0	0	0	0	0	96	0	0	0	0	0	0	0	0	0	55	0	0	0	0	37	0	0	0	0	72	0	0	0	0	140	0	0	0	680	0
LFQ	105	0	0	0	0	0	0	0	0	0	0	0	0	91	0	0	0	0	0	0	0	0	0	63	0	0	0	0	36	0	0	0	0	65	0	0	0	0	167	0	0	0	658	0
LFQ	106	0	0	0	0	0	0	0	0	0	0	0	0	91	0	0	0	0	0	0	0	0	0	51	0	0	0	0	43	0	0	0	0	82	0	0	0	0	166	0	0	0	647	0
LFQ	107	0	0	0	0	0	0	0	0	0	0	0	0	96	0	0	0	0	0	0	0	0	0	64	0	0	0	0	37	0	0	0	0	88	0	0	0	0	155	0	0	0	640	0
LFQ	108	0	0	0	0	0	0	0	0	0	0	0	0	84	0	0	0	0	0	0	0	0	0	63	0	0	0	0	41	0	0	0	0	68	0	0	0	0	179	0	0	0	644	0
LFQ	109	0	0	0	0	0	0	0	0	0	0	0	0	100	0	0	0	0	0	0	0	0	0	49	0	0	0	0	35	0	0	0	0	67	0	0	0	0	193	0	0	0	635	0
LFQ	110	0	0	8	0	0	0	0	0	0	0	0	0	102	0	0	0	0	0	0	0	0	0	58	0	0	0	0	38	0	0	0	0	72	0	0	0	0	185	0	0	0	616	0
LFQ	111	0	0	0	0	0	0	0	0	0	0	0	0	83	0	0	0	0	0	0	0	0	0	84	0	0	0	0	37	0	0	0	0	79	0	0	0	0	177	0	0	0	619	0
LFQ	112	0	0	0	0	0	0	0	0	0	0	0	0	83	0	0	0	0	0	0	0	0	0	74	0	0	0	0	36	0	0	0	0	67	0	0	0	0	185	0	0	0	634	0
LFQ	113	0	0	0	0	0	0	0	0	0	0	0	0	94	0	0	0	0	0	0	0	0	0	65	0	0	0	0	37	0	0	0	0	76	0	0	0	0	180	0	0	0	627	0
LFQ	114	0	0	0	0	0	0	0	0	0	0	0	0	78	0	0	0	0	0	0	0	0	0	65	0	0	0	0	49	0	0	0	0	68	0	0	0	0	185	0	0	0	633	0
LFQ	115	0	0	0	0	0	0	0	0	0	0	0	0	94	0	0	0	0	0	0	0	0	0	61	0	0	0	0	55	0	0	0	0	71	0	0	0	0	186	0	0	0	611	0
LFQ	116	0	0	0	0	0	0	0	0	0	0	0	0	95	0	0	0	0	0	0	0	0	0	60	0	0	0	0	46	0	0	0	0	87	0	0	0	0	169	0	0	0	620	0
LFQ	117	0	0	0	0	0	0	0	0	0	0	0	0	97	0	0	0	0	0	0	0	0	0	65	0	0	0	0	45	0	0	0	0	87	0	0	0	0	182	0	0	0	600	0
LFQ	118	0	0	0	0	0	0	0	0	0	0	0	0	105	0	0	0	0	0	0	0	0	0	58	0	0	0	0	61	0	0	0	0	83	0	0	0	0	192	0	0	0	577	0
LFQ	119	0	0	0	0	0	0	0	0	0	0	0	0	120	0	0	0	0	0	0	0	0	0	63	0	0	0	0	44	0	0	0	0	70	0	0	0	0	196	0	0	0	582	0
LFQ	120	0	0	0	0	0	0	0	0	0	0	0	0	118	0	0	0	0	0	0	0	0	0	58	0	0	0	0	35	0	0	0	0	63	0	0	0	0	200	0	0	0	600	0
LFQ	121	0	0	0	0	0	0	0	0	0	0	0	0	111	0	0	0	0	0	0	0	0	0	54	0	0	0	0	52	0	0	0	0	82	0	0	0	0	192	0	0	0	583	0
LFQ	122	0	0	0	0	0	0	0	0	0	0	0	0	118	0	0	0	0	0	0	0	0	0	44	0	0	0	0	56	0	0	0	0	69	0	0	0	0	199	0	0	0	586	0
LFQ	123	0	0	0	0	0	0	0	0	0	0	0	0	127	0	0	0	0	0	0	0	0	0	48	0	0	0	0	43	0	0	0	0	61	0	0	0	0	215	0	0	0	577	0
LFQ	124	0	0	0	0	0	0	0	0	4	0	0	0	130	0	0	0	0	0	0	0	0	0	39	0	0	0	0	45	0	0	0	0	83	0	0	0	0	195	0	0	0	574	0
LFQ	125	0	0	0	0	0	0	0	0	7	0	0	0	111	0	0	0	0	0	0	0	0	0	50	0	0	0	0	56	0	0	0	0	81	0	0	0	0	188	0	0	0	576	0
LFQ	126	0	0	0	0	0	0	0	0	15	0	0	0	128	0	0	0	0	0	0	0	0	0	43	0	0	0	0	43	0	0	0	0	99	0	0	0	0	189	0	0	0	552	0
LFQ	127	0	0	0	0	0	0	0	0	6	0	0	0	109	0	0	0	0	0	0	0	0	0	48	0	0	0	0	54	0	0	0	0	95	0	0	0	0	211	0	0	0	545	0
LFQ	128	0	0	0	0	0	0	0	0	9	0	0	0	137	0	0	0	0	0	0	0	0	0	35	0	0	0	0	34	0	0	0	0	78	0	0	0	0	211	0	0	0	562	0
LFQ	129	0	0	0	0	0	0	0	0	16	0	0	0	116	0	0	0	0	0	0	0	0	0	52	0	0	0	0	50	0	0	0	0	88	0	0	0	0	182	0	0	0	561	0
LFQ	130	0	0	0	0	0	0	0	0	34	0	0	0	100	0	0	0	0	0	0	0	0	0	48	0	0	0	0	37	0	0	0	0	106	0	0	0	0	193	0	0	0	547	0
LFQ	131	0	0	0	0	0	0	0	0	33	0	0	0	101	0	0	0	0	0	0	0	0	0	54	0	0	0	0	37	0	0	0	0	128	0	0	0	0	190	0	0	0	521	0
LFQ	132	0	0	0	0	0	0	0	0	36	0	0	0	97	0	0	0	0	0	0	0	0	0	66	0	0	0	0	43	0	0	0	0	106	0	0	0	0	197	0	0	0	517	0
LFQ	133	0	0	0	0	0	0	0	0	43	0	0	0	103	0	0	0	0	0	0	0	0	0	64	0	0	0	0	32	0	0	0	0	110	0	0	0	0	159	0	0	0	550	0
LFQ	134	0	0	0	0	0	0	0	0	35	0	0	0	96	0	0	0	0	0	0	0	0	0	60	0	0	0	0	48	0	0	0	0	99	0	0	0	0	185	0	0	0	535	0
LFQ	135	0	0	0	0	0	0	0	0	43	0	0	0	95	0	0	0	0	0	0	0	0	0	56	0	0	0	0	57	0	0	0	0	116	0	0	0	0	171	0	0	0	518	0
LFQ	136	0	0	0	0	0	0	0	0	40	0	0	0	91	0	0	0	0	0	0	0	0	0	63	0	0	0	0	58	0	0	0	0	115	0	0	0	0	154	0	0	0	533	0
LFQ	137	0	0	0	0	0	0	0	0	49	0	0	0	108	0	0	0	0	0	0	0	0	0	66	0	0	0	0	55	0	0	0	0	100	0	0	0	0	162	0	0	0	512	0
LFQ	138	0	0	0	0	0	0	0	0	48	0	0	0	88	0	0	0	0	0	0	0	0	0	66	0	0	0	0	62	0	0	0	0	124	0	0	0	0	159	0	0	0	504	0
LFQ	139	0	0	0	0	0	0	0	0	48	0	0	0	99	0	0	0	0	0	0	0	0	0	65	0	0	0	0	39	0	0	0	0	119	0	0	0	0	179	0	0	0	500	0
LFQ	140	0	0	0	0	0	0	0	0	48	0	0	0	94	0	0	0	0	0	0	0	0	0	63	0	0	0	0	54	0	0	0	0	111	0	0	0	0	181	0	0	0	495	0
LFQ	141	0	0	0	0	0	0	0	0	52	0	0	0	86	0	0	0	0	0	0	0	0	0	63	0	0	0	0	80	0	0	0	0	111	0	0	0	0	146	0	0	0	505	0
LFQ	142	0	0	0	0	0	0	0	0	44	0	0	0	99	0	0	0	0	0	0	0	0	0	54	0	0	0	0	63	0	0	0	0	123	0	0	0	0	168	0	0	0	490	0
LFQ	143	0	0	0	0	0	0	0	0	55	0	0	0	87	0	0	0	0	0	0	0	0	0	64	0	0	0	0	71	0	0	0	0	110	0	0	0	0	162	0	0	0	489	0
LFQ	144	0	0	0	0	0	0	0	0	48	0	0	0	93	0	0	0	0	0	0	0	0	0	61	0	0	0	0	73	0	0	0	0	123	0	0	0	0	155	0	0	0	483	0
LFQ	145	0	0	0	0	0	0	0	0	47	0	0	0	92	0	0	0	0	0	0	0	0	0	67	0	0	0	0	78	0	0	0	0	119	0	0	0	0	154	0	0	0	475	0
LFQ	146	0	0	0	0	0	0	0	0	47	0	0	0	102	0	0	0	0	0	0	0	0	0	60	0	0	0	0	67	0	0	0	0	124	0	0	0	0	152	0	0	0	472	0
LFQ	147	0	0	0	0	0	0	0	0	41	0	0	0	99	0	0	0	0	0	0	0	0	0	72	0	0	0	0	84	0	0	0	0	98	0	0	0	0	146	0	0	0	477	0
LFQ	148	0	0	0	0	0	0	0	0	33	0	0	0	73	0	0	0	0	0	0	0	0	0	67	0	0	0	0	89	0	0	0	0	99	0	0	0	0	171	0	0	0	467	0
LFQ	149	0	0	0	0	0	0	0	0	22	0	0	0	86	0	0	0	0	0	0	0	0	0	61	0	0	0	0	76	0	0	0	0	106	0	0	0	0	149	0	0	0	469	0
LFQ	150	0	0	0	0	0	0	0	0	15	0	0	0	49	0	0	0	0	0	0	0	0	0	65	0	0	0	0	76	0	0	0	0	124	0	0	0	0	158	0	0	0	440	0
LFQ	151	0	0	0	0	0	0	0	0	0	0	0	0	0	0	0	0	0	0	0	0	0	0	104	0	0	0	0	111	0	0	0	0	134	0	0	0	0	143	0	0	0	276	0
# GC Content of first fragments. Use `grep ^GCF | cut -f 2-` to extract this part.
GCF	8.79	0
GCF	17.84	1
GCF	18.59	0
GCF	19.35	3
GCF	20.10	0
GCF	20.85	1
GCF	21.36	2
GCF	21.86	5
GCF	22.61	4
GCF	23.37	11
GCF	23.87	7
GCF	24.62	6
GCF	25.38	12
GCF	25.88	11
GCF	26.63	14
GCF	27.39	8
GCF	27.89	22
GCF	28.39	19
GCF	29.40	14
GCF	30.40	25
GCF	30.90	22
GCF	31.41	23
GCF	31.91	25
GCF	32.41	24
GCF	33.17	25
GCF	33.92	37
GCF	34.42	21
GCF	34.92	35
GCF	35.43	34
GCF	35.93	35
GCF	36.43	21
GCF	37.19	24
GCF	37.94	11
GCF	38.44	24
GCF	38.94	20
GCF	39.45	18
GCF	39.95	16
GCF	40.45	24
GCF	40.95	15
GCF	41.46	18
GCF	41.96	22
GCF	42.46	8
GCF	43.22	11
GCF	43.97	12
GCF	44.47	11
GCF	44.97	8
GCF	45.48	13
GCF	45.98	12
GCF	46.48	5
GCF	46.98	14
GCF	47.74	9
GCF	48.49	14
GCF	48.99	17
GCF	49.50	5
GCF	50.00	4
GCF	50.50	11
GCF	51.01	16
GCF	51.51	13
GCF	52.01	10
GCF	52.51	7
GCF	53.02	4
GCF	53.52	3
GCF	54.02	2
GCF	54.52	9
GCF	55.53	5
GCF	56.53	7
GCF	57.04	6
GCF	57.54	10
GCF	58.04	11
GCF	58.54	13
GCF	59.05	9
GCF	59.55	13
GCF	60.05	16
GCF	60.55	18
GCF	61.06	13
GCF	61.56	24
GCF	62.06	16
GCF	62.56	19
GCF	63.07	17
GCF	63.57	15
GCF	64.07	23
GCF	64.57	22
GCF	65.08	15
GCF	65.58	14
GCF	66.33	16
GCF	67.09	17
GCF	67.59	13
GCF	68.09	6
GCF	68.59	9
GCF	69.10	10
GCF	69.60	14
GCF	70.10	4
GCF	70.60	5
GCF	71.11	7
GCF	71.86	2
GCF	73.12	1
GCF	74.12	0
GCF	74.62	2
GCF	75.13	3
GCF	75.63	2
GCF	76.13	0
GCF	76.63	3
GCF	77.14	4
GCF	77.89	1
GCF	79.15	0
GCF	80.15	1
# GC Content of last fragments. Use `grep ^GCL | cut -f 2-` to extract this part.
GCL	8.79	0
GCL	18.09	1
GCL	18.84	2
GCL	19.35	3
GCL	19.85	0
GCL	20.35	2
GCL	20.85	3
GCL	21.36	0
GCL	21.86	3
GCL	22.86	4
GCL	23.87	1
GCL	24.62	9
GCL	25.38	8
GCL	25.88	12
GCL	26.38	7
GCL	26.88	6
GCL	27.39	23
GCL	27.89	12
GCL	28.39	15
GCL	28.89	20
GCL	29.40	15
GCL	29.90	17
GCL	30.65	16
GCL	31.41	17
GCL	31.91	18
GCL	32.41	35
GCL	32.91	31
GCL	33.42	28
GCL	33.92	23
GCL	34.42	20
GCL	34.92	38
GCL	35.43	39
GCL	35.93	38
GCL	36.43	29
GCL	36.93	21
GCL	37.44	26
GCL	37.94	23
GCL	38.44	14
GCL	38.94	17
GCL	39.45	19
GCL	39.95	11
GCL	40.45	24
GCL	41.21	26
GCL	41.96	17
GCL	42.46	14
GCL	42.96	18
GCL	43.47	16
GCL	43.97	14
GCL	44.47	8
GCL	45.23	9
GCL	45.98	12
GCL	46.48	7
GCL	46.98	9
GCL	47.49	11
GCL	47.99	13
GCL	48.49	10
GCL	48.99	12
GCL	49.50	9
GCL	50.00	7
GCL	50.50	6
GCL	51.01	8
GCL	51.76	6
GCL	52.51	8
GCL	53.27	4
GCL	54.02	8
GCL	54.52	9
GCL	55.28	5
GCL	56.03	6
GCL	56.53	8
GCL	57.04	7
GCL	57.54	8
GCL	58.04	6
GCL	58.54	8
GCL	59.30	16
GCL	60.05	20
GCL	60.55	18
GCL	61.06	8
GCL	61.56	16
GCL	62.06	7
GCL	62.56	13
GCL	63.32	17
GCL	64.07	18
GCL	64.57	17
GCL	65.08	13
GCL	65.58	16
GCL	66.08	15
GCL	66.58	8
GCL	67.09	13
GCL	67.59	14
GCL	68.09	10
GCL	68.59	7
GCL	69.10	9
GCL	69.60	10
GCL	70.10	5
GCL	70.60	7
GCL	71.11	8
GCL	71.61	7
GCL	72.11	1
GCL	72.86	3
GCL	73.62	7
GCL	74.12	4
GCL	74.87	3
GCL	75.88	0
GCL	76.88	2
GCL	78.14	1
GCL	79.15	2
GCL	79.65	3
GCL	80.40	0
GCL	81.41	1
GCL	82.41	2
GCL	83.17	1
GCL	83.67	0
GCL	84.17	1
GCL	84.67	4
GCL	85.43	3
GCL	86.18	4
GCL	86.68	1
GCL	87.44	2
GCL	88.19	3
GCL	88.69	2
GCL	89.45	0
GCL	90.20	1
GCL	90.70	0
GCL	91.21	1
GCL	91.71	2
GCL	92.21	0
GCL	92.71	1
GCL	93.72	0
GCL	94.72	2
GCL	95.23	1
# ACGT content per cycle. Use `grep ^GCC | cut -f 2-` to extract this part. The columns are: cycle; A,C,G,T base counts as a percentage of all A/C/G/T bases [%]; and N and O counts as a percentage of all A/C/G/T bases [%]
GCC	1	22.19	27.16	30.37	20.28	0.65	0.00
GCC	2	26.71	21.35	24.77	27.17	0.00	0.00
GCC	3	27.31	24.26	20.29	28.14	0.00	0.00
GCC	4	28.74	22.69	22.23	26.34	0.00	0.00
GCC	5	28.51	22.13	22.97	26.39	0.00	0.00
GCC	6	30.91	20.89	22.37	25.83	0.00	0.00
GCC	7	28.33	18.53	22.60	30.55	0.00	0.00
GCC	8	29.76	23.06	22.50	24.68	0.00	0.00
GCC	9	27.08	21.63	23.24	28.05	0.00	0.00
GCC	10	29.81	20.33	21.40	28.47	0.00	0.00
GCC	11	27.22	22.50	27.03	23.24	0.00	0.00
GCC	12	24.91	23.98	24.54	26.57	0.00	0.00
GCC	13	26.85	23.84	23.34	25.97	0.00	0.00
GCC	14	30.04	22.78	22.87	24.31	0.00	0.00
GCC	15	27.87	23.24	21.44	27.45	0.00	0.00
GCC	16	30.04	22.55	20.84	26.57	0.00	0.00
GCC	17	28.23	23.29	23.15	25.32	0.00	0.00
GCC	18	28.70	23.71	20.79	26.80	0.00	0.00
GCC	19	27.36	22.41	24.31	25.92	0.00	0.00
GCC	20	27.13	23.89	23.15	25.83	0.00	0.00
GCC	21	27.36	22.97	23.34	26.34	0.00	0.00
GCC	22	28.60	23.15	20.61	27.63	0.00	0.00
GCC	23	28.10	24.45	21.63	25.83	0.00	0.00
GCC	24	27.59	22.92	22.09	27.40	0.00	0.00
GCC	25	26.89	21.58	23.34	28.19	0.00	0.00
GCC	26	28.28	20.24	23.71	27.77	0.00	0.00
GCC	27	28.07	23.26	22.05	26.62	0.89	0.00
GCC	28	27.36	21.58	22.00	29.07	0.00	0.00
GCC	29	29.07	19.87	23.71	27.36	0.00	0.00
GCC	30	29.25	22.13	21.21	27.40	0.00	0.00
GCC	31	29.30	20.75	24.40	25.55	0.00	0.00
GCC	32	29.07	21.44	22.55	26.94	0.00	0.00
GCC	33	27.82	20.93	22.60	28.65	0.00	0.00
GCC	34	29.48	20.98	22.50	27.03	0.00	0.00
GCC	35	27.54	21.90	22.78	27.77	0.00	0.00
GCC	36	26.81	22.98	22.70	27.51	0.05	0.00
GCC	37	27.77	21.63	24.58	26.02	0.00	0.00
GCC	38	29.53	23.11	21.49	25.88	0.00	0.00
GCC	39	29.02	23.48	21.40	26.11	0.00	0.00
GCC	40	28.80	20.90	23.58	26.72	0.05	0.00
GCC	41	27.54	23.15	21.86	27.45	0.00	0.00
GCC	42	27.36	20.38	24.77	27.50	0.00	0.00
GCC	43	28.14	20.61	22.46	28.79	0.00	0.00
GCC	44	28.76	21.59	23.49	26.17	0.05	0.00
GCC	45	26.43	23.48	22.55	27.54	0.00	0.00
GCC	46	30.28	19.37	22.75	27.60	0.05	0.00
GCC	47	27.66	22.34	24.14	25.86	0.09	0.00
GCC	48	29.76	22.32	22.37	25.55	0.00	0.00
GCC	49	27.68	23.43	23.24	25.65	0.00	0.00
GCC	50	27.77	23.29	22.50	26.43	0.00	0.00
GCC	51	26.76	21.72	23.94	27.59	0.00	0.00
GCC	52	26.85	23.15	22.60	27.40	0.00	0.00
GCC	53	28.23	21.03	22.97	27.77	0.00	0.00
GCC	54	28.84	22.74	21.07	27.36	0.00	0.00
GCC	55	27.59	24.68	21.81	25.92	0.00	0.00
GCC	56	26.94	21.26	24.40	27.40	0.00	0.00
GCC	57	26.11	24.03	22.83	27.03	0.00	0.00
GCC	58	27.31	24.21	21.21	27.26	0.00	0.00
GCC	59	25.79	23.06	24.49	26.66	0.00	0.00
GCC	60	27.40	22.04	22.97	27.59	0.00	0.00
GCC	61	25.23	22.60	24.31	27.87	0.00	0.00
GCC	62	28.05	21.63	21.90	28.42	0.00	0.00
GCC	63	28.23	22.55	22.18	27.03	0.00	0.00
GCC	64	28.56	21.95	21.81	27.68	0.00	0.00
GCC	65	27.13	23.48	24.95	24.45	0.00	0.00
GCC	66	28.28	23.48	23.24	25.00	0.00	0.00
GCC	67	26.48	22.00	25.60	25.92	0.00	0.00
GCC	68	25.74	22.27	25.00	26.99	0.00	0.00
GCC	69	28.00	21.58	23.98	26.43	0.00	0.00
GCC	70	29.25	23.15	20.66	26.94	0.00	0.00
GCC	71	27.91	21.86	23.61	26.62	0.00	0.00
GCC	72	27.96	20.24	21.58	30.22	0.00	0.00
GCC	73	28.70	21.67	22.64	26.99	0.00	0.00
GCC	74	24.91	23.15	22.83	29.11	0.00	0.00
GCC	75	27.03	22.32	22.50	28.14	0.00	0.00
GCC	76	26.80	24.54	21.90	26.76	0.00	0.00
GCC	77	27.17	23.75	24.08	25.00	0.00	0.00
GCC	78	29.07	20.75	23.01	27.17	0.00	0.00
GCC	79	26.20	22.37	22.37	29.07	0.00	0.00
GCC	80	26.29	23.80	24.31	25.60	0.00	0.00
GCC	81	30.22	21.53	23.48	24.77	0.00	0.00
GCC	82	26.80	22.87	23.43	26.89	0.00	0.00
GCC	83	27.40	23.06	22.92	26.62	0.00	0.00
GCC	84	26.89	23.89	23.34	25.88	0.00	0.00
GCC	85	24.95	22.50	23.89	28.65	0.00	0.00
GCC	86	25.32	22.78	24.72	27.17	0.00	0.00
GCC	87	27.13	21.72	21.40	29.76	0.00	0.00
GCC	88	26.85	23.66	23.43	26.06	0.00	0.00
GCC	89	26.20	21.77	23.66	28.37	0.00	0.00
GCC	90	26.94	21.16	22.74	29.16	0.00	0.00
GCC	91	27.17	23.20	22.83	26.80	0.00	0.00
GCC	92	28.33	21.90	23.11	26.66	0.00	0.00
GCC	93	28.65	21.77	21.81	27.77	0.00	0.00
GCC	94	27.22	22.50	25.14	25.14	0.00	0.00
GCC	95	29.99	20.43	22.13	27.45	0.00	0.00
GCC	96	26.02	23.57	25.37	25.05	0.00	0.00
GCC	97	27.17	23.43	23.11	26.29	0.00	0.00
GCC	98	27.08	21.58	22.92	28.42	0.00	0.00
GCC	99	28.70	21.44	22.64	27.22	0.00	0.00
GCC	100	27.59	23.52	21.49	27.40	0.00	0.00
GCC	101	26.55	21.79	25.44	26.23	0.00	0.00
GCC	102	28.24	22.18	22.96	26.62	0.00	0.00
GCC	103	26.53	23.38	21.48	28.61	0.00	0.00
GCC	104	27.92	22.64	22.55	26.90	0.00	0.00
GCC	105	28.15	22.50	23.29	26.06	0.00	0.00
GCC	106	28.10	21.99	23.33	26.57	0.00	0.00
GCC	107	26.73	22.42	22.93	27.93	0.00	0.00
GCC	108	27.06	22.89	20.95	29.10	0.00	0.00
GCC	109	27.62	23.31	22.61	26.46	0.00	0.00
GCC	110	28.47	22.56	23.21	25.77	0.37	0.00
GCC	111	26.32	25.25	21.08	27.34	0.00	0.00
GCC	112	27.48	21.92	23.40	27.20	0.00	0.00
GCC	113	27.34	21.64	21.92	29.10	0.00	0.00
GCC	114	27.26	22.86	23.78	26.10	0.00	0.00
GCC	115	28.56	21.88	24.06	25.50	0.00	0.00
GCC	116	28.62	20.45	23.05	27.88	0.00	0.00
GCC	117	28.64	23.03	22.28	26.04	0.00	0.00
GCC	118	25.77	21.49	22.70	30.04	0.00	0.00
GCC	119	26.89	23.83	24.15	25.13	0.00	0.00
GCC	120	27.42	25.05	22.07	25.46	0.00	0.00
GCC	121	26.53	22.77	23.61	27.09	0.00	0.00
GCC	122	26.98	22.14	24.05	26.84	0.00	0.00
GCC	123	29.41	23.03	24.20	23.36	0.00	0.00
GCC	124	28.26	21.37	22.25	28.12	0.00	0.00
GCC	125	27.62	21.80	22.54	28.04	0.00	0.00
GCC	126	27.67	22.36	23.71	26.27	0.00	0.00
GCC	127	27.21	21.62	23.67	27.49	0.00	0.00
GCC	128	27.15	20.48	26.59	25.79	0.00	0.00
GCC	129	27.86	24.78	19.55	27.81	0.00	0.00
GCC	130	29.16	23.71	22.49	24.64	0.00	0.00
GCC	131	27.82	23.67	23.62	24.88	0.00	0.00
GCC	132	29.72	20.84	24.16	25.28	0.00	0.00
GCC	133	26.09	22.77	24.54	26.60	0.00	0.00
GCC	134	28.75	21.82	22.61	26.83	0.00	0.00
GCC	135	27.38	21.28	23.44	27.89	0.00	0.00
GCC	136	25.25	24.87	23.18	26.70	0.00	0.00
GCC	137	29.73	20.62	22.50	27.15	0.00	0.00
GCC	138	28.48	22.56	22.23	26.74	0.00	0.00
GCC	139	27.20	22.87	23.53	26.40	0.00	0.00
GCC	140	28.98	22.15	23.70	25.16	0.00	0.00
GCC	141	27.81	23.56	20.92	27.71	0.00	0.00
GCC	142	27.48	23.08	21.52	27.91	0.00	0.00
GCC	143	28.19	21.50	22.40	27.91	0.00	0.00
GCC	144	25.04	23.14	24.42	27.41	0.00	0.00
GCC	145	28.33	20.62	25.19	25.86	0.00	0.00
GCC	146	27.64	22.94	22.31	27.11	0.10	0.00
GCC	147	27.08	22.70	22.80	27.42	0.00	0.00
GCC	148	30.04	21.54	22.77	25.65	0.00	0.00
GCC	149	26.97	25.21	20.05	27.77	0.00	0.00
GCC	150	28.22	22.70	23.37	25.70	0.00	0.00
GCC	151	27.14	24.21	21.69	26.96	0.00	0.00
# ACGT content per cycle, read oriented. Use `grep ^GCT | cut -f 2-` to extract this part. The columns are: cycle; A,C,G,T base counts as a percentage of all A/C/G/T bases [%]
GCT	1	21.86	27.44	30.09	20.60
GCT	2	28.05	21.26	24.86	25.83
GCT	3	27.13	24.31	20.24	28.33
GCT	4	30.55	21.86	23.06	24.54
GCT	5	29.16	22.18	22.92	25.74
GCT	6	32.16	21.35	21.90	24.58
GCT	7	26.80	18.25	22.87	32.07
GCT	8	28.79	23.15	22.41	25.65
GCT	9	26.39	21.63	23.24	28.74
GCT	10	31.19	20.38	21.35	27.08
GCT	11	26.62	24.26	25.28	23.84
GCT	12	25.18	23.94	24.58	26.29
GCT	13	26.06	23.01	24.17	26.76
GCT	14	29.30	24.03	21.63	25.05
GCT	15	28.14	22.83	21.86	27.17
GCT	16	28.88	22.55	20.84	27.73
GCT	17	27.96	24.17	22.27	25.60
GCT	18	28.05	23.66	20.84	27.45
GCT	19	28.14	22.50	24.21	25.14
GCT	20	27.54	24.54	22.50	25.42
GCT	21	27.26	23.75	22.55	26.43
GCT	22	26.66	23.20	20.56	29.57
GCT	23	26.43	24.58	21.49	27.50
GCT	24	28.93	22.74	22.27	26.06
GCT	25	27.17	22.37	22.55	27.91
GCT	26	28.28	20.84	23.11	27.77
GCT	27	29.23	23.03	22.28	25.45
GCT	28	28.56	21.72	21.86	27.87
GCT	29	27.54	20.98	22.60	28.88
GCT	30	28.28	22.23	21.12	28.37
GCT	31	26.99	21.16	23.98	27.87
GCT	32	29.81	21.86	22.13	26.20
GCT	33	28.70	21.03	22.50	27.77
GCT	34	28.14	21.53	21.95	28.37
GCT	35	29.11	21.58	23.11	26.20
GCT	36	27.46	22.84	22.84	26.86
GCT	37	27.13	22.23	23.98	26.66
GCT	38	29.57	23.01	21.58	25.83
GCT	39	28.19	23.61	21.26	26.94
GCT	40	29.96	20.90	23.58	25.57
GCT	41	28.51	23.61	21.40	26.48
GCT	42	27.59	21.12	24.03	27.26
GCT	43	28.14	20.56	22.50	28.79
GCT	44	26.49	22.15	22.93	28.43
GCT	45	27.22	24.21	21.81	26.76
GCT	46	30.33	20.06	22.05	27.55
GCT	47	27.43	22.29	24.19	26.09
GCT	48	28.88	22.41	22.27	26.43
GCT	49	27.91	23.98	22.69	25.42
GCT	50	28.37	23.38	22.41	25.83
GCT	51	26.89	21.53	24.12	27.45
GCT	52	27.22	21.81	23.94	27.03
GCT	53	28.14	22.37	21.63	27.87
GCT	54	28.10	22.50	21.30	28.10
GCT	55	27.13	24.08	22.41	26.39
GCT	56	27.45	22.00	23.66	26.89
GCT	57	26.66	23.89	22.97	26.48
GCT	58	27.22	24.17	21.26	27.36
GCT	59	26.39	22.87	24.68	26.06
GCT	60	26.94	23.01	22.00	28.05
GCT	61	26.62	22.92	23.98	26.48
GCT	62	28.93	21.35	22.18	27.54
GCT	63	27.87	22.41	22.32	27.40
GCT	64	29.16	21.67	22.09	27.08
GCT	65	27.91	23.84	24.58	23.66
GCT	66	28.70	23.20	23.52	24.58
GCT	67	27.36	21.90	25.69	25.05
GCT	68	26.06	22.46	24.82	26.66
GCT	69	27.40	22.32	23.24	27.03
GCT	70	29.21	23.61	20.19	26.99
GCT	71	27.68	21.21	24.26	26.85
GCT	72	28.56	20.33	21.49	29.62
GCT	73	28.88	21.72	22.60	26.80
GCT	74	25.18	24.31	21.67	28.84
GCT	75	27.40	21.63	23.20	27.77
GCT	76	28.19	24.86	21.58	25.37
GCT	77	27.82	24.08	23.75	24.35
GCT	78	29.81	21.90	21.86	26.43
GCT	79	27.54	23.01	21.72	27.73
GCT	80	26.11	24.12	23.98	25.79
GCT	81	30.18	21.90	23.11	24.82
GCT	82	28.10	22.83	23.48	25.60
GCT	83	28.00	22.69	23.29	26.02
GCT	84	26.99	24.03	23.20	25.79
GCT	85	25.55	21.77	24.63	28.05
GCT	86	25.23	23.20	24.31	27.26
GCT	87	27.96	21.21	21.90	28.93
GCT	88	27.59	24.08	23.01	25.32
GCT	89	27.40	22.37	23.06	27.17
GCT	90	27.08	20.98	22.92	29.02
GCT	91	28.19	23.34	22.69	25.79
GCT	92	27.96	21.58	23.43	27.03
GCT	93	27.31	22.78	20.79	29.11
GCT	94	27.17	22.87	24.77	25.18
GCT	95	29.57	20.61	21.95	27.87
GCT	96	26.99	24.12	24.82	24.08
GCT	97	27.54	23.57	22.97	25.92
GCT	98	26.29	21.40	23.11	29.21
GCT	99	28.47	20.43	23.66	27.45
GCT	100	27.54	23.15	21.86	27.45
GCT	101	25.86	21.32	25.90	26.92
GCT	102	27.36	22.73	22.41	27.50
GCT	103	25.69	23.70	21.16	29.44
GCT	104	27.55	21.76	23.43	27.27
GCT	105	27.82	22.69	23.10	26.39
GCT	106	27.36	21.39	23.94	27.31
GCT	107	25.85	22.33	23.02	28.81
GCT	108	27.15	23.22	20.62	29.01
GCT	109	27.53	22.52	23.40	26.55
GCT	110	28.60	22.42	23.35	25.63
GCT	111	26.23	25.12	21.22	27.43
GCT	112	26.78	21.92	23.40	27.90
GCT	113	28.73	21.41	22.15	27.71
GCT	114	27.12	22.48	24.15	26.24
GCT	115	30.00	20.68	25.27	24.06
GCT	116	28.06	21.43	22.08	28.43
GCT	117	28.46	22.24	23.07	26.23
GCT	118	27.16	21.73	22.47	28.64
GCT	119	26.43	23.97	24.01	25.59
GCT	120	26.44	25.88	21.24	26.44
GCT	121	27.18	21.61	24.77	26.44
GCT	122	26.74	22.51	23.67	27.07
GCT	123	27.18	22.80	24.43	25.59
GCT	124	27.93	21.09	22.53	28.45
GCT	125	28.32	21.98	22.36	27.34
GCT	126	28.13	22.50	23.57	25.80
GCT	127	28.70	21.67	23.63	26.00
GCT	128	27.71	21.18	25.89	25.23
GCT	129	28.93	24.31	20.02	26.74
GCT	130	28.46	23.71	22.49	25.34
GCT	131	26.52	24.70	22.60	26.19
GCT	132	29.07	21.50	23.50	25.93
GCT	133	26.69	22.91	24.40	25.99
GCT	134	28.32	22.71	21.72	27.25
GCT	135	27.89	20.77	23.96	27.38
GCT	136	25.48	24.64	23.42	26.47
GCT	137	30.53	20.76	22.36	26.35
GCT	138	29.93	21.85	22.93	25.28
GCT	139	26.68	23.29	23.11	26.92
GCT	140	27.85	22.90	22.95	26.30
GCT	141	27.62	23.18	21.29	27.90
GCT	142	27.63	22.66	21.95	27.77
GCT	143	26.86	22.69	21.21	29.24
GCT	144	26.13	23.90	23.66	26.32
GCT	145	28.10	21.00	24.81	26.10
GCT	146	28.69	23.75	21.50	26.06
GCT	147	27.13	22.41	23.08	27.37
GCT	148	29.12	22.33	21.98	26.58
GCT	149	26.77	24.61	20.65	27.97
GCT	150	28.12	22.24	23.84	25.80
GCT	151	28.58	23.07	22.83	25.52
# ACGT content per cycle for first fragments. Use `grep ^FBC | cut -f 2-` to extract this part. The columns are: cycle; A,C,G,T base counts as a percentage of all A/C/G/T bases [%]; and N and O counts as a percentage of all A/C/G/T bases [%]
FBC	1	20.76	28.36	30.03	20.85	0.28	0.00
FBC	2	26.80	21.16	24.49	27.54	0.00	0.00
FBC	3	26.71	24.95	21.90	26.43	0.00	0.00
FBC	4	29.85	21.90	20.98	27.26	0.00	0.00
FBC	5	27.45	22.83	22.92	26.80	0.00	0.00
FBC	6	32.26	19.96	22.74	25.05	0.00	0.00
FBC	7	29.94	17.56	22.09	30.41	0.00	0.00
FBC	8	30.22	22.83	22.00	24.95	0.00	0.00
FBC	9	25.88	23.57	23.94	26.62	0.00	0.00
FBC	10	31.70	18.67	20.70	28.93	0.00	0.00
FBC	11	27.08	22.37	28.00	22.55	0.00	0.00
FBC	12	25.42	23.29	24.58	26.71	0.00	0.00
FBC	13	26.71	22.83	25.14	25.32	0.00	0.00
FBC	14	31.79	22.37	22.37	23.48	0.00	0.00
FBC	15	27.91	22.64	20.79	28.65	0.00	0.00
FBC	16	30.04	22.64	20.43	26.89	0.00	0.00
FBC	17	29.48	23.01	22.74	24.77	0.00	0.00
FBC	18	28.37	24.68	18.85	28.10	0.00	0.00
FBC	19	27.17	21.35	23.38	28.10	0.00	0.00
FBC	20	26.89	22.55	24.31	26.25	0.00	0.00
FBC	21	26.43	23.29	23.01	27.26	0.00	0.00
FBC	22	29.30	22.27	21.44	26.99	0.00	0.00
FBC	23	28.00	24.31	21.90	25.79	0.00	0.00
FBC	24	26.71	22.83	23.11	27.36	0.00	0.00
FBC	25	26.89	19.87	21.81	31.42	0.00	0.00
FBC	26	28.93	19.96	23.38	27.73	0.00	0.00
FBC	27	28.15	23.24	22.13	26.48	0.19	0.00
FBC	28	26.71	22.37	21.72	29.21	0.00	0.00
FBC	29	29.30	18.76	23.94	28.00	0.00	0.00
FBC	30	28.56	24.86	20.79	25.79	0.00	0.00
FBC	31	29.76	21.07	25.23	23.94	0.00	0.00
FBC	32	29.02	20.43	23.11	27.45	0.00	0.00
FBC	33	27.17	20.70	23.29	28.84	0.00	0.00
FBC	34	30.13	20.33	22.64	26.89	0.00	0.00
FBC	35	27.54	20.43	23.11	28.93	0.00	0.00
FBC	36	27.75	23.59	22.29	26.36	0.09	0.00
FBC	37	28.10	19.50	24.12	28.28	0.00	0.00
FBC	38	30.41	23.48	21.16	24.95	0.00	0.00
FBC	39	29.94	24.95	19.96	25.14	0.00	0.00
FBC	40	31.36	20.35	21.55	26.73	0.09	0.00
FBC	41	26.25	23.38	22.74	27.63	0.00	0.00
FBC	42	29.02	19.59	23.66	27.73	0.00	0.00
FBC	43	29.30	20.15	22.00	28.56	0.00	0.00
FBC	44	28.31	22.85	22.66	26.18	0.09	0.00
FBC	45	27.17	22.64	21.81	28.37	0.00	0.00
FBC	46	30.99	18.87	23.03	27.10	0.09	0.00
FBC	47	27.41	21.48	24.54	26.57	0.19	0.00
FBC	48	30.68	22.27	22.37	24.68	0.00	0.00
FBC	49	27.26	24.31	23.11	25.32	0.00	0.00
FBC	50	28.10	23.48	20.79	27.63	0.00	0.00
FBC	51	25.97	21.63	24.03	28.37	0.00	0.00
FBC	52	27.26	21.81	21.81	29.11	0.00	0.00
FBC	53	26.62	21.81	22.37	29.21	0.00	0.00
FBC	54	27.91	22.37	20.33	29.39	0.00	0.00
FBC	55	28.74	23.01	21.35	26.89	0.00	0.00
FBC	56	28.28	20.79	21.16	29.76	0.00	0.00
FBC	57	26.16	25.51	22.64	25.69	0.00	0.00
FBC	58	27.82	24.40	20.52	27.26	0.00	0.00
FBC	59	27.36	23.29	25.23	24.12	0.00	0.00
FBC	60	28.28	20.43	23.20	28.10	0.00	0.00
FBC	61	25.23	23.75	22.92	28.10	0.00	0.00
FBC	62	27.45	22.92	22.00	27.63	0.00	0.00
FBC	63	29.57	22.18	21.16	27.08	0.00	0.00
FBC	64	30.13	19.96	22.64	27.26	0.00	0.00
FBC	65	27.26	22.74	24.31	25.69	0.00	0.00
FBC	66	27.82	23.38	22.83	25.97	0.00	0.00
FBC	67	27.45	20.89	23.66	28.00	0.00	0.00
FBC	68	26.43	21.35	23.20	29.02	0.00	0.00
FBC	69	28.28	19.50	23.75	28.47	0.00	0.00
FBC	70	29.94	22.00	20.33	27.73	0.00	0.00
FBC	71	27.73	21.07	24.58	26.62	0.00	0.00
FBC	72	26.62	21.16	21.26	30.96	0.00	0.00
FBC	73	28.74	20.33	23.38	27.54	0.00	0.00
FBC	74	25.69	22.83	22.55	28.93	0.00	0.00
FBC	75	28.65	22.55	21.44	27.36	0.00	0.00
FBC	76	27.26	25.60	22.18	24.95	0.00	0.00
FBC	77	28.56	23.20	24.21	24.03	0.00	0.00
FBC	78	28.19	20.79	23.38	27.63	0.00	0.00
FBC	79	26.43	22.00	20.98	30.59	0.00	0.00
FBC	80	25.60	25.14	24.12	25.14	0.00	0.00
FBC	81	29.85	22.64	21.35	26.16	0.00	0.00
FBC	82	26.25	22.37	24.31	27.08	0.00	0.00
FBC	83	26.89	23.57	21.44	28.10	0.00	0.00
FBC	84	26.34	24.49	22.27	26.89	0.00	0.00
FBC	85	25.69	22.55	22.74	29.02	0.00	0.00
FBC	86	26.16	22.18	23.38	28.28	0.00	0.00
FBC	87	29.39	20.98	20.79	28.84	0.00	0.00
FBC	88	27.26	23.66	21.35	27.73	0.00	0.00
FBC	89	25.69	21.16	23.66	29.48	0.00	0.00
FBC	90	27.54	22.83	19.96	29.67	0.00	0.00
FBC	91	24.95	24.31	22.83	27.91	0.00	0.00
FBC	92	29.76	21.44	21.07	27.73	0.00	0.00
FBC	93	29.39	22.27	21.63	26.71	0.00	0.00
FBC	94	26.80	23.38	25.97	23.84	0.00	0.00
FBC	95	30.31	18.39	24.03	27.26	0.00	0.00
FBC	96	25.88	23.29	24.77	26.06	0.00	0.00
FBC	97	26.16	23.94	23.57	26.34	0.00	0.00
FBC	98	26.62	20.89	23.11	29.39	0.00	0.00
FBC	99	28.84	21.81	21.16	28.19	0.00	0.00
FBC	100	28.74	22.09	22.09	27.08	0.00	0.00
FBC	101	25.72	22.66	23.87	27.75	0.00	0.00
FBC	102	28.06	22.87	22.04	27.04	0.00	0.00
FBC	103	26.20	21.85	21.57	30.37	0.00	0.00
FBC	104	26.57	24.17	22.04	27.22	0.00	0.00
FBC	105	29.63	21.76	22.31	26.30	0.00	0.00
FBC	106	28.98	20.83	23.15	27.04	0.00	0.00
FBC	107	27.99	20.85	21.96	29.19	0.00	0.00
FBC	108	28.08	23.45	19.46	29.01	0.00	0.00
FBC	109	27.71	24.19	21.69	26.41	0.00	0.00
FBC	110	28.82	23.35	21.41	26.41	0.00	0.00
FBC	111	26.51	24.47	20.85	28.17	0.00	0.00
FBC	112	28.54	22.52	21.87	27.06	0.00	0.00
FBC	113	26.04	21.96	20.76	31.23	0.00	0.00
FBC	114	27.15	23.26	23.91	25.67	0.00	0.00
FBC	115	27.80	22.89	23.73	25.58	0.00	0.00
FBC	116	29.19	20.11	22.98	27.71	0.00	0.00
FBC	117	28.94	22.73	22.17	26.16	0.00	0.00
FBC	118	25.51	21.43	22.82	30.24	0.00	0.00
FBC	119	27.92	24.30	23.19	24.58	0.00	0.00
FBC	120	28.85	24.30	21.24	25.60	0.00	0.00
FBC	121	25.88	23.75	22.73	27.64	0.00	0.00
FBC	122	26.53	23.93	23.28	26.25	0.00	0.00
FBC	123	27.83	22.54	24.86	24.77	0.00	0.00
FBC	124	27.55	21.71	21.61	29.13	0.00	0.00
FBC	125	27.74	22.17	20.78	29.31	0.00	0.00
FBC	126	27.83	23.19	22.63	26.35	0.00	0.00
FBC	127	27.83	20.96	22.63	28.57	0.00	0.00
FBC	128	26.90	21.06	27.09	24.95	0.00	0.00
FBC	129	28.66	24.30	20.32	26.72	0.00	0.00
FBC	130	31.35	23.19	21.80	23.65	0.00	0.00
FBC	131	28.29	24.86	22.54	24.30	0.00	0.00
FBC	132	28.66	20.69	25.32	25.32	0.00	0.00
FBC	133	25.23	23.47	25.79	25.51	0.00	0.00
FBC	134	28.76	22.17	21.99	27.09	0.00	0.00
FBC	135	26.56	20.89	24.88	27.67	0.00	0.00
FBC	136	25.63	26.28	22.28	25.81	0.00	0.00
FBC	137	30.55	19.31	23.21	26.93	0.00	0.00
FBC	138	27.67	22.47	22.56	27.30	0.00	0.00
FBC	139	28.81	21.65	23.42	26.12	0.00	0.00
FBC	140	28.81	21.28	21.28	28.62	0.00	0.00
FBC	141	28.28	22.51	20.19	29.02	0.00	0.00
FBC	142	27.21	22.27	21.34	29.17	0.00	0.00
FBC	143	28.34	21.52	20.77	29.37	0.00	0.00
FBC	144	25.63	24.79	22.17	27.41	0.00	0.00
FBC	145	28.84	20.79	24.44	25.94	0.00	0.00
FBC	146	26.13	24.25	21.89	27.74	0.19	0.00
FBC	147	28.26	23.63	22.12	25.99	0.00	0.00
FBC	148	29.68	22.81	21.18	26.34	0.00	0.00
FBC	149	28.27	24.27	20.27	27.19	0.00	0.00
FBC	150	29.57	22.85	22.45	25.12	0.00	0.00
FBC	151	25.97	26.30	21.75	25.97	0.00	0.00
# ACGT raw counters for first fragments. Use `grep ^FTC | cut -f 2-` to extract this part. The columns are: A,C,G,T,N base counters
FTC	45393	36445	36769	44175	13
# ACGT content per cycle for last fragments. Use `grep ^LBC | cut -f 2-` to extract this part. The columns are: cycle; A,C,G,T base counts as a percentage of all A/C/G/T bases [%]; and N and O counts as a percentage of all A/C/G/T bases [%]
LBC	1	23.62	25.96	30.72	19.70	1.03	0.00
LBC	2	26.62	21.53	25.05	26.80	0.00	0.00
LBC	3	27.91	23.57	18.67	29.85	0.00	0.00
LBC	4	27.63	23.48	23.48	25.42	0.00	0.00
LBC	5	29.57	21.44	23.01	25.97	0.00	0.00
LBC	6	29.57	21.81	22.00	26.62	0.00	0.00
LBC	7	26.71	19.50	23.11	30.68	0.00	0.00
LBC	8	29.30	23.29	23.01	24.40	0.00	0.00
LBC	9	28.28	19.69	22.55	29.48	0.00	0.00
LBC	10	27.91	22.00	22.09	28.00	0.00	0.00
LBC	11	27.36	22.64	26.06	23.94	0.00	0.00
LBC	12	24.40	24.68	24.49	26.43	0.00	0.00
LBC	13	26.99	24.86	21.53	26.62	0.00	0.00
LBC	14	28.28	23.20	23.38	25.14	0.00	0.00
LBC	15	27.82	23.84	22.09	26.25	0.00	0.00
LBC	16	30.04	22.46	21.26	26.25	0.00	0.00
LBC	17	26.99	23.57	23.57	25.88	0.00	0.00
LBC	18	29.02	22.74	22.74	25.51	0.00	0.00
LBC	19	27.54	23.48	25.23	23.75	0.00	0.00
LBC	20	27.36	25.23	22.00	25.42	0.00	0.00
LBC	21	28.28	22.64	23.66	25.42	0.00	0.00
LBC	22	27.91	24.03	19.78	28.28	0.00	0.00
LBC	23	28.19	24.58	21.35	25.88	0.00	0.00
LBC	24	28.47	23.01	21.07	27.45	0.00	0.00
LBC	25	26.89	23.29	24.86	24.95	0.00	0.00
LBC	26	27.63	20.52	24.03	27.82	0.00	0.00
LBC	27	27.98	23.29	21.97	26.76	1.60	0.00
LBC	28	28.00	20.79	22.27	28.93	0.00	0.00
LBC	29	28.84	20.98	23.48	26.71	0.00	0.00
LBC	30	29.94	19.41	21.63	29.02	0.00	0.00
LBC	31	28.84	20.43	23.57	27.17	0.00	0.00
LBC	32	29.11	22.46	22.00	26.43	0.00	0.00
LBC	33	28.47	21.16	21.90	28.47	0.00	0.00
LBC	34	28.84	21.63	22.37	27.17	0.00	0.00
LBC	35	27.54	23.38	22.46	26.62	0.00	0.00
LBC	36	25.88	22.37	23.11	28.65	0.00	0.00
LBC	37	27.45	23.75	25.05	23.75	0.00	0.00
LBC	38	28.65	22.74	21.81	26.80	0.00	0.00
LBC	39	28.10	22.00	22.83	27.08	0.00	0.00
LBC	40	26.25	21.44	25.60	26.71	0.00	0.00
LBC	41	28.84	22.92	20.98	27.26	0.00	0.00
LBC	42	25.69	21.16	25.88	27.26	0.00	0.00
LBC	43	26.99	21.07	22.92	29.02	0.00	0.00
LBC	44	29.21	20.33	24.31	26.16	0.00	0.00
LBC	45	25.69	24.31	23.29	26.71	0.00	0.00
LBC	46	29.57	19.87	22.46	28.10	0.00	0.00
LBC	47	27.91	23.20	23.75	25.14	0.00	0.00
LBC	48	28.84	22.37	22.37	26.43	0.00	0.00
LBC	49	28.10	22.55	23.38	25.97	0.00	0.00
LBC	50	27.45	23.11	24.21	25.23	0.00	0.00
LBC	51	27.54	21.81	23.84	26.80	0.00	0.00
LBC	52	26.43	24.49	23.38	25.69	0.00	0.00
LBC	53	29.85	20.24	23.57	26.34	0.00	0.00
LBC	54	29.76	23.11	21.81	25.32	0.00	0.00
LBC	55	26.43	26.34	22.27	24.95	0.00	0.00
LBC	56	25.60	21.72	27.63	25.05	0.00	0.00
LBC	57	26.06	22.55	23.01	28.37	0.00	0.00
LBC	58	26.80	24.03	21.90	27.26	0.00	0.00
LBC	59	24.21	22.83	23.75	29.21	0.00	0.00
LBC	60	26.52	23.66	22.74	27.08	0.00	0.00
LBC	61	25.23	21.44	25.69	27.63	0.00	0.00
LBC	62	28.65	20.33	21.81	29.21	0.00	0.00
LBC	63	26.89	22.92	23.20	26.99	0.00	0.00
LBC	64	26.99	23.94	20.98	28.10	0.00	0.00
LBC	65	26.99	24.21	25.60	23.20	0.00	0.00
LBC	66	28.74	23.57	23.66	24.03	0.00	0.00
LBC	67	25.51	23.11	27.54	23.84	0.00	0.00
LBC	68	25.05	23.20	26.80	24.95	0.00	0.00
LBC	69	27.73	23.66	24.21	24.40	0.00	0.00
LBC	70	28.56	24.31	20.98	26.16	0.00	0.00
LBC	71	28.10	22.64	22.64	26.62	0.00	0.00
LBC	72	29.30	19.32	21.90	29.48	0.00	0.00
LBC	73	28.65	23.01	21.90	26.43	0.00	0.00
LBC	74	24.12	23.48	23.11	29.30	0.00	0.00
LBC	75	25.42	22.09	23.57	28.93	0.00	0.00
LBC	76	26.34	23.48	21.63	28.56	0.00	0.00
LBC	77	25.79	24.31	23.94	25.97	0.00	0.00
LBC	78	29.94	20.70	22.64	26.71	0.00	0.00
LBC	79	25.97	22.74	23.75	27.54	0.00	0.00
LBC	80	26.99	22.46	24.49	26.06	0.00	0.00
LBC	81	30.59	20.43	25.60	23.38	0.00	0.00
LBC	82	27.36	23.38	22.55	26.71	0.00	0.00
LBC	83	27.91	22.55	24.40	25.14	0.00	0.00
LBC	84	27.45	23.29	24.40	24.86	0.00	0.00
LBC	85	24.21	22.46	25.05	28.28	0.00	0.00
LBC	86	24.49	23.38	26.06	26.06	0.00	0.00
LBC	87	24.86	22.46	22.00	30.68	0.00	0.00
LBC	88	26.43	23.66	25.51	24.40	0.00	0.00
LBC	89	26.71	22.37	23.66	27.26	0.00	0.00
LBC	90	26.34	19.50	25.51	28.65	0.00	0.00
LBC	91	29.39	22.09	22.83	25.69	0.00	0.00
LBC	92	26.89	22.37	25.14	25.60	0.00	0.00
LBC	93	27.91	21.26	22.00	28.84	0.00	0.00
LBC	94	27.63	21.63	24.31	26.43	0.00	0.00
LBC	95	29.67	22.46	20.24	27.63	0.00	0.00
LBC	96	26.16	23.84	25.97	24.03	0.00	0.00
LBC	97	28.19	22.92	22.64	26.25	0.00	0.00
LBC	98	27.54	22.27	22.74	27.45	0.00	0.00
LBC	99	28.56	21.07	24.12	26.25	0.00	0.00
LBC	100	26.43	24.95	20.89	27.73	0.00	0.00
LBC	101	27.38	20.91	27.01	24.70	0.00	0.00
LBC	102	28.43	21.48	23.89	26.20	0.00	0.00
LBC	103	26.85	24.91	21.39	26.85	0.00	0.00
LBC	104	29.26	21.11	23.06	26.57	0.00	0.00
LBC	105	26.67	23.24	24.26	25.83	0.00	0.00
LBC	106	27.22	23.15	23.52	26.11	0.00	0.00
LBC	107	25.46	23.98	23.89	26.67	0.00	0.00
LBC	108	26.04	22.34	22.43	29.19	0.00	0.00
LBC	109	27.53	22.43	23.54	26.51	0.00	0.00
LBC	110	28.10	21.76	25.02	25.12	0.75	0.00
LBC	111	26.14	26.04	21.32	26.51	0.00	0.00
LBC	112	26.41	21.32	24.93	27.34	0.00	0.00
LBC	113	28.64	21.32	23.08	26.97	0.00	0.00
LBC	114	27.37	22.45	23.65	26.53	0.00	0.00
LBC	115	29.31	20.87	24.40	25.42	0.00	0.00
LBC	116	28.04	20.80	23.12	28.04	0.00	0.00
LBC	117	28.35	23.33	22.40	25.93	0.00	0.00
LBC	118	26.02	21.56	22.58	29.83	0.00	0.00
LBC	119	25.86	23.35	25.12	25.67	0.00	0.00
LBC	120	25.98	25.79	22.91	25.33	0.00	0.00
LBC	121	27.19	21.79	24.49	26.54	0.00	0.00
LBC	122	27.43	20.34	24.81	27.43	0.00	0.00
LBC	123	31.00	23.53	23.53	21.94	0.00	0.00
LBC	124	28.97	21.03	22.90	27.10	0.00	0.00
LBC	125	27.50	21.42	24.32	26.75	0.00	0.00
LBC	126	27.50	21.52	24.79	26.19	0.00	0.00
LBC	127	26.59	22.28	24.72	26.40	0.00	0.00
LBC	128	27.39	19.89	26.08	26.64	0.00	0.00
LBC	129	27.04	25.26	18.78	28.92	0.00	0.00
LBC	130	26.95	24.23	23.19	25.63	0.00	0.00
LBC	131	27.35	22.46	24.72	25.47	0.00	0.00
LBC	132	30.79	21.00	22.98	25.24	0.00	0.00
LBC	133	26.96	22.05	23.28	27.71	0.00	0.00
LBC	134	28.73	21.46	23.25	26.56	0.00	0.00
LBC	135	28.22	21.69	21.97	28.12	0.00	0.00
LBC	136	24.86	23.43	24.10	27.61	0.00	0.00
LBC	137	28.90	21.96	21.77	27.38	0.00	0.00
LBC	138	29.31	22.65	21.88	26.17	0.00	0.00
LBC	139	25.55	24.12	23.64	26.69	0.00	0.00
LBC	140	29.16	23.04	26.20	21.61	0.00	0.00
LBC	141	27.33	24.64	21.67	26.37	0.00	0.00
LBC	142	27.76	23.92	21.71	26.61	0.00	0.00
LBC	143	28.03	21.48	24.08	26.40	0.00	0.00
LBC	144	24.42	21.43	26.74	27.41	0.00	0.00
LBC	145	27.81	20.45	25.97	25.78	0.00	0.00
LBC	146	29.20	21.58	22.75	26.46	0.00	0.00
LBC	147	25.86	21.73	23.50	28.91	0.00	0.00
LBC	148	30.43	20.22	24.42	24.92	0.00	0.00
LBC	149	25.59	26.21	19.81	28.38	0.00	0.00
LBC	150	26.75	22.55	24.38	26.32	0.00	0.00
LBC	151	28.52	21.74	21.61	28.12	0.00	0.00
# ACGT raw counters for last fragments. Use `grep ^LTC | cut -f 2-` to extract this part. The columns are: A,C,G,T,N base counters
LTC	44501	36459	37883	43026	36
# Insert sizes. Use `grep ^IS | cut -f 2-` to extract this part. The columns are: insert size, pairs total, inward oriented pairs, outward oriented pairs, other pairs
IS	0	1	0	1	0
IS	1	0	0	0	0
IS	2	0	0	0	0
IS	3	0	0	0	0
IS	4	0	0	0	0
IS	5	0	0	0	0
IS	6	0	0	0	0
IS	7	0	0	0	0
IS	8	0	0	0	0
IS	9	0	0	0	0
IS	10	0	0	0	0
IS	11	0	0	0	0
IS	12	0	0	0	0
IS	13	0	0	0	0
IS	14	0	0	0	0
IS	15	0	0	0	0
IS	16	0	0	0	0
IS	17	0	0	0	0
IS	18	0	0	0	0
IS	19	0	0	0	0
IS	20	0	0	0	0
IS	21	0	0	0	0
IS	22	0	0	0	0
IS	23	0	0	0	0
IS	24	0	0	0	0
IS	25	0	0	0	0
IS	26	0	0	0	0
IS	27	0	0	0	0
IS	28	0	0	0	0
IS	29	0	0	0	0
IS	30	0	0	0	0
IS	31	0	0	0	0
IS	32	0	0	0	0
IS	33	0	0	0	0
IS	34	0	0	0	0
IS	35	0	0	0	0
IS	36	0	0	0	0
IS	37	0	0	0	0
IS	38	0	0	0	0
IS	39	0	0	0	0
IS	40	0	0	0	0
IS	41	0	0	0	0
IS	42	0	0	0	0
IS	43	0	0	0	0
IS	44	0	0	0	0
IS	45	0	0	0	0
IS	46	0	0	0	0
IS	47	0	0	0	0
IS	48	0	0	0	0
IS	49	0	0	0	0
IS	50	0	0	0	0
IS	51	0	0	0	0
IS	52	0	0	0	0
IS	53	0	0	0	0
IS	54	0	0	0	0
IS	55	0	0	0	0
IS	56	0	0	0	0
IS	57	0	0	0	0
IS	58	0	0	0	0
IS	59	0	0	0	0
IS	60	0	0	0	0
IS	61	0	0	0	0
IS	62	0	0	0	0
IS	63	0	0	0	0
IS	64	0	0	0	0
IS	65	0	0	0	0
IS	66	0	0	0	0
IS	67	0	0	0	0
IS	68	0	0	0	0
IS	69	0	0	0	0
IS	70	0	0	0	0
IS	71	0	0	0	0
IS	72	0	0	0	0
IS	73	0	0	0	0
IS	74	0	0	0	0
IS	75	0	0	0	0
IS	76	0	0	0	0
IS	77	0	0	0	0
IS	78	0	0	0	0
IS	79	0	0	0	0
IS	80	0	0	0	0
IS	81	0	0	0	0
IS	82	0	0	0	0
IS	83	0	0	0	0
IS	84	0	0	0	0
IS	85	0	0	0	0
IS	86	0	0	0	0
IS	87	0	0	0	0
IS	88	0	0	0	0
IS	89	0	0	0	0
IS	90	0	0	0	0
IS	91	0	0	0	0
IS	92	0	0	0	0
IS	93	0	0	0	0
IS	94	0	0	0	0
IS	95	0	0	0	0
IS	96	0	0	0	0
IS	97	0	0	0	0
IS	98	0	0	0	0
IS	99	0	0	0	0
IS	100	0	0	0	0
IS	101	0	0	0	0
IS	102	0	0	0	0
IS	103	0	0	0	0
IS	104	0	0	0	0
IS	105	0	0	0	0
IS	106	0	0	0	0
IS	107	0	0	0	0
IS	108	0	0	0	0
IS	109	0	0	0	0
IS	110	0	0	0	0
IS	111	0	0	0	0
IS	112	0	0	0	0
IS	113	0	0	0	0
IS	114	0	0	0	0
IS	115	0	0	0	0
IS	116	0	0	0	0
IS	117	0	0	0	0
IS	118	0	0	0	0
IS	119	0	0	0	0
IS	120	0	0	0	0
IS	121	0	0	0	0
IS	122	0	0	0	0
IS	123	0	0	0	0
IS	124	0	0	0	0
IS	125	0	0	0	0
IS	126	0	0	0	0
IS	127	0	0	0	0
IS	128	0	0	0	0
IS	129	0	0	0	0
IS	130	0	0	0	0
IS	131	0	0	0	0
IS	132	0	0	0	0
IS	133	0	0	0	0
IS	134	0	0	0	0
IS	135	0	0	0	0
IS	136	0	0	0	0
IS	137	0	0	0	0
IS	138	0	0	0	0
IS	139	1	0	1	0
IS	140	0	0	0	0
IS	141	0	0	0	0
IS	142	1	0	1	0
IS	143	0	0	0	0
IS	144	0	0	0	0
IS	145	0	0	0	0
IS	146	0	0	0	0
IS	147	0	0	0	0
IS	148	0	0	0	0
IS	149	0	0	0	0
IS	150	0	0	0	0
IS	151	0	0	0	0
IS	152	0	0	0	0
IS	153	0	0	0	0
IS	154	0	0	0	0
IS	155	0	0	0	0
IS	156	0	0	0	0
IS	157	0	0	0	0
IS	158	0	0	0	0
IS	159	0	0	0	0
IS	160	0	0	0	0
IS	161	0	0	0	0
IS	162	0	0	0	0
IS	163	0	0	0	0
IS	164	0	0	0	0
IS	165	0	0	0	0
IS	166	0	0	0	0
IS	167	0	0	0	0
IS	168	0	0	0	0
IS	169	0	0	0	0
IS	170	0	0	0	0
IS	171	0	0	0	0
IS	172	0	0	0	0
IS	173	0	0	0	0
IS	174	1	1	0	0
IS	175	0	0	0	0
IS	176	0	0	0	0
IS	177	0	0	0	0
IS	178	0	0	0	0
IS	179	0	0	0	0
IS	180	0	0	0	0
IS	181	1	1	0	0
IS	182	0	0	0	0
IS	183	0	0	0	0
IS	184	0	0	0	0
IS	185	0	0	0	0
IS	186	0	0	0	0
IS	187	0	0	0	0
IS	188	0	0	0	0
IS	189	1	1	0	0
IS	190	0	0	0	0
IS	191	2	2	0	0
IS	192	0	0	0	0
IS	193	0	0	0	0
IS	194	0	0	0	0
IS	195	0	0	0	0
IS	196	2	2	0	0
IS	197	0	0	0	0
IS	198	0	0	0	0
IS	199	2	2	0	0
IS	200	0	0	0	0
IS	201	0	0	0	0
IS	202	1	1	0	0
IS	203	1	1	0	0
IS	204	0	0	0	0
IS	205	4	4	0	0
IS	206	0	0	0	0
IS	207	1	1	0	0
IS	208	0	0	0	0
IS	209	0	0	0	0
IS	210	0	0	0	0
IS	211	0	0	0	0
IS	212	0	0	0	0
IS	213	0	0	0	0
IS	214	0	0	0	0
IS	215	4	4	0	0
IS	216	0	0	0	0
IS	217	1	1	0	0
IS	218	2	2	0	0
IS	219	0	0	0	0
IS	220	2	2	0	0
IS	221	2	2	0	0
IS	222	1	1	0	0
IS	223	1	1	0	0
IS	224	1	1	0	0
IS	225	4	4	0	0
IS	226	0	0	0	0
IS	227	2	2	0	0
IS	228	1	1	0	0
IS	229	2	2	0	0
IS	230	3	3	0	0
IS	231	3	3	0	0
IS	232	3	3	0	0
IS	233	1	1	0	0
IS	234	0	0	0	0
IS	235	1	1	0	0
IS	236	1	1	0	0
IS	237	1	1	0	0
IS	238	0	0	0	0
IS	239	1	1	0	0
IS	240	2	2	0	0
IS	241	1	1	0	0
IS	242	2	2	0	0
IS	243	3	3	0	0
IS	244	2	2	0	0
IS	245	2	2	0	0
IS	246	2	2	0	0
IS	247	0	0	0	0
IS	248	3	3	0	0
IS	249	0	0	0	0
IS	250	0	0	0	0
IS	251	3	3	0	0
IS	252	0	0	0	0
IS	253	4	4	0	0
IS	254	0	0	0	0
IS	255	3	3	0	0
IS	256	0	0	0	0
IS	257	6	6	0	0
IS	258	2	2	0	0
IS	259	2	2	0	0
IS	260	0	0	0	0
IS	261	0	0	0	0
IS	262	0	0	0	0
IS	263	0	0	0	0
IS	264	0	0	0	0
IS	265	0	0	0	0
IS	266	0	0	0	0
IS	267	3	3	0	0
IS	268	0	0	0	0
IS	269	3	3	0	0
IS	270	1	1	0	0
IS	271	3	3	0	0
IS	272	0	0	0	0
IS	273	1	1	0	0
IS	274	5	5	0	0
IS	275	1	1	0	0
IS	276	1	1	0	0
IS	277	0	0	0	0
IS	278	1	1	0	0
IS	279	0	0	0	0
IS	280	0	0	0	0
IS	281	1	1	0	0
IS	282	2	2	0	0
IS	283	0	0	0	0
IS	284	0	0	0	0
IS	285	1	1	0	0
IS	286	2	2	0	0
IS	287	0	0	0	0
IS	288	0	0	0	0
IS	289	1	1	0	0
IS	290	0	0	0	0
IS	291	1	1	0	0
IS	292	0	0	0	0
IS	293	4	4	0	0
IS	294	0	0	0	0
IS	295	2	2	0	0
IS	296	0	0	0	0
IS	297	0	0	0	0
IS	298	6	6	0	0
IS	299	2	2	0	0
IS	300	1	1	0	0
IS	301	2	2	0	0
IS	302	0	0	0	0
IS	303	3	3	0	0
IS	304	0	0	0	0
IS	305	3	3	0	0
IS	306	0	0	0	0
IS	307	3	3	0	0
IS	308	0	0	0	0
IS	309	3	3	0	0
IS	310	0	0	0	0
IS	311	2	2	0	0
IS	312	0	0	0	0
IS	313	0	0	0	0
IS	314	0	0	0	0
IS	315	2	2	0	0
IS	316	0	0	0	0
IS	317	0	0	0	0
IS	318	1	1	0	0
IS	319	1	1	0	0
IS	320	1	1	0	0
IS	321	1	1	0	0
IS	322	0	0	0	0
IS	323	2	2	0	0
IS	324	2	2	0	0
IS	325	0	0	0	0
IS	326	2	2	0	0
IS	327	0	0	0	0
IS	328	1	1	0	0
IS	329	0	0	0	0
IS	330	4	4	0	0
IS	331	0	0	0	0
IS	332	2	2	0	0
IS	333	0	0	0	0
IS	334	0	0	0	0
IS	335	1	1	0	0
IS	336	1	1	0	0
IS	337	2	2	0	0
IS	338	2	2	0	0
IS	339	2	2	0	0
IS	340	1	1	0	0
IS	341	0	0	0	0
IS	342	3	3	0	0
IS	343	5	5	0	0
IS	344	2	2	0	0
IS	345	0	0	0	0
IS	346	1	1	0	0
IS	347	2	2	0	0
IS	348	1	1	0	0
IS	349	4	4	0	0
IS	350	1	1	0	0
IS	351	1	1	0	0
IS	352	0	0	0	0
IS	353	1	1	0	0
IS	354	1	1	0	0
IS	355	0	0	0	0
IS	356	0	0	0	0
IS	357	0	0	0	0
IS	358	0	0	0	0
IS	359	1	1	0	0
IS	360	0	0	0	0
IS	361	1	1	0	0
IS	362	1	1	0	0
IS	363	0	0	0	0
IS	364	3	3	0	0
IS	365	2	2	0	0
IS	366	0	0	0	0
IS	367	2	2	0	0
IS	368	1	1	0	0
IS	369	2	2	0	0
IS	370	1	1	0	0
IS	371	2	2	0	0
IS	372	1	1	0	0
IS	373	0	0	0	0
IS	374	1	1	0	0
IS	375	1	1	0	0
IS	376	1	1	0	0
IS	377	0	0	0	0
IS	378	0	0	0	0
IS	379	2	2	0	0
IS	380	1	1	0	0
IS	381	1	1	0	0
IS	382	0	0	0	0
IS	383	2	2	0	0
IS	384	0	0	0	0
IS	385	2	2	0	0
IS	386	0	0	0	0
IS	387	1	1	0	0
IS	388	4	4	0	0
IS	389	0	0	0	0
IS	390	0	0	0	0
IS	391	1	1	0	0
IS	392	1	1	0	0
IS	393	3	3	0	0
IS	394	1	1	0	0
IS	395	1	1	0	0
IS	396	3	3	0	0
IS	397	2	2	0	0
IS	398	4	4	0	0
IS	399	1	1	0	0
IS	400	2	2	0	0
IS	401	0	0	0	0
IS	402	0	0	0	0
IS	403	0	0	0	0
IS	404	2	2	0	0
IS	405	0	0	0	0
IS	406	3	3	0	0
IS	407	0	0	0	0
IS	408	2	2	0	0
IS	409	0	0	0	0
IS	410	4	4	0	0
IS	411	0	0	0	0
IS	412	2	2	0	0
IS	413	3	3	0	0
IS	414	0	0	0	0
IS	415	1	1	0	0
IS	416	0	0	0	0
IS	417	2	2	0	0
IS	418	1	1	0	0
IS	419	1	1	0	0
IS	420	0	0	0	0
IS	421	2	2	0	0
IS	422	2	2	0	0
IS	423	3	3	0	0
IS	424	1	1	0	0
IS	425	6	6	0	0
IS	426	3	3	0	0
IS	427	2	2	0	0
IS	428	0	0	0	0
IS	429	1	1	0	0
IS	430	3	3	0	0
IS	431	2	2	0	0
IS	432	1	1	0	0
IS	433	0	0	0	0
IS	434	2	2	0	0
IS	435	1	1	0	0
IS	436	0	0	0	0
IS	437	1	1	0	0
IS	438	0	0	0	0
IS	439	2	2	0	0
IS	440	2	2	0	0
IS	441	1	1	0	0
IS	442	1	1	0	0
IS	443	0	0	0	0
IS	444	1	1	0	0
IS	445	1	1	0	0
IS	446	1	1	0	0
IS	447	5	5	0	0
IS	448	2	2	0	0
IS	449	6	6	0	0
IS	450	1	1	0	0
IS	451	1	1	0	0
IS	452	2	2	0	0
IS	453	0	0	0	0
IS	454	0	0	0	0
IS	455	0	0	0	0
IS	456	2	2	0	0
IS	457	3	3	0	0
IS	458	2	2	0	0
IS	459	3	3	0	0
IS	460	2	2	0	0
IS	461	0	0	0	0
IS	462	2	2	0	0
IS	463	1	1	0	0
IS	464	3	3	0	0
IS	465	0	0	0	0
IS	466	3	3	0	0
IS	467	0	0	0	0
IS	468	0	0	0	0
IS	469	0	0	0	0
IS	470	0	0	0	0
IS	471	3	3	0	0
IS	472	2	2	0	0
IS	473	0	0	0	0
IS	474	1	1	0	0
IS	475	0	0	0	0
IS	476	2	2	0	0
IS	477	0	0	0	0
IS	478	1	1	0	0
IS	479	0	0	0	0
IS	480	0	0	0	0
IS	481	0	0	0	0
IS	482	0	0	0	0
IS	483	3	3	0	0
# Read lengths. Use `grep ^RL | cut -f 2-` to extract this part. The columns are: read length, count
RL	100	2
RL	101	2
RL	106	1
RL	107	1
RL	113	1
RL	115	1
RL	116	2
RL	118	1
RL	119	1
RL	121	2
RL	122	1
RL	123	1
RL	124	1
RL	126	1
RL	127	2
RL	128	1
RL	130	1
RL	131	2
RL	132	1
RL	133	3
RL	134	3
RL	135	2
RL	136	2
RL	137	1
RL	138	3
RL	139	3
RL	140	4
RL	141	4
RL	142	7
RL	143	2
RL	144	5
RL	145	14
RL	146	11
RL	147	28
RL	148	52
RL	149	57
RL	150	269
RL	151	1669
# Read lengths - first fragments. Use `grep ^FRL | cut -f 2-` to extract this part. The columns are: read length, count
FRL	100	1
FRL	101	1
FRL	106	1
FRL	116	1
FRL	134	1
FRL	138	1
FRL	140	1
FRL	141	2
FRL	142	4
FRL	144	1
FRL	145	6
FRL	146	4
FRL	147	10
FRL	148	22
FRL	149	15
FRL	150	110
FRL	151	901
# Read lengths - last fragments. Use `grep ^LRL | cut -f 2-` to extract this part. The columns are: read length, count
LRL	100	1
LRL	101	1
LRL	107	1
LRL	113	1
LRL	115	1
LRL	116	1
LRL	118	1
LRL	119	1
LRL	121	2
LRL	122	1
LRL	123	1
LRL	124	1
LRL	126	1
LRL	127	2
LRL	128	1
LRL	130	1
LRL	131	2
LRL	132	1
LRL	133	3
LRL	134	2
LRL	135	2
LRL	136	2
LRL	137	1
LRL	138	2
LRL	139	3
LRL	140	3
LRL	141	2
LRL	142	3
LRL	143	2
LRL	144	4
LRL	145	8
LRL	146	7
LRL	147	18
LRL	148	30
LRL	149	42
LRL	150	159
LRL	151	768
# Mapping qualities for reads !(UNMAP|SECOND|SUPPL|QCFAIL|DUP). Use `grep ^MAPQ | cut -f 2-` to extract this part. The columns are: mapq, count
MAPQ	0	12
MAPQ	1	5
MAPQ	2	4
MAPQ	3	10
MAPQ	6	3
MAPQ	7	4
MAPQ	8	14
MAPQ	23	26
MAPQ	24	28
MAPQ	40	161
MAPQ	42	486
# Indel distribution. Use `grep ^ID | cut -f 2-` to extract this part. The columns are: length, number of insertions, number of deletions
ID	1	23	26
ID	2	1	6
ID	4	3	1
ID	6	2	1
ID	11	1	0
ID	19	0	1
# Indels per cycle. Use `grep ^IC | cut -f 2-` to extract this part. The columns are: cycle, number of insertions (fwd), .. (rev) , number of deletions (fwd), .. (rev)
IC	7	0	1	2	0
IC	40	0	0	0	1
IC	46	0	0	1	0
IC	47	0	0	1	0
IC	54	0	1	0	0
IC	55	0	0	1	0
IC	56	1	0	0	0
IC	57	2	1	0	0
IC	58	0	0	0	1
IC	62	0	0	1	0
IC	63	0	0	0	2
IC	64	2	0	0	0
IC	66	1	0	0	1
IC	68	0	1	0	0
IC	69	1	0	0	0
IC	85	0	1	0	0
IC	87	0	0	0	1
IC	90	0	1	0	1
IC	91	0	0	2	1
IC	92	0	1	0	0
IC	96	0	0	1	0
IC	97	0	0	0	2
IC	99	1	2	0	0
IC	102	0	0	2	0
IC	103	1	0	0	0
IC	109	0	0	1	0
IC	111	1	0	0	0
IC	116	0	0	1	1
IC	118	0	0	0	2
IC	124	0	0	1	3
IC	128	0	0	1	0
IC	131	0	2	0	0
IC	133	1	0	0	0
IC	134	2	0	0	0
IC	138	0	0	1	0
IC	141	0	0	1	1
IC	143	1	1	1	0
IC	145	1	0	0	0
IC	147	2	1	0	0
# Coverage distribution. Use `grep ^COV | cut -f 2-` to extract this part.
COV	[1-1]	1	62085
COV	[2-2]	2	18363
COV	[3-3]	3	2829
COV	[4-4]	4	696
COV	[5-5]	5	39
COV	[6-6]	6	428
COV	[7-7]	7	75
# GC-depth. Use `grep ^GCD | cut -f 2-` to extract this part. The columns are: GC%, unique sequence percentiles, 10th, 25th, 50th, 75th and 90th depth percentile
GCD	0.0	2.222	0.000	0.000	0.000	0.000	0.000
GCD	2.3	3.333	0.053	0.053	0.053	0.053	0.053
GCD	26.0	4.444	0.045	0.045	0.045	0.045	0.045
GCD	27.0	5.556	0.030	0.030	0.030	0.030	0.030
GCD	28.0	10.000	0.015	0.015	0.015	0.049	0.060
GCD	29.0	14.444	0.015	0.015	0.045	0.098	0.105
GCD	30.0	18.889	0.045	0.049	0.068	0.086	0.090
GCD	31.0	33.333	0.036	0.053	0.075	0.098	0.117
GCD	32.0	43.333	0.030	0.064	0.075	0.098	0.105
GCD	33.0	57.778	0.023	0.030	0.053	0.090	0.132
GCD	34.0	72.222	0.038	0.045	0.075	0.090	0.111
GCD	35.0	85.556	0.024	0.045	0.064	0.105	0.152
GCD	36.0	92.222	0.030	0.041	0.056	0.069	0.075
GCD	37.0	96.667	0.015	0.019	0.038	0.079	0.090
GCD	38.0	97.778	0.060	0.060	0.060	0.060	0.060
GCD	39.0	98.889	0.045	0.045	0.045	0.045	0.045
GCD	44.0	100.000	0.023	0.023	0.023	0.023	0.023
