# This file was produced by samtools stats (1.21+htslib-1.21) and can be plotted using plot-bamstats
# This file contains statistics for all reads.
# The command line was:  stats NC.Staphy2.5B_sorted.bam
# CHK, Checksum	[2]Read Names	[3]Sequences	[4]Qualities
# CHK, CRC32 of reads which passed filtering followed by addition (32bit overflow)
CHK	21926dae	0bedc88c	3e90b09e
# Summary Numbers. Use `grep ^SN | cut -f 2-` to extract this part.
SN	raw total sequences:	1004	# excluding supplementary and secondary reads
SN	filtered sequences:	0
SN	sequences:	1004
SN	is sorted:	1
SN	1st fragments:	502
SN	last fragments:	502
SN	reads mapped:	283
SN	reads mapped and paired:	276	# paired-end technology bit set + both mates mapped
SN	reads unmapped:	721
SN	reads properly paired:	276	# proper-pair bit set
SN	reads paired:	1004	# paired-end technology bit set
SN	reads duplicated:	0	# PCR or optical duplicate bit set
SN	reads MQ0:	4	# mapped and MQ=0
SN	reads QC failed:	0
SN	non-primary alignments:	0
SN	supplementary alignments:	0
SN	total length:	150560	# ignores clipping
SN	total first fragment length:	75526	# ignores clipping
SN	total last fragment length:	75034	# ignores clipping
SN	bases mapped:	42666	# ignores clipping
SN	bases mapped (cigar):	42666	# more accurate
SN	bases trimmed:	0
SN	bases duplicated:	0
SN	mismatches:	863	# from NM fields
SN	error rate:	2.022688e-02	# mismatches / bases mapped (cigar)
SN	average length:	150
SN	average first fragment length:	150
SN	average last fragment length:	149
SN	maximum length:	151
SN	maximum first fragment length:	151
SN	maximum last fragment length:	151
SN	average quality:	36.6
SN	insert size average:	344.1
SN	insert size standard deviation:	72.5
SN	inward oriented pairs:	138
SN	outward oriented pairs:	0
SN	pairs with other orientation:	0
SN	pairs on different chromosomes:	0
SN	percentage of properly paired reads (%):	27.5
# First Fragment Qualities. Use `grep ^FFQ | cut -f 2-` to extract this part.
# Columns correspond to qualities and rows to cycles. First column is the cycle number.
FFQ	1	0	0	3	0	0	0	0	0	0	0	0	0	9	0	0	0	0	0	0	0	0	0	0	0	0	0	0	12	0	0	0	0	478	0	0	0	0	0	0	0	0	0	0
FFQ	2	0	0	0	0	0	0	0	0	0	0	0	0	4	0	0	0	0	0	0	0	0	0	0	0	0	0	0	14	0	0	0	0	484	0	0	0	0	0	0	0	0	0	0
FFQ	3	0	0	0	0	0	0	0	0	0	0	0	0	14	0	0	0	0	0	0	0	0	0	0	0	0	0	0	17	0	0	0	0	110	0	0	0	0	361	0	0	0	0	0
FFQ	4	0	0	0	0	0	0	0	0	0	0	0	0	5	0	0	0	0	0	0	0	0	0	1	0	0	0	0	9	0	0	0	0	51	0	0	0	0	436	0	0	0	0	0
FFQ	5	0	0	0	0	0	0	0	0	0	0	0	0	7	0	0	0	0	0	0	0	0	0	2	0	0	0	0	9	0	0	0	0	42	0	0	0	0	442	0	0	0	0	0
FFQ	6	0	0	0	0	0	0	0	0	0	0	0	0	4	0	0	0	0	0	0	0	0	0	2	0	0	0	0	9	0	0	0	0	27	0	0	0	0	68	0	0	0	392	0
FFQ	7	0	0	0	0	0	0	0	0	0	0	0	0	4	0	0	0	0	0	0	0	0	0	3	0	0	0	0	10	0	0	0	0	21	0	0	0	0	48	0	0	0	416	0
FFQ	8	0	0	0	0	0	0	0	0	0	0	0	0	5	0	0	0	0	0	0	0	0	0	1	0	0	0	0	6	0	0	0	0	25	0	0	0	0	51	0	0	0	414	0
FFQ	9	0	0	0	0	0	0	0	0	0	0	0	0	4	0	0	0	0	0	0	0	0	0	5	0	0	0	0	8	0	0	0	0	13	0	0	0	0	45	0	0	0	427	0
FFQ	10	0	0	0	0	0	0	0	0	0	0	0	0	2	0	0	0	0	0	0	0	0	0	1	0	0	0	0	6	0	0	0	0	25	0	0	0	0	54	0	0	0	414	0
FFQ	11	0	0	0	0	0	0	0	0	0	0	0	0	3	0	0	0	0	0	0	0	0	0	2	0	0	0	0	6	0	0	0	0	12	0	0	0	0	46	0	0	0	433	0
FFQ	12	0	0	0	0	0	0	0	0	0	0	0	0	4	0	0	0	0	0	0	0	0	0	3	0	0	0	0	12	0	0	0	0	17	0	0	0	0	45	0	0	0	421	0
FFQ	13	0	0	0	0	0	0	0	0	0	0	0	0	4	0	0	0	0	0	0	0	0	0	4	0	0	0	0	4	0	0	0	0	18	0	0	0	0	42	0	0	0	430	0
FFQ	14	0	0	0	0	0	0	0	0	0	0	0	0	5	0	0	0	0	0	0	0	0	0	1	0	0	0	0	5	0	0	0	0	20	0	0	0	0	49	0	0	0	422	0
FFQ	15	0	0	0	0	0	0	0	0	0	0	0	0	4	0	0	0	0	0	0	0	0	0	3	0	0	0	0	8	0	0	0	0	19	0	0	0	0	40	0	0	0	428	0
FFQ	16	0	0	0	0	0	0	0	0	0	0	0	0	4	0	0	0	0	0	0	0	0	0	3	0	0	0	0	4	0	0	0	0	12	0	0	0	0	42	0	0	0	437	0
FFQ	17	0	0	0	0	0	0	0	0	0	0	0	0	5	0	0	0	0	0	0	0	0	0	3	0	0	0	0	5	0	0	0	0	7	0	0	0	0	49	0	0	0	433	0
FFQ	18	0	0	0	0	0	0	0	0	0	0	0	0	3	0	0	0	0	0	0	0	0	0	2	0	0	0	0	5	0	0	0	0	20	0	0	0	0	51	0	0	0	421	0
FFQ	19	0	0	0	0	0	0	0	0	0	0	0	0	7	0	0	0	0	0	0	0	0	0	3	0	0	0	0	4	0	0	0	0	12	0	0	0	0	49	0	0	0	427	0
FFQ	20	0	0	0	0	0	0	0	0	0	0	0	0	4	0	0	0	0	0	0	0	0	0	2	0	0	0	0	7	0	0	0	0	24	0	0	0	0	39	0	0	0	426	0
FFQ	21	0	0	0	0	0	0	0	0	0	0	0	0	3	0	0	0	0	0	0	0	0	0	3	0	0	0	0	7	0	0	0	0	15	0	0	0	0	50	0	0	0	424	0
FFQ	22	0	0	0	0	0	0	0	0	0	0	0	0	5	0	0	0	0	0	0	0	0	0	2	0	0	0	0	5	0	0	0	0	18	0	0	0	0	50	0	0	0	422	0
FFQ	23	0	0	0	0	0	0	0	0	0	0	0	0	4	0	0	0	0	0	0	0	0	0	6	0	0	0	0	7	0	0	0	0	15	0	0	0	0	56	0	0	0	414	0
FFQ	24	0	0	0	0	0	0	0	0	0	0	0	0	5	0	0	0	0	0	0	0	0	0	1	0	0	0	0	14	0	0	0	0	17	0	0	0	0	52	0	0	0	413	0
FFQ	25	0	0	0	0	0	0	0	0	0	0	0	0	4	0	0	0	0	0	0	0	0	0	5	0	0	0	0	4	0	0	0	0	18	0	0	0	0	41	0	0	0	430	0
FFQ	26	0	0	0	0	0	0	0	0	0	0	0	0	6	0	0	0	0	0	0	0	0	0	4	0	0	0	0	14	0	0	0	0	14	0	0	0	0	41	0	0	0	423	0
FFQ	27	0	0	2	0	0	0	0	0	0	0	0	0	8	0	0	0	0	0	0	0	0	0	4	0	0	0	0	5	0	0	0	0	19	0	0	0	0	47	0	0	0	417	0
FFQ	28	0	0	2	0	0	0	0	0	0	0	0	0	8	0	0	0	0	0	0	0	0	0	5	0	0	0	0	12	0	0	0	0	15	0	0	0	0	48	0	0	0	412	0
FFQ	29	0	0	0	0	0	0	0	0	0	0	0	0	7	0	0	0	0	0	0	0	0	0	5	0	0	0	0	5	0	0	0	0	20	0	0	0	0	45	0	0	0	420	0
FFQ	30	0	0	0	0	0	0	0	0	0	0	0	0	11	0	0	0	0	0	0	0	0	0	5	0	0	0	0	9	0	0	0	0	14	0	0	0	0	33	0	0	0	430	0
FFQ	31	0	0	0	0	0	0	0	0	0	0	0	0	9	0	0	0	0	0	0	0	0	0	9	0	0	0	0	7	0	0	0	0	14	0	0	0	0	54	0	0	0	409	0
FFQ	32	0	0	0	0	0	0	0	0	0	0	0	0	8	0	0	0	0	0	0	0	0	0	8	0	0	0	0	21	0	0	0	0	11	0	0	0	0	44	0	0	0	410	0
FFQ	33	0	0	0	0	0	0	0	0	0	0	0	0	10	0	0	0	0	0	0	0	0	0	4	0	0	0	0	10	0	0	0	0	18	0	0	0	0	55	0	0	0	405	0
FFQ	34	0	0	0	0	0	0	0	0	0	0	0	0	10	0	0	0	0	0	0	0	0	0	7	0	0	0	0	9	0	0	0	0	20	0	0	0	0	55	0	0	0	401	0
FFQ	35	0	0	0	0	0	0	0	0	0	0	0	0	12	0	0	0	0	0	0	0	0	0	4	0	0	0	0	15	0	0	0	0	17	0	0	0	0	52	0	0	0	402	0
FFQ	36	0	0	2	0	0	0	0	0	0	0	0	0	8	0	0	0	0	0	0	0	0	0	9	0	0	0	0	7	0	0	0	0	17	0	0	0	0	60	0	0	0	399	0
FFQ	37	0	0	0	0	0	0	0	0	0	0	0	0	5	0	0	0	0	0	0	0	0	0	8	0	0	0	0	13	0	0	0	0	13	0	0	0	0	57	0	0	0	406	0
FFQ	38	0	0	0	0	0	0	0	0	0	0	0	0	10	0	0	0	0	0	0	0	0	0	8	0	0	0	0	15	0	0	0	0	14	0	0	0	0	58	0	0	0	397	0
FFQ	39	0	0	0	0	0	0	0	0	0	0	0	0	16	0	0	0	0	0	0	0	0	0	7	0	0	0	0	13	0	0	0	0	16	0	0	0	0	60	0	0	0	390	0
FFQ	40	0	0	0	0	0	0	0	0	0	0	0	0	20	0	0	0	0	0	0	0	0	0	6	0	0	0	0	13	0	0	0	0	16	0	0	0	0	55	0	0	0	392	0
FFQ	41	0	0	0	0	0	0	0	0	0	0	0	0	16	0	0	0	0	0	0	0	0	0	9	0	0	0	0	14	0	0	0	0	11	0	0	0	0	52	0	0	0	400	0
FFQ	42	0	0	0	0	0	0	0	0	0	0	0	0	13	0	0	0	0	0	0	0	0	0	12	0	0	0	0	3	0	0	0	0	17	0	0	0	0	57	0	0	0	400	0
FFQ	43	0	0	0	0	0	0	0	0	0	0	0	0	10	0	0	0	0	0	0	0	0	0	9	0	0	0	0	10	0	0	0	0	20	0	0	0	0	58	0	0	0	395	0
FFQ	44	0	0	3	0	0	0	0	0	0	0	0	0	17	0	0	0	0	0	0	0	0	0	7	0	0	0	0	14	0	0	0	0	15	0	0	0	0	65	0	0	0	381	0
FFQ	45	0	0	0	0	0	0	0	0	0	0	0	0	22	0	0	0	0	0	0	0	0	0	6	0	0	0	0	16	0	0	0	0	13	0	0	0	0	61	0	0	0	384	0
FFQ	46	0	0	0	0	0	0	0	0	0	0	0	0	21	0	0	0	0	0	0	0	0	0	8	0	0	0	0	12	0	0	0	0	19	0	0	0	0	55	0	0	0	387	0
FFQ	47	0	0	4	0	0	0	0	0	0	0	0	0	16	0	0	0	0	0	0	0	0	0	10	0	0	0	0	15	0	0	0	0	18	0	0	0	0	57	0	0	0	382	0
FFQ	48	0	0	0	0	0	0	0	0	0	0	0	0	13	0	0	0	0	0	0	0	0	0	6	0	0	0	0	18	0	0	0	0	16	0	0	0	0	61	0	0	0	388	0
FFQ	49	0	0	1	0	0	0	0	0	0	0	0	0	16	0	0	0	0	0	0	0	0	0	5	0	0	0	0	20	0	0	0	0	28	0	0	0	0	42	0	0	0	390	0
FFQ	50	0	0	0	0	0	0	0	0	0	0	0	0	16	0	0	0	0	0	0	0	0	0	7	0	0	0	0	13	0	0	0	0	13	0	0	0	0	68	0	0	0	385	0
FFQ	51	0	0	0	0	0	0	0	0	0	0	0	0	16	0	0	0	0	0	0	0	0	0	13	0	0	0	0	22	0	0	0	0	13	0	0	0	0	47	0	0	0	391	0
FFQ	52	0	0	0	0	0	0	0	0	0	0	0	0	15	0	0	0	0	0	0	0	0	0	9	0	0	0	0	19	0	0	0	0	21	0	0	0	0	54	0	0	0	384	0
FFQ	53	0	0	0	0	0	0	0	0	0	0	0	0	15	0	0	0	0	0	0	0	0	0	6	0	0	0	0	16	0	0	0	0	18	0	0	0	0	51	0	0	0	396	0
FFQ	54	0	0	0	0	0	0	0	0	0	0	0	0	20	0	0	0	0	0	0	0	0	0	10	0	0	0	0	15	0	0	0	0	17	0	0	0	0	62	0	0	0	378	0
FFQ	55	0	0	0	0	0	0	0	0	0	0	0	0	12	0	0	0	0	0	0	0	0	0	10	0	0	0	0	19	0	0	0	0	13	0	0	0	0	75	0	0	0	373	0
FFQ	56	0	0	0	0	0	0	0	0	0	0	0	0	13	0	0	0	0	0	0	0	0	0	9	0	0	0	0	10	0	0	0	0	17	0	0	0	0	62	0	0	0	391	0
FFQ	57	0	0	0	0	0	0	0	0	0	0	0	0	19	0	0	0	0	0	0	0	0	0	19	0	0	0	0	15	0	0	0	0	17	0	0	0	0	53	0	0	0	379	0
FFQ	58	0	0	0	0	0	0	0	0	0	0	0	0	14	0	0	0	0	0	0	0	0	0	14	0	0	0	0	7	0	0	0	0	21	0	0	0	0	62	0	0	0	384	0
FFQ	59	0	0	0	0	0	0	0	0	0	0	0	0	20	0	0	0	0	0	0	0	0	0	14	0	0	0	0	19	0	0	0	0	20	0	0	0	0	45	0	0	0	384	0
FFQ	60	0	0	0	0	0	0	0	0	0	0	0	0	14	0	0	0	0	0	0	0	0	0	6	0	0	0	0	17	0	0	0	0	21	0	0	0	0	62	0	0	0	382	0
FFQ	61	0	0	0	0	0	0	0	0	0	0	0	0	21	0	0	0	0	0	0	0	0	0	15	0	0	0	0	20	0	0	0	0	20	0	0	0	0	49	0	0	0	377	0
FFQ	62	0	0	0	0	0	0	0	0	0	0	0	0	14	0	0	0	0	0	0	0	0	0	16	0	0	0	0	17	0	0	0	0	15	0	0	0	0	53	0	0	0	387	0
FFQ	63	0	0	0	0	0	0	0	0	0	0	0	0	20	0	0	0	0	0	0	0	0	0	12	0	0	0	0	22	0	0	0	0	13	0	0	0	0	57	0	0	0	378	0
FFQ	64	0	0	0	0	0	0	0	0	0	0	0	0	22	0	0	0	0	0	0	0	0	0	14	0	0	0	0	7	0	0	0	0	23	0	0	0	0	58	0	0	0	378	0
FFQ	65	0	0	0	0	0	0	0	0	0	0	0	0	19	0	0	0	0	0	0	0	0	0	14	0	0	0	0	16	0	0	0	0	27	0	0	0	0	46	0	0	0	380	0
FFQ	66	0	0	0	0	0	0	0	0	0	0	0	0	22	0	0	0	0	0	0	0	0	0	11	0	0	0	0	19	0	0	0	0	23	0	0	0	0	59	0	0	0	368	0
FFQ	67	0	0	0	0	0	0	0	0	0	0	0	0	16	0	0	0	0	0	0	0	0	0	20	0	0	0	0	15	0	0	0	0	27	0	0	0	0	45	0	0	0	379	0
FFQ	68	0	0	0	0	0	0	0	0	0	0	0	0	23	0	0	0	0	0	0	0	0	0	9	0	0	0	0	17	0	0	0	0	19	0	0	0	0	59	0	0	0	375	0
FFQ	69	0	0	0	0	0	0	0	0	0	0	0	0	23	0	0	0	0	0	0	0	0	0	17	0	0	0	0	14	0	0	0	0	22	0	0	0	0	50	0	0	0	376	0
FFQ	70	0	0	0	0	0	0	0	0	0	0	0	0	27	0	0	0	0	0	0	0	0	0	12	0	0	0	0	9	0	0	0	0	22	0	0	0	0	53	0	0	0	379	0
FFQ	71	0	0	0	0	0	0	0	0	0	0	0	0	26	0	0	0	0	0	0	0	0	0	21	0	0	0	0	15	0	0	0	0	21	0	0	0	0	50	0	0	0	369	0
FFQ	72	0	0	0	0	0	0	0	0	0	0	0	0	25	0	0	0	0	0	0	0	0	0	18	0	0	0	0	14	0	0	0	0	22	0	0	0	0	60	0	0	0	363	0
FFQ	73	0	0	0	0	0	0	0	0	0	0	0	0	23	0	0	0	0	0	0	0	0	0	12	0	0	0	0	10	0	0	0	0	31	0	0	0	0	66	0	0	0	360	0
FFQ	74	0	0	0	0	0	0	0	0	0	0	0	0	26	0	0	0	0	0	0	0	0	0	11	0	0	0	0	13	0	0	0	0	29	0	0	0	0	54	0	0	0	369	0
FFQ	75	0	0	0	0	0	0	0	0	0	0	0	0	17	0	0	0	0	0	0	0	0	0	13	0	0	0	0	20	0	0	0	0	32	0	0	0	0	53	0	0	0	367	0
FFQ	76	0	0	0	0	0	0	0	0	0	0	0	0	17	0	0	0	0	0	0	0	0	0	15	0	0	0	0	17	0	0	0	0	24	0	0	0	0	64	0	0	0	365	0
FFQ	77	0	0	0	0	0	0	0	0	0	0	0	0	26	0	0	0	0	0	0	0	0	0	13	0	0	0	0	22	0	0	0	0	48	0	0	0	0	90	0	0	0	303	0
FFQ	78	0	0	0	0	0	0	0	0	0	0	0	0	29	0	0	0	0	0	0	0	0	0	17	0	0	0	0	19	0	0	0	0	33	0	0	0	0	72	0	0	0	332	0
FFQ	79	0	0	0	0	0	0	0	0	0	0	0	0	27	0	0	0	0	0	0	0	0	0	19	0	0	0	0	13	0	0	0	0	37	0	0	0	0	66	0	0	0	340	0
FFQ	80	0	0	0	0	0	0	0	0	0	0	0	0	22	0	0	0	0	0	0	0	0	0	14	0	0	0	0	25	0	0	0	0	28	0	0	0	0	55	0	0	0	358	0
FFQ	81	0	0	0	0	0	0	0	0	0	0	0	0	34	0	0	0	0	0	0	0	0	0	20	0	0	0	0	18	0	0	0	0	23	0	0	0	0	44	0	0	0	363	0
FFQ	82	0	0	0	0	0	0	0	0	0	0	0	0	22	0	0	0	0	0	0	0	0	0	15	0	0	0	0	21	0	0	0	0	27	0	0	0	0	61	0	0	0	356	0
FFQ	83	0	0	0	0	0	0	0	0	0	0	0	0	26	0	0	0	0	0	0	0	0	0	21	0	0	0	0	11	0	0	0	0	25	0	0	0	0	63	0	0	0	356	0
FFQ	84	0	0	0	0	0	0	0	0	0	0	0	0	26	0	0	0	0	0	0	0	0	0	12	0	0	0	0	18	0	0	0	0	23	0	0	0	0	55	0	0	0	368	0
FFQ	85	0	0	0	0	0	0	0	0	0	0	0	0	27	0	0	0	0	0	0	0	0	0	15	0	0	0	0	15	0	0	0	0	25	0	0	0	0	49	0	0	0	371	0
FFQ	86	0	0	0	0	0	0	0	0	0	0	0	0	31	0	0	0	0	0	0	0	0	0	14	0	0	0	0	17	0	0	0	0	18	0	0	0	0	51	0	0	0	371	0
FFQ	87	0	0	0	0	0	0	0	0	0	0	0	0	36	0	0	0	0	0	0	0	0	0	18	0	0	0	0	15	0	0	0	0	21	0	0	0	0	49	0	0	0	363	0
FFQ	88	0	0	0	0	0	0	0	0	0	0	0	0	24	0	0	0	0	0	0	0	0	0	28	0	0	0	0	13	0	0	0	0	21	0	0	0	0	61	0	0	0	355	0
FFQ	89	0	0	0	0	0	0	0	0	0	0	0	0	31	0	0	0	0	0	0	0	0	0	11	0	0	0	0	10	0	0	0	0	29	0	0	0	0	54	0	0	0	367	0
FFQ	90	0	0	0	0	0	0	0	0	0	0	0	0	34	0	0	0	0	0	0	0	0	0	18	0	0	0	0	16	0	0	0	0	25	0	0	0	0	41	0	0	0	368	0
FFQ	91	0	0	0	0	0	0	0	0	0	0	0	0	31	0	0	0	0	0	0	0	0	0	16	0	0	0	0	21	0	0	0	0	27	0	0	0	0	50	0	0	0	357	0
FFQ	92	0	0	0	0	0	0	0	0	0	0	0	0	40	0	0	0	0	0	0	0	0	0	19	0	0	0	0	7	0	0	0	0	26	0	0	0	0	65	0	0	0	345	0
FFQ	93	0	0	0	0	0	0	0	0	0	0	0	0	35	0	0	0	0	0	0	0	0	0	18	0	0	0	0	11	0	0	0	0	32	0	0	0	0	68	0	0	0	338	0
FFQ	94	0	0	0	0	0	0	0	0	0	0	0	0	36	0	0	0	0	0	0	0	0	0	22	0	0	0	0	18	0	0	0	0	37	0	0	0	0	49	0	0	0	340	0
FFQ	95	0	0	0	0	0	0	0	0	0	0	0	0	42	0	0	0	0	0	0	0	0	0	16	0	0	0	0	26	0	0	0	0	18	0	0	0	0	57	0	0	0	343	0
FFQ	96	0	0	0	0	0	0	0	0	0	0	0	0	32	0	0	0	0	0	0	0	0	0	29	0	0	0	0	19	0	0	0	0	29	0	0	0	0	46	0	0	0	347	0
FFQ	97	0	0	0	0	0	0	0	0	0	0	0	0	34	0	0	0	0	0	0	0	0	0	22	0	0	0	0	20	0	0	0	0	29	0	0	0	0	52	0	0	0	345	0
FFQ	98	0	0	0	0	0	0	0	0	0	0	0	0	31	0	0	0	0	0	0	0	0	0	27	0	0	0	0	18	0	0	0	0	24	0	0	0	0	61	0	0	0	341	0
FFQ	99	0	0	0	0	0	0	0	0	0	0	0	0	28	0	0	0	0	0	0	0	0	0	19	0	0	0	0	17	0	0	0	0	37	0	0	0	0	51	0	0	0	350	0
FFQ	100	0	0	0	0	0	0	0	0	0	0	0	0	25	0	0	0	0	0	0	0	0	0	18	0	0	0	0	20	0	0	0	0	34	0	0	0	0	48	0	0	0	357	0
FFQ	101	0	0	0	0	0	0	0	0	0	0	0	0	27	0	0	0	0	0	0	0	0	0	19	0	0	0	0	13	0	0	0	0	37	0	0	0	0	60	0	0	0	346	0
FFQ	102	0	0	0	0	0	0	0	0	0	0	0	0	37	0	0	0	0	0	0	0	0	0	15	0	0	0	0	17	0	0	0	0	36	0	0	0	0	52	0	0	0	345	0
FFQ	103	0	0	0	0	0	0	0	0	0	0	0	0	40	0	0	0	0	0	0	0	0	0	16	0	0	0	0	15	0	0	0	0	27	0	0	0	0	40	0	0	0	364	0
FFQ	104	0	0	0	0	0	0	0	0	0	0	0	0	29	0	0	0	0	0	0	0	0	0	21	0	0	0	0	8	0	0	0	0	25	0	0	0	0	60	0	0	0	359	0
FFQ	105	0	0	0	0	0	0	0	0	0	0	0	0	30	0	0	0	0	0	0	0	0	0	26	0	0	0	0	15	0	0	0	0	19	0	0	0	0	56	0	0	0	356	0
FFQ	106	0	0	0	0	0	0	0	0	0	0	0	0	35	0	0	0	0	0	0	0	0	0	22	0	0	0	0	14	0	0	0	0	27	0	0	0	0	57	0	0	0	347	0
FFQ	107	0	0	0	0	0	0	0	0	0	0	0	0	42	0	0	0	0	0	0	0	0	0	22	0	0	0	0	8	0	0	0	0	29	0	0	0	0	55	0	0	0	346	0
FFQ	108	0	0	0	0	0	0	0	0	0	0	0	0	28	0	0	0	0	0	0	0	0	0	18	0	0	0	0	18	0	0	0	0	32	0	0	0	0	64	0	0	0	342	0
FFQ	109	0	0	0	0	0	0	0	0	0	0	0	0	39	0	0	0	0	0	0	0	0	0	23	0	0	0	0	13	0	0	0	0	30	0	0	0	0	45	0	0	0	352	0
FFQ	110	0	0	0	0	0	0	0	0	0	0	0	0	32	0	0	0	0	0	0	0	0	0	28	0	0	0	0	13	0	0	0	0	25	0	0	0	0	46	0	0	0	358	0
FFQ	111	0	0	0	0	0	0	0	0	0	0	0	0	31	0	0	0	0	0	0	0	0	0	21	0	0	0	0	13	0	0	0	0	37	0	0	0	0	54	0	0	0	346	0
FFQ	112	0	0	0	0	0	0	0	0	0	0	0	0	37	0	0	0	0	0	0	0	0	0	18	0	0	0	0	21	0	0	0	0	37	0	0	0	0	42	0	0	0	347	0
FFQ	113	0	0	0	0	0	0	0	0	0	0	0	0	30	0	0	0	0	0	0	0	0	0	23	0	0	0	0	11	0	0	0	0	35	0	0	0	0	50	0	0	0	352	0
FFQ	114	0	0	0	0	0	0	0	0	0	0	0	0	38	0	0	0	0	0	0	0	0	0	19	0	0	0	0	12	0	0	0	0	25	0	0	0	0	64	0	0	0	342	0
FFQ	115	0	0	0	0	0	0	0	0	0	0	0	0	32	0	0	0	0	0	0	0	0	0	24	0	0	0	0	23	0	0	0	0	33	0	0	0	0	59	0	0	0	329	0
FFQ	116	0	0	0	0	0	0	0	0	0	0	0	0	22	0	0	0	0	0	0	0	0	0	28	0	0	0	0	20	0	0	0	0	32	0	0	0	0	52	0	0	0	346	0
FFQ	117	0	0	0	0	0	0	0	0	0	0	0	0	27	0	0	0	0	0	0	0	0	0	24	0	0	0	0	17	0	0	0	0	38	0	0	0	0	64	0	0	0	330	0
FFQ	118	0	0	0	0	0	0	0	0	0	0	0	0	29	0	0	0	0	0	0	0	0	0	15	0	0	0	0	17	0	0	0	0	34	0	0	0	0	66	0	0	0	339	0
FFQ	119	0	0	0	0	0	0	0	0	0	0	0	0	32	0	0	0	0	0	0	0	0	0	26	0	0	0	0	16	0	0	0	0	33	0	0	0	0	58	0	0	0	335	0
FFQ	120	0	0	0	0	0	0	0	0	0	0	0	0	26	0	0	0	0	0	0	0	0	0	12	0	0	0	0	17	0	0	0	0	38	0	0	0	0	58	0	0	0	349	0
FFQ	121	0	0	0	0	0	0	0	0	0	0	0	0	31	0	0	0	0	0	0	0	0	0	18	0	0	0	0	15	0	0	0	0	25	0	0	0	0	68	0	0	0	343	0
FFQ	122	0	0	0	0	0	0	0	0	0	0	0	0	30	0	0	0	0	0	0	0	0	0	26	0	0	0	0	16	0	0	0	0	27	0	0	0	0	64	0	0	0	337	0
FFQ	123	0	0	0	0	0	0	0	0	0	0	0	0	31	0	0	0	0	0	0	0	0	0	26	0	0	0	0	21	0	0	0	0	29	0	0	0	0	52	0	0	0	341	0
FFQ	124	0	0	0	0	0	0	0	0	0	0	0	0	33	0	0	0	0	0	0	0	0	0	17	0	0	0	0	16	0	0	0	0	36	0	0	0	0	74	0	0	0	324	0
FFQ	125	0	0	0	0	0	0	0	0	0	0	0	0	38	0	0	0	0	0	0	0	0	0	21	0	0	0	0	11	0	0	0	0	40	0	0	0	0	57	0	0	0	333	0
FFQ	126	0	0	0	0	0	0	0	0	0	0	0	0	38	0	0	0	0	0	0	0	0	0	25	0	0	0	0	17	0	0	0	0	39	0	0	0	0	58	0	0	0	323	0
FFQ	127	0	0	0	0	0	0	0	0	0	0	0	0	39	0	0	0	0	0	0	0	0	0	21	0	0	0	0	21	0	0	0	0	32	0	0	0	0	69	0	0	0	317	0
FFQ	128	0	0	0	0	0	0	0	0	0	0	0	0	35	0	0	0	0	0	0	0	0	0	32	0	0	0	0	17	0	0	0	0	27	0	0	0	0	84	0	0	0	304	0
FFQ	129	0	0	0	0	0	0	0	0	0	0	0	0	35	0	0	0	0	0	0	0	0	0	27	0	0	0	0	15	0	0	0	0	32	0	0	0	0	69	0	0	0	321	0
FFQ	130	0	0	0	0	0	0	0	0	0	0	0	0	42	0	0	0	0	0	0	0	0	0	24	0	0	0	0	12	0	0	0	0	34	0	0	0	0	82	0	0	0	305	0
FFQ	131	0	0	0	0	0	0	0	0	0	0	0	0	40	0	0	0	0	0	0	0	0	0	28	0	0	0	0	14	0	0	0	0	38	0	0	0	0	87	0	0	0	292	0
FFQ	132	0	0	0	0	0	0	0	0	0	0	0	0	32	0	0	0	0	0	0	0	0	0	27	0	0	0	0	9	0	0	0	0	38	0	0	0	0	89	0	0	0	304	0
FFQ	133	0	0	0	0	0	0	0	0	0	0	0	0	36	0	0	0	0	0	0	0	0	0	28	0	0	0	0	19	0	0	0	0	36	0	0	0	0	81	0	0	0	298	0
FFQ	134	0	0	0	0	0	0	0	0	0	0	0	0	38	0	0	0	0	0	0	0	0	0	27	0	0	0	0	23	0	0	0	0	28	0	0	0	0	93	0	0	0	289	0
FFQ	135	0	0	0	0	0	0	0	0	0	0	0	0	34	0	0	0	0	0	0	0	0	0	18	0	0	0	0	16	0	0	0	0	45	0	0	0	0	80	0	0	0	305	0
FFQ	136	0	0	0	0	0	0	0	0	0	0	0	0	38	0	0	0	0	0	0	0	0	0	35	0	0	0	0	16	0	0	0	0	38	0	0	0	0	77	0	0	0	294	0
FFQ	137	0	0	0	0	0	0	0	0	0	0	0	0	29	0	0	0	0	0	0	0	0	0	23	0	0	0	0	17	0	0	0	0	48	0	0	0	0	81	0	0	0	300	0
FFQ	138	0	0	0	0	0	0	0	0	0	0	0	0	39	0	0	0	0	0	0	0	0	0	34	0	0	0	0	13	0	0	0	0	41	0	0	0	0	83	0	0	0	288	0
FFQ	139	0	0	0	0	0	0	0	0	0	0	0	0	28	0	0	0	0	0	0	0	0	0	38	0	0	0	0	16	0	0	0	0	37	0	0	0	0	94	0	0	0	285	0
FFQ	140	0	0	0	0	0	0	0	0	0	0	0	0	38	0	0	0	0	0	0	0	0	0	30	0	0	0	0	17	0	0	0	0	27	0	0	0	0	89	0	0	0	296	0
FFQ	141	0	0	0	0	0	0	0	0	0	0	0	0	30	0	0	0	0	0	0	0	0	0	27	0	0	0	0	16	0	0	0	0	31	0	0	0	0	91	0	0	0	301	0
FFQ	142	0	0	0	0	0	0	0	0	0	0	0	0	36	0	0	0	0	0	0	0	0	0	26	0	0	0	0	18	0	0	0	0	28	0	0	0	0	77	0	0	0	311	0
FFQ	143	0	0	0	0	0	0	0	0	0	0	0	0	35	0	0	0	0	0	0	0	0	0	28	0	0	0	0	21	0	0	0	0	36	0	0	0	0	91	0	0	0	285	0
FFQ	144	0	0	0	0	0	0	0	0	0	0	0	0	38	0	0	0	0	0	0	0	0	0	29	0	0	0	0	19	0	0	0	0	37	0	0	0	0	100	0	0	0	271	0
FFQ	145	0	0	0	0	0	0	0	0	0	0	0	0	31	0	0	0	0	0	0	0	0	0	18	0	0	0	0	24	0	0	0	0	46	0	0	0	0	90	0	0	0	284	0
FFQ	146	0	0	2	0	0	0	0	0	1	0	0	0	33	0	0	0	0	0	0	0	0	0	20	0	0	0	0	25	0	0	0	0	37	0	0	0	0	92	0	0	0	283	0
FFQ	147	0	0	0	0	0	0	0	0	0	0	0	0	35	0	0	0	0	0	0	0	0	0	21	0	0	0	0	25	0	0	0	0	37	0	0	0	0	96	0	0	0	277	0
FFQ	148	0	0	0	0	0	0	0	0	0	0	0	0	42	0	0	0	0	0	0	0	0	0	17	0	0	0	0	19	0	0	0	0	39	0	0	0	0	95	0	0	0	277	0
FFQ	149	0	0	0	0	0	0	0	0	0	0	0	0	28	0	0	0	0	0	0	0	0	0	27	0	0	0	0	24	0	0	0	0	32	0	0	0	0	95	0	0	0	276	0
FFQ	150	0	0	0	0	0	0	0	0	1	0	0	0	17	0	0	0	0	0	0	0	0	0	22	0	0	0	0	27	0	0	0	0	42	0	0	0	0	100	0	0	0	262	0
FFQ	151	0	0	0	0	0	0	0	0	0	0	0	0	0	0	0	0	0	0	0	0	0	0	31	0	0	0	0	28	0	0	0	0	55	0	0	0	0	121	0	0	0	188	0
# Last Fragment Qualities. Use `grep ^LFQ | cut -f 2-` to extract this part.
# Columns correspond to qualities and rows to cycles. First column is the cycle number.
LFQ	1	0	0	5	0	0	0	0	0	0	0	0	0	25	0	0	0	0	0	0	0	0	0	0	0	0	0	0	24	0	0	0	0	448	0	0	0	0	0	0	0	0	0	0
LFQ	2	0	0	0	0	0	0	0	0	0	0	0	0	22	0	0	0	0	0	0	0	0	0	0	0	0	0	0	19	0	0	0	0	461	0	0	0	0	0	0	0	0	0	0
LFQ	3	0	0	0	0	0	0	0	0	0	0	0	0	26	0	0	0	0	0	0	0	0	0	0	0	0	0	0	28	0	0	0	0	184	0	0	0	0	264	0	0	0	0	0
LFQ	4	0	0	0	0	0	0	0	0	0	0	0	0	22	0	0	0	0	0	0	0	0	0	0	0	0	0	0	23	0	0	0	0	58	0	0	0	0	399	0	0	0	0	0
LFQ	5	0	0	0	0	0	0	0	0	0	0	0	0	17	0	0	0	0	0	0	0	0	0	3	0	0	0	0	7	0	0	0	0	47	0	0	0	0	428	0	0	0	0	0
LFQ	6	0	0	0	0	0	0	0	0	0	0	0	0	15	0	0	0	0	0	0	0	0	0	2	0	0	0	0	11	0	0	0	0	39	0	0	0	0	67	0	0	0	368	0
LFQ	7	0	0	0	0	0	0	0	0	0	0	0	0	16	0	0	0	0	0	0	0	0	0	6	0	0	0	0	12	0	0	0	0	25	0	0	0	0	78	0	0	0	365	0
LFQ	8	0	0	0	0	0	0	0	0	0	0	0	0	19	0	0	0	0	0	0	0	0	0	5	0	0	0	0	13	0	0	0	0	24	0	0	0	0	69	0	0	0	372	0
LFQ	9	0	0	0	0	0	0	0	0	0	0	0	0	12	0	0	0	0	0	0	0	0	0	8	0	0	0	0	3	0	0	0	0	29	0	0	0	0	56	0	0	0	394	0
LFQ	10	0	0	0	0	0	0	0	0	0	0	0	0	14	0	0	0	0	0	0	0	0	0	10	0	0	0	0	4	0	0	0	0	25	0	0	0	0	45	0	0	0	404	0
LFQ	11	0	0	0	0	0	0	0	0	0	0	0	0	15	0	0	0	0	0	0	0	0	0	5	0	0	0	0	10	0	0	0	0	15	0	0	0	0	62	0	0	0	395	0
LFQ	12	0	0	0	0	0	0	0	0	0	0	0	0	13	0	0	0	0	0	0	0	0	0	8	0	0	0	0	9	0	0	0	0	19	0	0	0	0	58	0	0	0	395	0
LFQ	13	0	0	0	0	0	0	0	0	0	0	0	0	16	0	0	0	0	0	0	0	0	0	10	0	0	0	0	8	0	0	0	0	17	0	0	0	0	53	0	0	0	398	0
LFQ	14	0	0	0	0	0	0	0	0	0	0	0	0	10	0	0	0	0	0	0	0	0	0	7	0	0	0	0	9	0	0	0	0	22	0	0	0	0	63	0	0	0	391	0
LFQ	15	0	0	0	0	0	0	0	0	0	0	0	0	14	0	0	0	0	0	0	0	0	0	8	0	0	0	0	5	0	0	0	0	25	0	0	0	0	58	0	0	0	392	0
LFQ	16	0	0	0	0	0	0	0	0	0	0	0	0	17	0	0	0	0	0	0	0	0	0	8	0	0	0	0	15	0	0	0	0	13	0	0	0	0	52	0	0	0	397	0
LFQ	17	0	0	0	0	0	0	0	0	0	0	0	0	11	0	0	0	0	0	0	0	0	0	17	0	0	0	0	19	0	0	0	0	16	0	0	0	0	60	0	0	0	379	0
LFQ	18	0	0	0	0	0	0	0	0	0	0	0	0	17	0	0	0	0	0	0	0	0	0	5	0	0	0	0	14	0	0	0	0	15	0	0	0	0	64	0	0	0	387	0
LFQ	19	0	0	0	0	0	0	0	0	0	0	0	0	19	0	0	0	0	0	0	0	0	0	8	0	0	0	0	16	0	0	0	0	17	0	0	0	0	55	0	0	0	387	0
LFQ	20	0	0	0	0	0	0	0	0	0	0	0	0	15	0	0	0	0	0	0	0	0	0	11	0	0	0	0	12	0	0	0	0	19	0	0	0	0	66	0	0	0	379	0
LFQ	21	0	0	0	0	0	0	0	0	0	0	0	0	17	0	0	0	0	0	0	0	0	0	12	0	0	0	0	15	0	0	0	0	25	0	0	0	0	67	0	0	0	366	0
LFQ	22	0	0	0	0	0	0	0	0	0	0	0	0	23	0	0	0	0	0	0	0	0	0	9	0	0	0	0	13	0	0	0	0	20	0	0	0	0	56	0	0	0	381	0
LFQ	23	0	0	0	0	0	0	0	0	0	0	0	0	20	0	0	0	0	0	0	0	0	0	18	0	0	0	0	19	0	0	0	0	22	0	0	0	0	62	0	0	0	361	0
LFQ	24	0	0	0	0	0	0	0	0	0	0	0	0	28	0	0	0	0	0	0	0	0	0	10	0	0	0	0	12	0	0	0	0	16	0	0	0	0	64	0	0	0	372	0
LFQ	25	0	0	0	0	0	0	0	0	0	0	0	0	14	0	0	0	0	0	0	0	0	0	13	0	0	0	0	21	0	0	0	0	20	0	0	0	0	61	0	0	0	373	0
LFQ	26	0	0	0	0	0	0	0	0	0	0	0	0	24	0	0	0	0	0	0	0	0	0	14	0	0	0	0	21	0	0	0	0	22	0	0	0	0	60	0	0	0	361	0
LFQ	27	0	0	2	0	0	0	0	0	0	0	0	0	24	0	0	0	0	0	0	0	0	0	14	0	0	0	0	16	0	0	0	0	19	0	0	0	0	64	0	0	0	363	0
LFQ	28	0	0	0	0	0	0	0	0	0	0	0	0	23	0	0	0	0	0	0	0	0	0	8	0	0	0	0	22	0	0	0	0	26	0	0	0	0	55	0	0	0	368	0
LFQ	29	0	0	0	0	0	0	0	0	0	0	0	0	22	0	0	0	0	0	0	0	0	0	11	0	0	0	0	20	0	0	0	0	33	0	0	0	0	63	0	0	0	353	0
LFQ	30	0	0	0	0	0	0	0	0	0	0	0	0	24	0	0	0	0	0	0	0	0	0	14	0	0	0	0	22	0	0	0	0	20	0	0	0	0	65	0	0	0	357	0
LFQ	31	0	0	0	0	0	0	0	0	0	0	0	0	22	0	0	0	0	0	0	0	0	0	12	0	0	0	0	11	0	0	0	0	24	0	0	0	0	84	0	0	0	349	0
LFQ	32	0	0	0	0	0	0	0	0	0	0	0	0	28	0	0	0	0	0	0	0	0	0	16	0	0	0	0	16	0	0	0	0	20	0	0	0	0	50	0	0	0	372	0
LFQ	33	0	0	0	0	0	0	0	0	0	0	0	0	24	0	0	0	0	0	0	0	0	0	15	0	0	0	0	16	0	0	0	0	17	0	0	0	0	82	0	0	0	348	0
LFQ	34	0	0	0	0	0	0	0	0	0	0	0	0	27	0	0	0	0	0	0	0	0	0	8	0	0	0	0	19	0	0	0	0	20	0	0	0	0	65	0	0	0	363	0
LFQ	35	0	0	0	0	0	0	0	0	0	0	0	0	32	0	0	0	0	0	0	0	0	0	14	0	0	0	0	12	0	0	0	0	27	0	0	0	0	84	0	0	0	333	0
LFQ	36	0	0	0	0	0	0	0	0	0	0	0	0	37	0	0	0	0	0	0	0	0	0	13	0	0	0	0	18	0	0	0	0	20	0	0	0	0	65	0	0	0	349	0
LFQ	37	0	0	0	0	0	0	0	0	0	0	0	0	33	0	0	0	0	0	0	0	0	0	12	0	0	0	0	20	0	0	0	0	28	0	0	0	0	72	0	0	0	337	0
LFQ	38	0	0	0	0	0	0	0	0	0	0	0	0	37	0	0	0	0	0	0	0	0	0	17	0	0	0	0	22	0	0	0	0	20	0	0	0	0	79	0	0	0	327	0
LFQ	39	0	0	0	0	0	0	0	0	0	0	0	0	30	0	0	0	0	0	0	0	0	0	15	0	0	0	0	24	0	0	0	0	24	0	0	0	0	78	0	0	0	331	0
LFQ	40	0	0	0	0	0	0	0	0	0	0	0	0	38	0	0	0	0	0	0	0	0	0	24	0	0	0	0	20	0	0	0	0	23	0	0	0	0	72	0	0	0	325	0
LFQ	41	0	0	0	0	0	0	0	0	0	0	0	0	29	0	0	0	0	0	0	0	0	0	22	0	0	0	0	19	0	0	0	0	32	0	0	0	0	87	0	0	0	313	0
LFQ	42	0	0	0	0	0	0	0	0	0	0	0	0	42	0	0	0	0	0	0	0	0	0	13	0	0	0	0	24	0	0	0	0	31	0	0	0	0	78	0	0	0	314	0
LFQ	43	0	0	0	0	0	0	0	0	0	0	0	0	36	0	0	0	0	0	0	0	0	0	20	0	0	0	0	28	0	0	0	0	26	0	0	0	0	62	0	0	0	330	0
LFQ	44	0	0	0	0	0	0	0	0	0	0	0	0	41	0	0	0	0	0	0	0	0	0	17	0	0	0	0	21	0	0	0	0	29	0	0	0	0	71	0	0	0	323	0
LFQ	45	0	0	0	0	0	0	0	0	0	0	0	0	37	0	0	0	0	0	0	0	0	0	14	0	0	0	0	21	0	0	0	0	34	0	0	0	0	75	0	0	0	321	0
LFQ	46	0	0	0	0	0	0	0	0	0	0	0	0	38	0	0	0	0	0	0	0	0	0	19	0	0	0	0	22	0	0	0	0	41	0	0	0	0	71	0	0	0	311	0
LFQ	47	0	0	0	0	0	0	0	0	0	0	0	0	38	0	0	0	0	0	0	0	0	0	16	0	0	0	0	27	0	0	0	0	26	0	0	0	0	89	0	0	0	306	0
LFQ	48	0	0	0	0	0	0	0	0	0	0	0	0	38	0	0	0	0	0	0	0	0	0	22	0	0	0	0	30	0	0	0	0	26	0	0	0	0	76	0	0	0	310	0
LFQ	49	0	0	0	0	0	0	0	0	0	0	0	0	38	0	0	0	0	0	0	0	0	0	19	0	0	0	0	28	0	0	0	0	39	0	0	0	0	75	0	0	0	303	0
LFQ	50	0	0	0	0	0	0	0	0	0	0	0	0	45	0	0	0	0	0	0	0	0	0	24	0	0	0	0	22	0	0	0	0	38	0	0	0	0	60	0	0	0	313	0
LFQ	51	0	0	0	0	0	0	0	0	0	0	0	0	35	0	0	0	0	0	0	0	0	0	26	0	0	0	0	23	0	0	0	0	32	0	0	0	0	78	0	0	0	308	0
LFQ	52	0	0	0	0	0	0	0	0	0	0	0	0	48	0	0	0	0	0	0	0	0	0	15	0	0	0	0	17	0	0	0	0	30	0	0	0	0	55	0	0	0	337	0
LFQ	53	0	0	0	0	0	0	0	0	0	0	0	0	43	0	0	0	0	0	0	0	0	0	21	0	0	0	0	23	0	0	0	0	30	0	0	0	0	85	0	0	0	300	0
LFQ	54	0	0	0	0	0	0	0	0	0	0	0	0	38	0	0	0	0	0	0	0	0	0	24	0	0	0	0	21	0	0	0	0	27	0	0	0	0	65	0	0	0	327	0
LFQ	55	0	0	0	0	0	0	0	0	0	0	0	0	41	0	0	0	0	0	0	0	0	0	18	0	0	0	0	25	0	0	0	0	41	0	0	0	0	63	0	0	0	314	0
LFQ	56	0	0	0	0	0	0	0	0	0	0	0	0	39	0	0	0	0	0	0	0	0	0	31	0	0	0	0	17	0	0	0	0	36	0	0	0	0	71	0	0	0	308	0
LFQ	57	0	0	0	0	0	0	0	0	0	0	0	0	56	0	0	0	0	0	0	0	0	0	18	0	0	0	0	31	0	0	0	0	38	0	0	0	0	53	0	0	0	306	0
LFQ	58	0	0	0	0	0	0	0	0	0	0	0	0	33	0	0	0	0	0	0	0	0	0	33	0	0	0	0	21	0	0	0	0	40	0	0	0	0	62	0	0	0	313	0
LFQ	59	0	0	0	0	0	0	0	0	0	0	0	0	47	0	0	0	0	0	0	0	0	0	23	0	0	0	0	24	0	0	0	0	28	0	0	0	0	55	0	0	0	325	0
LFQ	60	0	0	0	0	0	0	0	0	0	0	0	0	32	0	0	0	0	0	0	0	0	0	28	0	0	0	0	26	0	0	0	0	42	0	0	0	0	74	0	0	0	300	0
LFQ	61	0	0	0	0	0	0	0	0	0	0	0	0	44	0	0	0	0	0	0	0	0	0	18	0	0	0	0	15	0	0	0	0	33	0	0	0	0	70	0	0	0	322	0
LFQ	62	0	0	0	0	0	0	0	0	0	0	0	0	39	0	0	0	0	0	0	0	0	0	20	0	0	0	0	27	0	0	0	0	35	0	0	0	0	68	0	0	0	313	0
LFQ	63	0	0	0	0	0	0	0	0	0	0	0	0	40	0	0	0	0	0	0	0	0	0	16	0	0	0	0	21	0	0	0	0	44	0	0	0	0	66	0	0	0	315	0
LFQ	64	0	0	0	0	0	0	0	0	0	0	0	0	41	0	0	0	0	0	0	0	0	0	22	0	0	0	0	22	0	0	0	0	37	0	0	0	0	79	0	0	0	301	0
LFQ	65	0	0	0	0	0	0	0	0	0	0	0	0	49	0	0	0	0	0	0	0	0	0	19	0	0	0	0	33	0	0	0	0	43	0	0	0	0	60	0	0	0	298	0
LFQ	66	0	0	0	0	0	0	0	0	0	0	0	0	39	0	0	0	0	0	0	0	0	0	20	0	0	0	0	24	0	0	0	0	40	0	0	0	0	62	0	0	0	317	0
LFQ	67	0	0	0	0	0	0	0	0	0	0	0	0	39	0	0	0	0	0	0	0	0	0	29	0	0	0	0	19	0	0	0	0	38	0	0	0	0	64	0	0	0	313	0
LFQ	68	0	0	0	0	0	0	0	0	0	0	0	0	52	0	0	0	0	0	0	0	0	0	23	0	0	0	0	20	0	0	0	0	41	0	0	0	0	65	0	0	0	301	0
LFQ	69	0	0	0	0	0	0	0	0	0	0	0	0	45	0	0	0	0	0	0	0	0	0	25	0	0	0	0	29	0	0	0	0	31	0	0	0	0	61	0	0	0	311	0
LFQ	70	0	0	0	0	0	0	0	0	0	0	0	0	46	0	0	0	0	0	0	0	0	0	23	0	0	0	0	16	0	0	0	0	32	0	0	0	0	84	0	0	0	301	0
LFQ	71	0	0	0	0	0	0	0	0	0	0	0	0	43	0	0	0	0	0	0	0	0	0	28	0	0	0	0	19	0	0	0	0	26	0	0	0	0	76	0	0	0	310	0
LFQ	72	0	0	0	0	0	0	0	0	0	0	0	0	38	0	0	0	0	0	0	0	0	0	26	0	0	0	0	22	0	0	0	0	44	0	0	0	0	81	0	0	0	291	0
LFQ	73	0	0	0	0	0	0	0	0	0	0	0	0	45	0	0	0	0	0	0	0	0	0	23	0	0	0	0	19	0	0	0	0	31	0	0	0	0	82	0	0	0	302	0
LFQ	74	0	0	0	0	0	0	0	0	0	0	0	0	52	0	0	0	0	0	0	0	0	0	28	0	0	0	0	21	0	0	0	0	41	0	0	0	0	71	0	0	0	289	0
LFQ	75	0	0	0	0	0	0	0	0	0	0	0	0	41	0	0	0	0	0	0	0	0	0	40	0	0	0	0	22	0	0	0	0	40	0	0	0	0	69	0	0	0	290	0
LFQ	76	0	0	0	0	0	0	0	0	0	0	0	0	50	0	0	0	0	0	0	0	0	0	26	0	0	0	0	32	0	0	0	0	34	0	0	0	0	76	0	0	0	284	0
LFQ	77	0	0	0	0	0	0	0	0	0	0	0	0	42	0	0	0	0	0	0	0	0	0	42	0	0	0	0	21	0	0	0	0	69	0	0	0	0	113	0	0	0	215	0
LFQ	78	0	0	0	0	0	0	0	0	0	0	0	0	41	0	0	0	0	0	0	0	0	0	45	0	0	0	0	19	0	0	0	0	46	0	0	0	0	76	0	0	0	275	0
LFQ	79	0	0	0	0	0	0	0	0	0	0	0	0	42	0	0	0	0	0	0	0	0	0	25	0	0	0	0	17	0	0	0	0	41	0	0	0	0	76	0	0	0	301	0
LFQ	80	0	0	0	0	0	0	0	0	0	0	0	0	43	0	0	0	0	0	0	0	0	0	27	0	0	0	0	17	0	0	0	0	34	0	0	0	0	69	0	0	0	312	0
LFQ	81	0	0	0	0	0	0	0	0	0	0	0	0	39	0	0	0	0	0	0	0	0	0	24	0	0	0	0	21	0	0	0	0	36	0	0	0	0	76	0	0	0	306	0
LFQ	82	0	0	0	0	0	0	0	0	0	0	0	0	50	0	0	0	0	0	0	0	0	0	23	0	0	0	0	13	0	0	0	0	29	0	0	0	0	75	0	0	0	312	0
LFQ	83	0	0	0	0	0	0	0	0	0	0	0	0	32	0	0	0	0	0	0	0	0	0	30	0	0	0	0	13	0	0	0	0	36	0	0	0	0	77	0	0	0	314	0
LFQ	84	0	0	0	0	0	0	0	0	0	0	0	0	36	0	0	0	0	0	0	0	0	0	29	0	0	0	0	20	0	0	0	0	32	0	0	0	0	74	0	0	0	311	0
LFQ	85	0	0	0	0	0	0	0	0	0	0	0	0	41	0	0	0	0	0	0	0	0	0	19	0	0	0	0	17	0	0	0	0	35	0	0	0	0	69	0	0	0	321	0
LFQ	86	0	0	0	0	0	0	0	0	0	0	0	0	39	0	0	0	0	0	0	0	0	0	25	0	0	0	0	17	0	0	0	0	33	0	0	0	0	76	0	0	0	312	0
LFQ	87	0	0	0	0	0	0	0	0	0	0	0	0	40	0	0	0	0	0	0	0	0	0	31	0	0	0	0	19	0	0	0	0	42	0	0	0	0	60	0	0	0	310	0
LFQ	88	0	0	0	0	0	0	0	0	0	0	0	0	42	0	0	0	0	0	0	0	0	0	23	0	0	0	0	21	0	0	0	0	42	0	0	0	0	77	0	0	0	297	0
LFQ	89	0	0	0	0	0	0	0	0	0	0	0	0	40	0	0	0	0	0	0	0	0	0	34	0	0	0	0	14	0	0	0	0	38	0	0	0	0	67	0	0	0	309	0
LFQ	90	0	0	0	0	0	0	0	0	0	0	0	0	38	0	0	0	0	0	0	0	0	0	22	0	0	0	0	17	0	0	0	0	40	0	0	0	0	75	0	0	0	310	0
LFQ	91	0	0	0	0	0	0	0	0	0	0	0	0	37	0	0	0	0	0	0	0	0	0	30	0	0	0	0	14	0	0	0	0	42	0	0	0	0	71	0	0	0	308	0
LFQ	92	0	0	0	0	0	0	0	0	0	0	0	0	42	0	0	0	0	0	0	0	0	0	27	0	0	0	0	14	0	0	0	0	38	0	0	0	0	67	0	0	0	314	0
LFQ	93	0	0	0	0	0	0	0	0	0	0	0	0	51	0	0	0	0	0	0	0	0	0	32	0	0	0	0	16	0	0	0	0	36	0	0	0	0	61	0	0	0	306	0
LFQ	94	0	0	0	0	0	0	0	0	0	0	0	0	40	0	0	0	0	0	0	0	0	0	25	0	0	0	0	19	0	0	0	0	37	0	0	0	0	70	0	0	0	311	0
LFQ	95	0	0	0	0	0	0	0	0	0	0	0	0	45	0	0	0	0	0	0	0	0	0	25	0	0	0	0	22	0	0	0	0	30	0	0	0	0	56	0	0	0	324	0
LFQ	96	0	0	0	0	0	0	0	0	0	0	0	0	52	0	0	0	0	0	0	0	0	0	20	0	0	0	0	18	0	0	0	0	45	0	0	0	0	63	0	0	0	304	0
LFQ	97	0	0	0	0	0	0	0	0	0	0	0	0	37	0	0	0	0	0	0	0	0	0	27	0	0	0	0	19	0	0	0	0	45	0	0	0	0	67	0	0	0	307	0
LFQ	98	0	0	0	0	0	0	0	0	0	0	0	0	42	0	0	0	0	0	0	0	0	0	32	0	0	0	0	15	0	0	0	0	41	0	0	0	0	74	0	0	0	298	0
LFQ	99	0	0	0	0	0	0	0	0	0	0	0	0	36	0	0	0	0	0	0	0	0	0	28	0	0	0	0	20	0	0	0	0	35	0	0	0	0	85	0	0	0	298	0
LFQ	100	0	0	0	0	0	0	0	0	0	0	0	0	42	0	0	0	0	0	0	0	0	0	35	0	0	0	0	20	0	0	0	0	30	0	0	0	0	79	0	0	0	296	0
LFQ	101	0	0	0	0	0	0	0	0	0	0	0	0	46	0	0	0	0	0	0	0	0	0	30	0	0	0	0	13	0	0	0	0	42	0	0	0	0	71	0	0	0	300	0
LFQ	102	0	0	0	0	0	0	0	0	0	0	0	0	45	0	0	0	0	0	0	0	0	0	29	0	0	0	0	17	0	0	0	0	37	0	0	0	0	65	0	0	0	309	0
LFQ	103	0	0	0	0	0	0	0	0	0	0	0	0	43	0	0	0	0	0	0	0	0	0	32	0	0	0	0	27	0	0	0	0	32	0	0	0	0	75	0	0	0	293	0
LFQ	104	0	0	0	0	0	0	0	0	0	0	0	0	52	0	0	0	0	0	0	0	0	0	25	0	0	0	0	22	0	0	0	0	39	0	0	0	0	62	0	0	0	302	0
LFQ	105	0	0	0	0	0	0	0	0	0	0	0	0	47	0	0	0	0	0	0	0	0	0	35	0	0	0	0	20	0	0	0	0	32	0	0	0	0	71	0	0	0	297	0
LFQ	106	0	0	0	0	0	0	0	0	0	0	0	0	58	0	0	0	0	0	0	0	0	0	27	0	0	0	0	22	0	0	0	0	27	0	0	0	0	79	0	0	0	288	0
LFQ	107	0	0	0	0	0	0	0	0	0	0	0	0	48	0	0	0	0	0	0	0	0	0	28	0	0	0	0	15	0	0	0	0	49	0	0	0	0	71	0	0	0	290	0
LFQ	108	0	0	0	0	0	0	0	0	0	0	0	0	52	0	0	0	0	0	0	0	0	0	27	0	0	0	0	24	0	0	0	0	42	0	0	0	0	79	0	0	0	277	0
LFQ	109	0	0	0	0	0	0	0	0	0	0	0	0	47	0	0	0	0	0	0	0	0	0	36	0	0	0	0	11	0	0	0	0	42	0	0	0	0	86	0	0	0	279	0
LFQ	110	0	0	3	0	0	0	0	0	0	0	0	0	56	0	0	0	0	0	0	0	0	0	27	0	0	0	0	19	0	0	0	0	41	0	0	0	0	89	0	0	0	266	0
LFQ	111	0	0	0	0	0	0	0	0	0	0	0	0	53	0	0	0	0	0	0	0	0	0	34	0	0	0	0	26	0	0	0	0	38	0	0	0	0	81	0	0	0	269	0
LFQ	112	0	0	0	0	0	0	0	0	0	0	0	0	50	0	0	0	0	0	0	0	0	0	32	0	0	0	0	17	0	0	0	0	43	0	0	0	0	97	0	0	0	262	0
LFQ	113	0	0	0	0	0	0	0	0	0	0	0	0	50	0	0	0	0	0	0	0	0	0	34	0	0	0	0	26	0	0	0	0	44	0	0	0	0	87	0	0	0	260	0
LFQ	114	0	0	0	0	0	0	0	0	0	0	0	0	44	0	0	0	0	0	0	0	0	0	41	0	0	0	0	23	0	0	0	0	45	0	0	0	0	85	0	0	0	263	0
LFQ	115	0	0	0	0	0	0	0	0	0	0	0	0	49	0	0	0	0	0	0	0	0	0	35	0	0	0	0	15	0	0	0	0	33	0	0	0	0	102	0	0	0	266	0
LFQ	116	0	0	0	0	0	0	0	0	0	0	0	0	57	0	0	0	0	0	0	0	0	0	30	0	0	0	0	27	0	0	0	0	46	0	0	0	0	88	0	0	0	252	0
LFQ	117	0	0	0	0	0	0	0	0	0	0	0	0	47	0	0	0	0	0	0	0	0	0	42	0	0	0	0	23	0	0	0	0	46	0	0	0	0	94	0	0	0	248	0
LFQ	118	0	0	0	0	0	0	0	0	0	0	0	0	55	0	0	0	0	0	0	0	0	0	34	0	0	0	0	26	0	0	0	0	36	0	0	0	0	97	0	0	0	252	0
LFQ	119	0	0	0	0	0	0	0	0	0	0	0	0	59	0	0	0	0	0	0	0	0	0	32	0	0	0	0	33	0	0	0	0	30	0	0	0	0	103	0	0	0	243	0
LFQ	120	0	0	0	0	0	0	0	0	0	0	0	0	62	0	0	0	0	0	0	0	0	0	34	0	0	0	0	26	0	0	0	0	35	0	0	0	0	90	0	0	0	253	0
LFQ	121	0	0	0	0	0	0	0	0	0	0	0	0	59	0	0	0	0	0	0	0	0	0	30	0	0	0	0	27	0	0	0	0	35	0	0	0	0	102	0	0	0	245	0
LFQ	122	0	0	0	0	0	0	0	0	0	0	0	0	71	0	0	0	0	0	0	0	0	0	28	0	0	0	0	27	0	0	0	0	36	0	0	0	0	101	0	0	0	235	0
LFQ	123	0	0	0	0	0	0	0	0	0	0	0	0	64	0	0	0	0	0	0	0	0	0	22	0	0	0	0	25	0	0	0	0	39	0	0	0	0	95	0	0	0	251	0
LFQ	124	0	0	0	0	0	0	0	0	2	0	0	0	57	0	0	0	0	0	0	0	0	0	23	0	0	0	0	16	0	0	0	0	38	0	0	0	0	102	0	0	0	258	0
LFQ	125	0	0	0	0	0	0	0	0	3	0	0	0	56	0	0	0	0	0	0	0	0	0	22	0	0	0	0	28	0	0	0	0	31	0	0	0	0	111	0	0	0	243	0
LFQ	126	0	0	0	0	0	0	0	0	10	0	0	0	68	0	0	0	0	0	0	0	0	0	19	0	0	0	0	25	0	0	0	0	36	0	0	0	0	94	0	0	0	241	0
LFQ	127	0	0	0	0	0	0	0	0	4	0	0	0	53	0	0	0	0	0	0	0	0	0	20	0	0	0	0	27	0	0	0	0	47	0	0	0	0	102	0	0	0	240	0
LFQ	128	0	0	0	0	0	0	0	0	1	0	0	0	63	0	0	0	0	0	0	0	0	0	24	0	0	0	0	27	0	0	0	0	42	0	0	0	0	91	0	0	0	245	0
LFQ	129	0	0	0	0	0	0	0	0	8	0	0	0	61	0	0	0	0	0	0	0	0	0	22	0	0	0	0	24	0	0	0	0	46	0	0	0	0	94	0	0	0	238	0
LFQ	130	0	0	0	0	0	0	0	0	17	0	0	0	50	0	0	0	0	0	0	0	0	0	22	0	0	0	0	25	0	0	0	0	49	0	0	0	0	101	0	0	0	226	0
LFQ	131	0	0	0	0	0	0	0	0	23	0	0	0	52	0	0	0	0	0	0	0	0	0	29	0	0	0	0	20	0	0	0	0	61	0	0	0	0	78	0	0	0	227	0
LFQ	132	0	0	0	0	0	0	0	0	21	0	0	0	41	0	0	0	0	0	0	0	0	0	26	0	0	0	0	33	0	0	0	0	54	0	0	0	0	85	0	0	0	229	0
LFQ	133	0	0	0	0	0	0	0	0	18	0	0	0	47	0	0	0	0	0	0	0	0	0	23	0	0	0	0	12	0	0	0	0	51	0	0	0	0	95	0	0	0	242	0
LFQ	134	0	0	0	0	0	0	0	0	22	0	0	0	39	0	0	0	0	0	0	0	0	0	20	0	0	0	0	29	0	0	0	0	66	0	0	0	0	70	0	0	0	240	0
LFQ	135	0	0	0	0	0	0	0	0	27	0	0	0	43	0	0	0	0	0	0	0	0	0	30	0	0	0	0	21	0	0	0	0	56	0	0	0	0	80	0	0	0	229	0
LFQ	136	0	0	0	0	0	0	0	0	29	0	0	0	51	0	0	0	0	0	0	0	0	0	33	0	0	0	0	21	0	0	0	0	62	0	0	0	0	84	0	0	0	206	0
LFQ	137	0	0	0	0	0	0	0	0	26	0	0	0	43	0	0	0	0	0	0	0	0	0	31	0	0	0	0	24	0	0	0	0	61	0	0	0	0	76	0	0	0	225	0
LFQ	138	0	0	0	0	0	0	0	0	26	0	0	0	43	0	0	0	0	0	0	0	0	0	32	0	0	0	0	29	0	0	0	0	62	0	0	0	0	75	0	0	0	217	0
LFQ	139	0	0	0	0	0	0	0	0	26	0	0	0	49	0	0	0	0	0	0	0	0	0	29	0	0	0	0	24	0	0	0	0	57	0	0	0	0	85	0	0	0	213	0
LFQ	140	0	0	0	0	0	0	0	0	26	0	0	0	35	0	0	0	0	0	0	0	0	0	26	0	0	0	0	42	0	0	0	0	50	0	0	0	0	100	0	0	0	203	0
LFQ	141	0	0	0	0	0	0	0	0	21	0	0	0	42	0	0	0	0	0	0	0	0	0	24	0	0	0	0	40	0	0	0	0	58	0	0	0	0	76	0	0	0	221	0
LFQ	142	0	0	0	0	0	0	0	0	19	0	0	0	53	0	0	0	0	0	0	0	0	0	29	0	0	0	0	42	0	0	0	0	71	0	0	0	0	71	0	0	0	195	0
LFQ	143	0	0	0	0	0	0	0	0	24	0	0	0	47	0	0	0	0	0	0	0	0	0	36	0	0	0	0	40	0	0	0	0	53	0	0	0	0	82	0	0	0	198	0
LFQ	144	0	0	0	0	0	0	0	0	25	0	0	0	51	0	0	0	0	0	0	0	0	0	36	0	0	0	0	35	0	0	0	0	65	0	0	0	0	71	0	0	0	195	0
LFQ	145	0	0	0	0	0	0	0	0	18	0	0	0	49	0	0	0	0	0	0	0	0	0	33	0	0	0	0	37	0	0	0	0	68	0	0	0	0	70	0	0	0	199	0
LFQ	146	0	0	0	0	0	0	0	0	21	0	0	0	46	0	0	0	0	0	0	0	0	0	28	0	0	0	0	38	0	0	0	0	61	0	0	0	0	86	0	0	0	191	0
LFQ	147	0	0	0	0	0	0	0	0	21	0	0	0	45	0	0	0	0	0	0	0	0	0	38	0	0	0	0	39	0	0	0	0	69	0	0	0	0	62	0	0	0	192	0
LFQ	148	0	0	0	0	0	0	0	0	12	0	0	0	49	0	0	0	0	0	0	0	0	0	29	0	0	0	0	49	0	0	0	0	60	0	0	0	0	75	0	0	0	188	0
LFQ	149	0	0	0	0	0	0	0	0	10	0	0	0	45	0	0	0	0	0	0	0	0	0	25	0	0	0	0	36	0	0	0	0	71	0	0	0	0	86	0	0	0	177	0
LFQ	150	0	0	0	0	0	0	0	0	6	0	0	0	22	0	0	0	0	0	0	0	0	0	31	0	0	0	0	50	0	0	0	0	54	0	0	0	0	83	0	0	0	178	0
LFQ	151	0	0	0	0	0	0	0	0	0	0	0	0	0	0	0	0	0	0	0	0	0	0	47	0	0	0	0	44	0	0	0	0	66	0	0	0	0	74	0	0	0	113	0
# GC Content of first fragments. Use `grep ^GCF | cut -f 2-` to extract this part.
GCF	9.05	0
GCF	18.59	2
GCF	19.35	1
GCF	20.60	0
GCF	22.36	1
GCF	23.37	4
GCF	23.87	2
GCF	24.37	5
GCF	24.87	3
GCF	25.38	4
GCF	25.88	3
GCF	26.63	2
GCF	27.39	4
GCF	27.89	6
GCF	28.39	7
GCF	29.15	9
GCF	29.90	8
GCF	30.40	7
GCF	31.16	5
GCF	31.91	3
GCF	32.41	6
GCF	32.91	9
GCF	33.42	8
GCF	33.92	10
GCF	34.42	7
GCF	34.92	13
GCF	35.43	11
GCF	35.93	12
GCF	36.43	11
GCF	36.93	7
GCF	37.44	6
GCF	37.94	11
GCF	38.44	8
GCF	38.94	10
GCF	39.45	6
GCF	39.95	8
GCF	40.45	10
GCF	40.95	8
GCF	41.71	6
GCF	42.46	5
GCF	42.96	13
GCF	43.47	12
GCF	43.97	11
GCF	44.47	1
GCF	44.97	11
GCF	45.98	4
GCF	46.98	7
GCF	47.49	8
GCF	47.99	7
GCF	48.49	5
GCF	48.99	3
GCF	49.50	6
GCF	50.50	7
GCF	51.51	11
GCF	52.01	10
GCF	52.51	8
GCF	53.02	4
GCF	53.52	2
GCF	54.52	3
GCF	55.53	0
GCF	56.03	2
GCF	56.53	1
GCF	57.04	7
GCF	57.54	5
GCF	58.29	10
GCF	59.05	9
GCF	59.55	3
GCF	60.05	7
GCF	60.55	5
GCF	61.06	12
GCF	61.81	8
GCF	62.56	6
GCF	63.07	14
GCF	63.57	7
GCF	64.07	12
GCF	64.57	13
GCF	65.08	10
GCF	65.58	11
GCF	66.33	4
GCF	67.09	6
GCF	67.59	5
GCF	68.34	10
GCF	69.10	3
GCF	69.60	5
GCF	70.10	4
GCF	70.60	3
GCF	71.11	5
GCF	71.61	2
GCF	72.36	1
GCF	73.12	2
GCF	73.62	3
GCF	74.12	0
GCF	74.87	1
GCF	76.63	0
GCF	78.14	1
GCF	79.15	0
GCF	80.15	1
GCF	80.65	0
GCF	81.16	1
GCF	81.66	0
GCF	82.16	1
# GC Content of last fragments. Use `grep ^GCL | cut -f 2-` to extract this part.
GCL	7.04	0
GCL	14.32	1
GCL	15.33	0
GCL	16.58	1
GCL	18.09	0
GCL	19.60	1
GCL	21.11	0
GCL	22.36	3
GCL	22.86	2
GCL	23.37	5
GCL	23.87	1
GCL	24.62	5
GCL	25.38	2
GCL	25.88	4
GCL	26.38	2
GCL	26.88	4
GCL	27.39	6
GCL	27.89	3
GCL	28.39	4
GCL	28.89	6
GCL	29.40	8
GCL	30.15	6
GCL	30.90	5
GCL	31.41	4
GCL	31.91	8
GCL	32.41	14
GCL	32.91	11
GCL	33.42	8
GCL	34.17	9
GCL	34.92	8
GCL	35.43	10
GCL	35.93	19
GCL	36.43	9
GCL	36.93	12
GCL	37.44	11
GCL	37.94	12
GCL	38.44	10
GCL	38.94	5
GCL	39.45	6
GCL	39.95	12
GCL	40.45	5
GCL	41.21	4
GCL	41.96	5
GCL	42.46	9
GCL	42.96	12
GCL	43.47	2
GCL	43.97	3
GCL	44.47	9
GCL	44.97	11
GCL	45.48	3
GCL	45.98	1
GCL	46.48	9
GCL	46.98	1
GCL	47.49	7
GCL	47.99	6
GCL	48.49	5
GCL	48.99	4
GCL	49.75	3
GCL	50.50	4
GCL	51.26	5
GCL	52.01	2
GCL	52.76	5
GCL	53.77	4
GCL	54.52	1
GCL	55.03	3
GCL	55.53	5
GCL	56.03	7
GCL	56.53	5
GCL	57.04	4
GCL	57.54	7
GCL	58.29	5
GCL	59.05	3
GCL	59.80	5
GCL	60.55	7
GCL	61.06	10
GCL	61.56	8
GCL	62.06	1
GCL	62.56	5
GCL	63.07	7
GCL	63.57	9
GCL	64.07	7
GCL	64.82	6
GCL	65.58	9
GCL	66.33	6
GCL	67.09	7
GCL	67.59	4
GCL	68.34	5
GCL	69.10	2
GCL	69.60	3
GCL	70.35	8
GCL	71.11	6
GCL	71.86	4
GCL	72.61	7
GCL	73.12	8
GCL	73.62	5
GCL	74.12	1
GCL	74.62	4
GCL	75.38	1
GCL	76.13	2
GCL	77.64	0
GCL	79.15	2
GCL	79.65	1
GCL	80.65	0
GCL	81.91	1
GCL	82.66	0
GCL	84.17	1
GCL	85.68	2
GCL	87.94	0
GCL	90.20	1
GCL	90.70	0
GCL	91.46	2
GCL	92.96	0
GCL	94.47	1
GCL	95.98	0
GCL	97.49	1
# ACGT content per cycle. Use `grep ^GCC | cut -f 2-` to extract this part. The columns are: cycle; A,C,G,T base counts as a percentage of all A/C/G/T bases [%]; and N and O counts as a percentage of all A/C/G/T bases [%]
GCC	1	23.09	26.91	32.83	17.17	0.80	0.00
GCC	2	25.80	22.51	24.60	27.09	0.00	0.00
GCC	3	26.00	27.19	23.71	23.11	0.00	0.00
GCC	4	28.78	24.70	22.11	24.40	0.00	0.00
GCC	5	27.29	22.61	25.20	24.90	0.00	0.00
GCC	6	29.18	20.42	26.49	23.90	0.00	0.00
GCC	7	27.39	22.71	24.90	25.00	0.00	0.00
GCC	8	27.49	22.41	23.80	26.29	0.00	0.00
GCC	9	22.31	26.99	23.41	27.29	0.00	0.00
GCC	10	27.89	22.91	22.31	26.89	0.00	0.00
GCC	11	27.59	24.40	25.40	22.61	0.00	0.00
GCC	12	25.30	26.00	24.80	23.90	0.00	0.00
GCC	13	24.70	23.41	25.30	26.59	0.00	0.00
GCC	14	26.79	23.41	24.20	25.60	0.00	0.00
GCC	15	23.11	25.10	24.00	27.79	0.00	0.00
GCC	16	28.78	21.91	22.61	26.69	0.00	0.00
GCC	17	27.09	24.60	25.00	23.31	0.00	0.00
GCC	18	26.99	23.11	22.81	27.09	0.00	0.00
GCC	19	28.19	22.61	23.41	25.80	0.00	0.00
GCC	20	26.79	22.81	26.20	24.20	0.00	0.00
GCC	21	25.90	24.60	25.10	24.40	0.00	0.00
GCC	22	26.29	23.11	25.30	25.30	0.00	0.00
GCC	23	26.00	21.02	24.10	28.88	0.00	0.00
GCC	24	26.89	25.50	22.41	25.20	0.00	0.00
GCC	25	27.99	22.71	24.20	25.10	0.00	0.00
GCC	26	28.39	24.90	22.21	24.50	0.00	0.00
GCC	27	29.00	22.20	22.80	26.00	0.40	0.00
GCC	28	25.15	21.16	26.25	27.45	0.20	0.00
GCC	29	27.09	25.50	21.81	25.60	0.00	0.00
GCC	30	28.19	23.01	22.41	26.39	0.00	0.00
GCC	31	25.70	24.40	25.20	24.70	0.00	0.00
GCC	32	28.19	25.30	24.50	22.01	0.00	0.00
GCC	33	28.29	23.90	24.40	23.41	0.00	0.00
GCC	34	26.79	24.10	21.61	27.49	0.00	0.00
GCC	35	26.59	22.11	25.60	25.70	0.00	0.00
GCC	36	25.85	25.05	22.85	26.25	0.20	0.00
GCC	37	23.80	23.61	27.89	24.70	0.00	0.00
GCC	38	27.69	25.20	23.41	23.71	0.00	0.00
GCC	39	26.49	25.80	26.20	21.51	0.00	0.00
GCC	40	25.10	25.10	24.60	25.20	0.00	0.00
GCC	41	23.51	24.50	24.60	27.39	0.00	0.00
GCC	42	26.69	23.51	24.40	25.40	0.00	0.00
GCC	43	26.99	25.30	22.81	24.90	0.00	0.00
GCC	44	24.18	22.28	24.88	28.67	0.30	0.00
GCC	45	27.99	25.90	23.31	22.81	0.00	0.00
GCC	46	24.70	24.10	23.80	27.39	0.00	0.00
GCC	47	25.40	24.60	24.10	25.90	0.40	0.00
GCC	48	25.40	24.00	24.80	25.80	0.00	0.00
GCC	49	30.21	24.43	22.03	23.33	0.10	0.00
GCC	50	28.69	22.31	23.41	25.60	0.00	0.00
GCC	51	26.99	23.71	23.61	25.70	0.00	0.00
GCC	52	27.99	21.41	25.00	25.60	0.00	0.00
GCC	53	25.80	23.01	26.39	24.80	0.00	0.00
GCC	54	22.81	25.00	26.99	25.20	0.00	0.00
GCC	55	26.10	24.80	23.41	25.70	0.00	0.00
GCC	56	28.29	23.11	21.61	26.99	0.00	0.00
GCC	57	26.29	23.90	22.31	27.49	0.00	0.00
GCC	58	25.70	24.70	26.89	22.71	0.00	0.00
GCC	59	30.58	21.71	25.30	22.41	0.00	0.00
GCC	60	25.50	21.91	27.29	25.30	0.00	0.00
GCC	61	26.69	25.20	25.10	23.01	0.00	0.00
GCC	62	25.50	25.70	24.00	24.80	0.00	0.00
GCC	63	26.10	23.51	22.41	27.99	0.00	0.00
GCC	64	26.79	23.01	24.30	25.90	0.00	0.00
GCC	65	25.30	24.90	23.11	26.69	0.00	0.00
GCC	66	26.99	23.61	23.51	25.90	0.00	0.00
GCC	67	30.68	20.32	24.40	24.60	0.00	0.00
GCC	68	27.69	24.20	21.61	26.49	0.00	0.00
GCC	69	28.29	22.01	23.01	26.69	0.00	0.00
GCC	70	26.20	26.79	22.21	24.80	0.00	0.00
GCC	71	25.10	21.71	24.40	28.78	0.00	0.00
GCC	72	25.40	22.21	25.70	26.69	0.00	0.00
GCC	73	24.50	22.11	26.79	26.59	0.00	0.00
GCC	74	25.30	25.00	22.61	27.09	0.00	0.00
GCC	75	29.48	22.71	23.01	24.80	0.00	0.00
GCC	76	27.09	22.11	25.00	25.80	0.00	0.00
GCC	77	24.60	26.49	24.40	24.50	0.00	0.00
GCC	78	26.00	23.90	24.60	25.50	0.00	0.00
GCC	79	26.99	26.69	22.91	23.41	0.00	0.00
GCC	80	29.28	20.82	22.41	27.49	0.00	0.00
GCC	81	24.70	26.29	23.71	25.30	0.00	0.00
GCC	82	24.90	23.21	26.29	25.60	0.00	0.00
GCC	83	28.29	21.91	26.10	23.71	0.00	0.00
GCC	84	28.39	22.91	24.20	24.50	0.00	0.00
GCC	85	27.29	23.90	23.90	24.90	0.00	0.00
GCC	86	27.89	23.80	23.41	24.90	0.00	0.00
GCC	87	25.30	23.51	25.00	26.20	0.00	0.00
GCC	88	25.50	24.80	23.61	26.10	0.00	0.00
GCC	89	23.90	26.10	26.79	23.21	0.00	0.00
GCC	90	25.70	23.01	23.71	27.59	0.00	0.00
GCC	91	26.79	20.22	27.69	25.30	0.00	0.00
GCC	92	26.20	23.41	23.21	27.19	0.00	0.00
GCC	93	27.89	25.00	21.81	25.30	0.00	0.00
GCC	94	26.00	24.10	24.90	25.00	0.00	0.00
GCC	95	23.61	25.60	24.60	26.20	0.00	0.00
GCC	96	24.40	24.50	23.41	27.69	0.00	0.00
GCC	97	24.80	22.31	28.19	24.70	0.00	0.00
GCC	98	27.19	25.60	24.20	23.01	0.00	0.00
GCC	99	26.99	24.60	24.20	24.20	0.00	0.00
GCC	100	23.11	24.50	23.31	29.08	0.00	0.00
GCC	101	26.39	21.91	23.51	28.19	0.00	0.00
GCC	102	27.59	24.10	24.20	24.10	0.00	0.00
GCC	103	23.51	24.10	26.79	25.60	0.00	0.00
GCC	104	27.09	23.90	21.81	27.19	0.00	0.00
GCC	105	25.70	26.00	24.20	24.10	0.00	0.00
GCC	106	26.12	22.73	24.33	26.82	0.00	0.00
GCC	107	24.53	26.22	24.03	25.22	0.00	0.00
GCC	108	27.02	22.23	25.92	24.83	0.00	0.00
GCC	109	27.82	26.62	23.23	22.33	0.00	0.00
GCC	110	24.40	23.80	24.60	27.20	0.30	0.00
GCC	111	27.32	23.53	24.43	24.73	0.00	0.00
GCC	112	25.92	24.43	22.83	26.82	0.00	0.00
GCC	113	28.74	21.66	26.35	23.25	0.00	0.00
GCC	114	26.67	23.28	23.68	26.37	0.00	0.00
GCC	115	23.80	24.00	27.30	24.90	0.00	0.00
GCC	116	27.60	25.60	21.70	25.10	0.00	0.00
GCC	117	27.30	23.60	23.20	25.90	0.00	0.00
GCC	118	25.90	22.10	26.10	25.90	0.00	0.00
GCC	119	27.30	23.70	22.30	26.70	0.00	0.00
GCC	120	27.30	23.30	24.40	25.00	0.00	0.00
GCC	121	26.25	24.55	23.75	25.45	0.00	0.00
GCC	122	24.05	24.55	26.25	25.15	0.00	0.00
GCC	123	24.80	25.70	25.50	24.00	0.00	0.00
GCC	124	28.21	22.09	25.40	24.30	0.00	0.00
GCC	125	25.75	24.35	26.06	23.84	0.00	0.00
GCC	126	24.27	23.46	24.57	27.69	0.00	0.00
GCC	127	27.72	22.48	24.90	24.90	0.00	0.00
GCC	128	25.81	22.48	24.80	26.92	0.00	0.00
GCC	129	25.10	23.89	24.09	26.92	0.00	0.00
GCC	130	25.08	24.06	23.66	27.20	0.00	0.00
GCC	131	26.39	25.99	21.13	26.49	0.00	0.00
GCC	132	26.92	23.89	24.60	24.60	0.00	0.00
GCC	133	25.46	24.95	25.05	24.54	0.00	0.00
GCC	134	24.39	25.20	23.68	26.73	0.00	0.00
GCC	135	23.37	25.30	26.93	24.39	0.00	0.00
GCC	136	27.74	20.22	25.20	26.83	0.00	0.00
GCC	137	27.44	25.71	23.98	22.87	0.00	0.00
GCC	138	26.48	20.88	23.83	28.82	0.00	0.00
GCC	139	25.69	24.16	24.97	25.18	0.00	0.00
GCC	140	26.15	25.03	21.96	26.86	0.00	0.00
GCC	141	26.28	22.19	25.15	26.38	0.00	0.00
GCC	142	26.84	23.98	23.87	25.31	0.00	0.00
GCC	143	24.39	24.08	24.28	27.25	0.00	0.00
GCC	144	28.50	22.12	25.72	23.66	0.00	0.00
GCC	145	26.78	25.54	23.16	24.51	0.00	0.00
GCC	146	28.48	23.39	22.25	25.88	0.21	0.00
GCC	147	25.08	23.20	23.51	28.21	0.00	0.00
GCC	148	27.55	21.35	25.13	25.97	0.00	0.00
GCC	149	24.36	24.46	24.46	26.72	0.00	0.00
GCC	150	24.80	24.58	21.56	29.05	0.00	0.00
GCC	151	25.68	23.47	26.99	23.86	0.00	0.00
# ACGT content per cycle, read oriented. Use `grep ^GCT | cut -f 2-` to extract this part. The columns are: cycle; A,C,G,T base counts as a percentage of all A/C/G/T bases [%]
GCT	1	22.29	26.61	33.13	17.97
GCT	2	28.29	22.01	25.10	24.60
GCT	3	27.49	27.89	23.01	21.61
GCT	4	29.28	24.00	22.81	23.90
GCT	5	29.68	22.01	25.80	22.51
GCT	6	29.08	18.92	27.99	24.00
GCT	7	24.10	23.41	24.20	28.29
GCT	8	27.59	23.31	22.91	26.20
GCT	9	22.21	26.69	23.71	27.39
GCT	10	26.89	22.71	22.51	27.89
GCT	11	28.59	24.60	25.20	21.61
GCT	12	26.20	26.10	24.70	23.01
GCT	13	25.40	24.30	24.40	25.90
GCT	14	27.79	24.20	23.41	24.60
GCT	15	23.90	24.90	24.20	26.99
GCT	16	29.18	22.31	22.21	26.29
GCT	17	27.09	24.60	25.00	23.31
GCT	18	28.78	23.90	22.01	25.30
GCT	19	29.48	23.11	22.91	24.50
GCT	20	26.59	24.00	25.00	24.40
GCT	21	26.10	25.00	24.70	24.20
GCT	22	24.00	23.01	25.40	27.59
GCT	23	25.60	21.61	23.51	29.28
GCT	24	27.99	26.20	21.71	24.10
GCT	25	27.39	21.71	25.20	25.70
GCT	26	26.89	25.00	22.11	26.00
GCT	27	28.60	22.50	22.50	26.40
GCT	28	27.54	21.06	26.35	25.05
GCT	29	26.49	25.30	22.01	26.20
GCT	30	27.69	22.71	22.71	26.89
GCT	31	25.70	23.61	26.00	24.70
GCT	32	27.89	25.20	24.60	22.31
GCT	33	28.19	23.01	25.30	23.51
GCT	34	27.09	23.21	22.51	27.19
GCT	35	24.80	22.31	25.40	27.49
GCT	36	24.95	25.65	22.26	27.15
GCT	37	26.10	23.11	28.39	22.41
GCT	38	27.59	25.50	23.11	23.80
GCT	39	25.30	25.80	26.20	22.71
GCT	40	25.10	26.49	23.21	25.20
GCT	41	24.10	24.90	24.20	26.79
GCT	42	26.29	23.51	24.40	25.80
GCT	43	26.00	24.90	23.21	25.90
GCT	44	25.37	22.18	24.98	27.47
GCT	45	26.10	25.20	24.00	24.70
GCT	46	25.50	23.51	24.40	26.59
GCT	47	24.60	24.40	24.30	26.70
GCT	48	23.21	23.80	25.00	27.99
GCT	49	30.11	23.93	22.53	23.43
GCT	50	27.99	24.00	21.71	26.29
GCT	51	27.09	23.41	23.90	25.60
GCT	52	26.59	22.61	23.80	26.99
GCT	53	26.49	22.91	26.49	24.10
GCT	54	23.61	23.61	28.39	24.40
GCT	55	25.10	24.20	24.00	26.69
GCT	56	28.09	22.11	22.61	27.19
GCT	57	26.59	23.61	22.61	27.19
GCT	58	25.20	25.00	26.59	23.21
GCT	59	28.98	21.91	25.10	24.00
GCT	60	25.90	22.71	26.49	24.90
GCT	61	26.59	25.50	24.80	23.11
GCT	62	25.00	24.60	25.10	25.30
GCT	63	26.39	24.00	21.91	27.69
GCT	64	26.69	22.51	24.80	26.00
GCT	65	25.70	25.70	22.31	26.29
GCT	66	26.39	24.20	22.91	26.49
GCT	67	29.48	21.51	23.21	25.80
GCT	68	26.20	24.30	21.51	27.99
GCT	69	27.59	22.71	22.31	27.39
GCT	70	26.69	27.29	21.71	24.30
GCT	71	26.89	22.31	23.80	26.99
GCT	72	26.39	22.41	25.50	25.70
GCT	73	25.10	23.31	25.60	26.00
GCT	74	28.29	25.00	22.61	24.10
GCT	75	29.18	21.41	24.30	25.10
GCT	76	26.79	22.81	24.30	26.10
GCT	77	23.31	26.00	24.90	25.80
GCT	78	26.00	23.71	24.80	25.50
GCT	79	25.40	25.90	23.71	25.00
GCT	80	29.58	21.12	22.11	27.19
GCT	81	26.59	26.20	23.80	23.41
GCT	82	24.00	23.90	25.60	26.49
GCT	83	28.19	21.61	26.39	23.80
GCT	84	26.99	22.51	24.60	25.90
GCT	85	27.49	22.51	25.30	24.70
GCT	86	27.19	23.90	23.31	25.60
GCT	87	26.49	23.90	24.60	25.00
GCT	88	24.40	24.90	23.51	27.19
GCT	89	23.51	26.69	26.20	23.61
GCT	90	26.20	23.71	23.01	27.09
GCT	91	26.79	20.02	27.89	25.30
GCT	92	25.60	24.00	22.61	27.79
GCT	93	27.39	25.10	21.71	25.80
GCT	94	26.39	23.71	25.30	24.60
GCT	95	24.90	24.90	25.30	24.90
GCT	96	24.50	24.40	23.51	27.59
GCT	97	26.00	22.71	27.79	23.51
GCT	98	27.09	24.90	24.90	23.11
GCT	99	27.19	24.80	24.00	24.00
GCT	100	24.80	25.20	22.61	27.39
GCT	101	27.79	21.71	23.71	26.79
GCT	102	27.49	23.80	24.50	24.20
GCT	103	25.20	24.60	26.29	23.90
GCT	104	27.09	23.51	22.21	27.19
GCT	105	26.20	26.69	23.51	23.61
GCT	106	27.12	24.13	22.93	25.82
GCT	107	24.23	25.32	24.93	25.52
GCT	108	25.82	22.83	25.32	26.02
GCT	109	27.52	26.32	23.53	22.63
GCT	110	24.20	24.10	24.30	27.40
GCT	111	27.02	23.83	24.13	25.02
GCT	112	26.52	24.63	22.63	26.22
GCT	113	27.64	21.96	26.05	24.35
GCT	114	26.47	23.68	23.28	26.57
GCT	115	23.50	24.90	26.40	25.20
GCT	116	25.90	25.50	21.80	26.80
GCT	117	26.10	23.20	23.60	27.10
GCT	118	25.60	22.60	25.60	26.20
GCT	119	27.70	22.50	23.50	26.30
GCT	120	27.10	23.50	24.20	25.20
GCT	121	25.75	25.25	23.05	25.95
GCT	122	25.45	24.55	26.25	23.75
GCT	123	24.90	26.00	25.20	23.90
GCT	124	27.21	21.49	26.00	25.30
GCT	125	26.56	24.14	26.26	23.04
GCT	126	23.56	24.37	23.67	28.40
GCT	127	27.72	22.28	25.10	24.90
GCT	128	25.50	23.19	24.09	27.22
GCT	129	24.60	24.40	23.59	27.42
GCT	130	26.19	25.18	22.55	26.09
GCT	131	25.28	25.68	21.44	27.60
GCT	132	25.10	23.28	25.20	26.42
GCT	133	26.98	24.85	25.15	23.02
GCT	134	23.68	24.70	24.19	27.44
GCT	135	22.36	25.10	27.13	25.41
GCT	136	26.42	20.33	25.10	28.15
GCT	137	25.61	25.91	23.78	24.70
GCT	138	26.07	21.08	23.63	29.23
GCT	139	25.89	23.55	25.59	24.97
GCT	140	25.74	24.62	22.37	27.27
GCT	141	26.48	23.82	23.52	26.18
GCT	142	27.56	23.57	24.28	24.59
GCT	143	27.15	23.26	25.10	24.49
GCT	144	25.93	21.50	26.34	26.23
GCT	145	25.75	24.82	23.89	25.54
GCT	146	27.75	23.70	21.93	26.61
GCT	147	26.33	22.68	24.03	26.96
GCT	148	26.60	20.93	25.55	26.92
GCT	149	24.46	23.93	25.00	26.61
GCT	150	24.47	23.35	22.79	29.39
GCT	151	26.08	23.47	26.99	23.47
# ACGT content per cycle for first fragments. Use `grep ^FBC | cut -f 2-` to extract this part. The columns are: cycle; A,C,G,T base counts as a percentage of all A/C/G/T bases [%]; and N and O counts as a percentage of all A/C/G/T bases [%]
FBC	1	20.64	26.05	33.27	20.04	0.60	0.00
FBC	2	24.90	20.72	24.70	29.68	0.00	0.00
FBC	3	26.10	25.10	26.89	21.91	0.00	0.00
FBC	4	29.08	26.49	21.12	23.31	0.00	0.00
FBC	5	25.70	23.71	27.49	23.11	0.00	0.00
FBC	6	28.88	20.92	27.49	22.71	0.00	0.00
FBC	7	24.90	23.31	25.70	26.10	0.00	0.00
FBC	8	24.30	20.52	25.50	29.68	0.00	0.00
FBC	9	20.52	26.10	23.31	30.08	0.00	0.00
FBC	10	28.88	21.51	21.31	28.29	0.00	0.00
FBC	11	26.10	27.29	23.31	23.31	0.00	0.00
FBC	12	25.50	23.71	29.68	21.12	0.00	0.00
FBC	13	23.71	21.51	26.49	28.29	0.00	0.00
FBC	14	26.10	22.51	25.10	26.29	0.00	0.00
FBC	15	23.51	25.90	25.50	25.10	0.00	0.00
FBC	16	28.88	21.91	21.91	27.29	0.00	0.00
FBC	17	26.49	25.30	23.90	24.30	0.00	0.00
FBC	18	28.09	22.11	21.51	28.29	0.00	0.00
FBC	19	26.49	21.71	25.10	26.69	0.00	0.00
FBC	20	26.89	22.11	25.30	25.70	0.00	0.00
FBC	21	26.10	25.70	25.50	22.71	0.00	0.00
FBC	22	24.10	22.31	27.89	25.70	0.00	0.00
FBC	23	23.90	22.51	22.11	31.47	0.00	0.00
FBC	24	29.68	23.31	22.71	24.30	0.00	0.00
FBC	25	29.28	22.11	22.91	25.70	0.00	0.00
FBC	26	26.89	25.30	22.31	25.50	0.00	0.00
FBC	27	28.60	24.00	22.40	25.00	0.40	0.00
FBC	28	25.20	20.60	24.80	29.40	0.40	0.00
FBC	29	28.09	23.51	21.12	27.29	0.00	0.00
FBC	30	26.89	22.51	25.70	24.90	0.00	0.00
FBC	31	24.30	27.09	23.51	25.10	0.00	0.00
FBC	32	28.69	23.31	26.69	21.31	0.00	0.00
FBC	33	28.29	23.71	24.70	23.31	0.00	0.00
FBC	34	25.70	24.70	21.12	28.49	0.00	0.00
FBC	35	27.29	21.91	23.31	27.49	0.00	0.00
FBC	36	27.00	23.20	25.00	24.80	0.40	0.00
FBC	37	21.71	22.71	29.08	26.49	0.00	0.00
FBC	38	27.49	25.90	24.10	22.51	0.00	0.00
FBC	39	28.69	23.11	26.49	21.71	0.00	0.00
FBC	40	24.10	23.11	28.29	24.50	0.00	0.00
FBC	41	23.51	24.30	24.90	27.29	0.00	0.00
FBC	42	25.90	21.71	26.29	26.10	0.00	0.00
FBC	43	25.50	25.30	22.91	26.29	0.00	0.00
FBC	44	24.25	22.24	24.65	28.86	0.60	0.00
FBC	45	31.47	24.10	21.71	22.71	0.00	0.00
FBC	46	20.92	23.31	24.50	31.27	0.00	0.00
FBC	47	27.91	25.10	20.48	26.51	0.80	0.00
FBC	48	27.69	23.90	22.11	26.29	0.00	0.00
FBC	49	30.14	25.35	21.16	23.35	0.20	0.00
FBC	50	27.69	20.92	24.30	27.09	0.00	0.00
FBC	51	26.69	22.51	24.10	26.69	0.00	0.00
FBC	52	26.29	20.72	23.71	29.28	0.00	0.00
FBC	53	24.50	22.31	26.69	26.49	0.00	0.00
FBC	54	23.51	22.31	29.08	25.10	0.00	0.00
FBC	55	26.29	22.51	23.71	27.49	0.00	0.00
FBC	56	27.09	23.51	22.51	26.89	0.00	0.00
FBC	57	26.49	25.30	21.12	27.09	0.00	0.00
FBC	58	26.69	21.31	26.69	25.30	0.00	0.00
FBC	59	30.08	22.11	23.11	24.70	0.00	0.00
FBC	60	24.30	19.92	27.69	28.09	0.00	0.00
FBC	61	28.88	24.50	25.50	21.12	0.00	0.00
FBC	62	24.90	26.69	21.71	26.69	0.00	0.00
FBC	63	28.49	21.31	23.11	27.09	0.00	0.00
FBC	64	27.89	22.31	24.10	25.70	0.00	0.00
FBC	65	22.91	25.10	23.31	28.69	0.00	0.00
FBC	66	26.89	23.71	23.51	25.90	0.00	0.00
FBC	67	33.27	19.12	23.11	24.50	0.00	0.00
FBC	68	27.69	22.71	22.31	27.29	0.00	0.00
FBC	69	29.48	21.31	23.90	25.30	0.00	0.00
FBC	70	25.90	27.09	22.51	24.50	0.00	0.00
FBC	71	24.30	22.51	23.11	30.08	0.00	0.00
FBC	72	26.49	20.52	25.50	27.49	0.00	0.00
FBC	73	24.50	22.71	24.90	27.89	0.00	0.00
FBC	74	23.71	23.90	22.71	29.68	0.00	0.00
FBC	75	27.49	22.11	25.10	25.30	0.00	0.00
FBC	76	27.69	19.52	25.90	26.89	0.00	0.00
FBC	77	25.30	26.49	23.11	25.10	0.00	0.00
FBC	78	27.69	21.91	23.90	26.49	0.00	0.00
FBC	79	25.50	25.90	23.31	25.30	0.00	0.00
FBC	80	28.29	20.32	23.51	27.89	0.00	0.00
FBC	81	22.51	26.29	25.50	25.70	0.00	0.00
FBC	82	23.90	21.91	25.90	28.29	0.00	0.00
FBC	83	28.49	20.12	27.89	23.51	0.00	0.00
FBC	84	27.89	23.11	25.30	23.71	0.00	0.00
FBC	85	28.88	22.91	23.51	24.70	0.00	0.00
FBC	86	28.88	22.11	23.11	25.90	0.00	0.00
FBC	87	22.71	23.71	26.69	26.89	0.00	0.00
FBC	88	25.90	22.91	24.90	26.29	0.00	0.00
FBC	89	22.31	26.29	27.89	23.51	0.00	0.00
FBC	90	24.70	23.31	20.72	31.27	0.00	0.00
FBC	91	27.89	18.33	27.29	26.49	0.00	0.00
FBC	92	25.30	21.91	24.90	27.89	0.00	0.00
FBC	93	29.48	22.91	23.71	23.90	0.00	0.00
FBC	94	25.70	23.31	26.29	24.70	0.00	0.00
FBC	95	22.31	25.50	22.71	29.48	0.00	0.00
FBC	96	24.10	23.90	24.70	27.29	0.00	0.00
FBC	97	26.10	21.12	27.09	25.70	0.00	0.00
FBC	98	26.69	24.50	25.70	23.11	0.00	0.00
FBC	99	24.50	24.30	24.70	26.49	0.00	0.00
FBC	100	22.11	23.11	22.71	32.07	0.00	0.00
FBC	101	24.50	22.31	24.30	28.88	0.00	0.00
FBC	102	29.28	21.91	24.90	23.90	0.00	0.00
FBC	103	21.91	24.50	28.49	25.10	0.00	0.00
FBC	104	30.28	21.51	23.71	24.50	0.00	0.00
FBC	105	25.90	23.90	23.90	26.29	0.00	0.00
FBC	106	24.90	24.50	24.70	25.90	0.00	0.00
FBC	107	24.90	28.09	22.71	24.30	0.00	0.00
FBC	108	26.89	23.11	24.30	25.70	0.00	0.00
FBC	109	28.69	28.49	18.92	23.90	0.00	0.00
FBC	110	24.90	24.30	24.30	26.49	0.00	0.00
FBC	111	26.10	22.91	26.10	24.90	0.00	0.00
FBC	112	22.71	24.70	23.31	29.28	0.00	0.00
FBC	113	30.74	21.16	27.94	20.16	0.00	0.00
FBC	114	28.40	22.00	24.80	24.80	0.00	0.00
FBC	115	24.40	24.00	25.40	26.20	0.00	0.00
FBC	116	27.60	26.60	21.80	24.00	0.00	0.00
FBC	117	26.40	23.80	24.60	25.20	0.00	0.00
FBC	118	26.40	18.40	26.20	29.00	0.00	0.00
FBC	119	27.80	24.20	20.60	27.40	0.00	0.00
FBC	120	26.60	23.40	25.80	24.20	0.00	0.00
FBC	121	26.40	22.80	25.00	25.80	0.00	0.00
FBC	122	24.00	27.80	24.60	23.60	0.00	0.00
FBC	123	24.00	25.60	26.80	23.60	0.00	0.00
FBC	124	26.40	24.00	25.40	24.20	0.00	0.00
FBC	125	25.20	24.20	23.80	26.80	0.00	0.00
FBC	126	25.60	23.00	26.40	25.00	0.00	0.00
FBC	127	27.25	21.84	24.05	26.85	0.00	0.00
FBC	128	25.85	21.24	24.05	28.86	0.00	0.00
FBC	129	24.85	24.45	22.04	28.66	0.00	0.00
FBC	130	23.45	23.85	24.85	27.86	0.00	0.00
FBC	131	26.25	26.25	20.84	26.65	0.00	0.00
FBC	132	25.05	23.05	26.05	25.85	0.00	0.00
FBC	133	23.69	25.30	25.50	25.50	0.00	0.00
FBC	134	25.30	24.70	22.89	27.11	0.00	0.00
FBC	135	23.29	23.29	28.51	24.90	0.00	0.00
FBC	136	27.71	20.08	24.50	27.71	0.00	0.00
FBC	137	26.91	25.90	25.50	21.69	0.00	0.00
FBC	138	26.10	19.68	27.71	26.51	0.00	0.00
FBC	139	26.31	23.29	24.70	25.70	0.00	0.00
FBC	140	27.16	24.55	21.93	26.36	0.00	0.00
FBC	141	28.83	22.98	24.40	23.79	0.00	0.00
FBC	142	24.60	23.19	23.39	28.83	0.00	0.00
FBC	143	24.40	22.98	25.40	27.22	0.00	0.00
FBC	144	27.94	21.86	26.92	23.28	0.00	0.00
FBC	145	26.98	25.56	22.92	24.54	0.00	0.00
FBC	146	29.33	22.40	21.38	26.88	0.41	0.00
FBC	147	24.64	23.22	24.64	27.49	0.00	0.00
FBC	148	25.97	20.65	25.77	27.61	0.00	0.00
FBC	149	22.20	24.90	25.10	27.80	0.00	0.00
FBC	150	22.93	26.54	22.72	27.81	0.00	0.00
FBC	151	25.30	24.11	27.90	22.70	0.00	0.00
# ACGT raw counters for first fragments. Use `grep ^FTC | cut -f 2-` to extract this part. The columns are: A,C,G,T,N base counters
FTC	19731	17631	18517	19628	19
# ACGT content per cycle for last fragments. Use `grep ^LBC | cut -f 2-` to extract this part. The columns are: cycle; A,C,G,T base counts as a percentage of all A/C/G/T bases [%]; and N and O counts as a percentage of all A/C/G/T bases [%]
LBC	1	25.55	27.77	32.39	14.29	1.01	0.00
LBC	2	26.69	24.30	24.50	24.50	0.00	0.00
LBC	3	25.90	29.28	20.52	24.30	0.00	0.00
LBC	4	28.49	22.91	23.11	25.50	0.00	0.00
LBC	5	28.88	21.51	22.91	26.69	0.00	0.00
LBC	6	29.48	19.92	25.50	25.10	0.00	0.00
LBC	7	29.88	22.11	24.10	23.90	0.00	0.00
LBC	8	30.68	24.30	22.11	22.91	0.00	0.00
LBC	9	24.10	27.89	23.51	24.50	0.00	0.00
LBC	10	26.89	24.30	23.31	25.50	0.00	0.00
LBC	11	29.08	21.51	27.49	21.91	0.00	0.00
LBC	12	25.10	28.29	19.92	26.69	0.00	0.00
LBC	13	25.70	25.30	24.10	24.90	0.00	0.00
LBC	14	27.49	24.30	23.31	24.90	0.00	0.00
LBC	15	22.71	24.30	22.51	30.48	0.00	0.00
LBC	16	28.69	21.91	23.31	26.10	0.00	0.00
LBC	17	27.69	23.90	26.10	22.31	0.00	0.00
LBC	18	25.90	24.10	24.10	25.90	0.00	0.00
LBC	19	29.88	23.51	21.71	24.90	0.00	0.00
LBC	20	26.69	23.51	27.09	22.71	0.00	0.00
LBC	21	25.70	23.51	24.70	26.10	0.00	0.00
LBC	22	28.49	23.90	22.71	24.90	0.00	0.00
LBC	23	28.09	19.52	26.10	26.29	0.00	0.00
LBC	24	24.10	27.69	22.11	26.10	0.00	0.00
LBC	25	26.69	23.31	25.50	24.50	0.00	0.00
LBC	26	29.88	24.50	22.11	23.51	0.00	0.00
LBC	27	29.40	20.40	23.20	27.00	0.40	0.00
LBC	28	25.10	21.71	27.69	25.50	0.00	0.00
LBC	29	26.10	27.49	22.51	23.90	0.00	0.00
LBC	30	29.48	23.51	19.12	27.89	0.00	0.00
LBC	31	27.09	21.71	26.89	24.30	0.00	0.00
LBC	32	27.69	27.29	22.31	22.71	0.00	0.00
LBC	33	28.29	24.10	24.10	23.51	0.00	0.00
LBC	34	27.89	23.51	22.11	26.49	0.00	0.00
LBC	35	25.90	22.31	27.89	23.90	0.00	0.00
LBC	36	24.70	26.89	20.72	27.69	0.00	0.00
LBC	37	25.90	24.50	26.69	22.91	0.00	0.00
LBC	38	27.89	24.50	22.71	24.90	0.00	0.00
LBC	39	24.30	28.49	25.90	21.31	0.00	0.00
LBC	40	26.10	27.09	20.92	25.90	0.00	0.00
LBC	41	23.51	24.70	24.30	27.49	0.00	0.00
LBC	42	27.49	25.30	22.51	24.70	0.00	0.00
LBC	43	28.49	25.30	22.71	23.51	0.00	0.00
LBC	44	24.10	22.31	25.10	28.49	0.00	0.00
LBC	45	24.50	27.69	24.90	22.91	0.00	0.00
LBC	46	28.49	24.90	23.11	23.51	0.00	0.00
LBC	47	22.91	24.10	27.69	25.30	0.00	0.00
LBC	48	23.11	24.10	27.49	25.30	0.00	0.00
LBC	49	30.28	23.51	22.91	23.31	0.00	0.00
LBC	50	29.68	23.71	22.51	24.10	0.00	0.00
LBC	51	27.29	24.90	23.11	24.70	0.00	0.00
LBC	52	29.68	22.11	26.29	21.91	0.00	0.00
LBC	53	27.09	23.71	26.10	23.11	0.00	0.00
LBC	54	22.11	27.69	24.90	25.30	0.00	0.00
LBC	55	25.90	27.09	23.11	23.90	0.00	0.00
LBC	56	29.48	22.71	20.72	27.09	0.00	0.00
LBC	57	26.10	22.51	23.51	27.89	0.00	0.00
LBC	58	24.70	28.09	27.09	20.12	0.00	0.00
LBC	59	31.08	21.31	27.49	20.12	0.00	0.00
LBC	60	26.69	23.90	26.89	22.51	0.00	0.00
LBC	61	24.50	25.90	24.70	24.90	0.00	0.00
LBC	62	26.10	24.70	26.29	22.91	0.00	0.00
LBC	63	23.71	25.70	21.71	28.88	0.00	0.00
LBC	64	25.70	23.71	24.50	26.10	0.00	0.00
LBC	65	27.69	24.70	22.91	24.70	0.00	0.00
LBC	66	27.09	23.51	23.51	25.90	0.00	0.00
LBC	67	28.09	21.51	25.70	24.70	0.00	0.00
LBC	68	27.69	25.70	20.92	25.70	0.00	0.00
LBC	69	27.09	22.71	22.11	28.09	0.00	0.00
LBC	70	26.49	26.49	21.91	25.10	0.00	0.00
LBC	71	25.90	20.92	25.70	27.49	0.00	0.00
LBC	72	24.30	23.90	25.90	25.90	0.00	0.00
LBC	73	24.50	21.51	28.69	25.30	0.00	0.00
LBC	74	26.89	26.10	22.51	24.50	0.00	0.00
LBC	75	31.47	23.31	20.92	24.30	0.00	0.00
LBC	76	26.49	24.70	24.10	24.70	0.00	0.00
LBC	77	23.90	26.49	25.70	23.90	0.00	0.00
LBC	78	24.30	25.90	25.30	24.50	0.00	0.00
LBC	79	28.49	27.49	22.51	21.51	0.00	0.00
LBC	80	30.28	21.31	21.31	27.09	0.00	0.00
LBC	81	26.89	26.29	21.91	24.90	0.00	0.00
LBC	82	25.90	24.50	26.69	22.91	0.00	0.00
LBC	83	28.09	23.71	24.30	23.90	0.00	0.00
LBC	84	28.88	22.71	23.11	25.30	0.00	0.00
LBC	85	25.70	24.90	24.30	25.10	0.00	0.00
LBC	86	26.89	25.50	23.71	23.90	0.00	0.00
LBC	87	27.89	23.31	23.31	25.50	0.00	0.00
LBC	88	25.10	26.69	22.31	25.90	0.00	0.00
LBC	89	25.50	25.90	25.70	22.91	0.00	0.00
LBC	90	26.69	22.71	26.69	23.90	0.00	0.00
LBC	91	25.70	22.11	28.09	24.10	0.00	0.00
LBC	92	27.09	24.90	21.51	26.49	0.00	0.00
LBC	93	26.29	27.09	19.92	26.69	0.00	0.00
LBC	94	26.29	24.90	23.51	25.30	0.00	0.00
LBC	95	24.90	25.70	26.49	22.91	0.00	0.00
LBC	96	24.70	25.10	22.11	28.09	0.00	0.00
LBC	97	23.51	23.51	29.28	23.71	0.00	0.00
LBC	98	27.69	26.69	22.71	22.91	0.00	0.00
LBC	99	29.48	24.90	23.71	21.91	0.00	0.00
LBC	100	24.10	25.90	23.90	26.10	0.00	0.00
LBC	101	28.29	21.51	22.71	27.49	0.00	0.00
LBC	102	25.90	26.29	23.51	24.30	0.00	0.00
LBC	103	25.10	23.71	25.10	26.10	0.00	0.00
LBC	104	23.90	26.29	19.92	29.88	0.00	0.00
LBC	105	25.50	28.09	24.50	21.91	0.00	0.00
LBC	106	27.35	20.96	23.95	27.74	0.00	0.00
LBC	107	24.15	24.35	25.35	26.15	0.00	0.00
LBC	108	27.15	21.36	27.54	23.95	0.00	0.00
LBC	109	26.95	24.75	27.54	20.76	0.00	0.00
LBC	110	23.90	23.29	24.90	27.91	0.60	0.00
LBC	111	28.54	24.15	22.75	24.55	0.00	0.00
LBC	112	29.14	24.15	22.36	24.35	0.00	0.00
LBC	113	26.75	22.16	24.75	26.35	0.00	0.00
LBC	114	24.95	24.55	22.55	27.94	0.00	0.00
LBC	115	23.20	24.00	29.20	23.60	0.00	0.00
LBC	116	27.60	24.60	21.60	26.20	0.00	0.00
LBC	117	28.20	23.40	21.80	26.60	0.00	0.00
LBC	118	25.40	25.80	26.00	22.80	0.00	0.00
LBC	119	26.80	23.20	24.00	26.00	0.00	0.00
LBC	120	28.00	23.20	23.00	25.80	0.00	0.00
LBC	121	26.10	26.31	22.49	25.10	0.00	0.00
LBC	122	24.10	21.29	27.91	26.71	0.00	0.00
LBC	123	25.60	25.81	24.19	24.40	0.00	0.00
LBC	124	30.04	20.16	25.40	24.40	0.00	0.00
LBC	125	26.32	24.49	28.34	20.85	0.00	0.00
LBC	126	22.92	23.94	22.72	30.43	0.00	0.00
LBC	127	28.19	23.12	25.76	22.92	0.00	0.00
LBC	128	25.76	23.73	25.56	24.95	0.00	0.00
LBC	129	25.35	23.33	26.17	25.15	0.00	0.00
LBC	130	26.73	24.29	22.45	26.53	0.00	0.00
LBC	131	26.53	25.71	21.43	26.33	0.00	0.00
LBC	132	28.83	24.74	23.11	23.31	0.00	0.00
LBC	133	27.25	24.59	24.59	23.57	0.00	0.00
LBC	134	23.46	25.72	24.49	26.34	0.00	0.00
LBC	135	23.46	27.37	25.31	23.87	0.00	0.00
LBC	136	27.78	20.37	25.93	25.93	0.00	0.00
LBC	137	27.98	25.51	22.43	24.07	0.00	0.00
LBC	138	26.86	22.11	19.83	31.20	0.00	0.00
LBC	139	25.05	25.05	25.26	24.64	0.00	0.00
LBC	140	25.10	25.52	21.99	27.39	0.00	0.00
LBC	141	23.65	21.37	25.93	29.05	0.00	0.00
LBC	142	29.17	24.79	24.38	21.67	0.00	0.00
LBC	143	24.38	25.21	23.12	27.29	0.00	0.00
LBC	144	29.08	22.38	24.48	24.06	0.00	0.00
LBC	145	26.58	25.53	23.42	24.47	0.00	0.00
LBC	146	27.60	24.42	23.14	24.84	0.00	0.00
LBC	147	25.54	23.18	22.32	28.97	0.00	0.00
LBC	148	29.22	22.08	24.46	24.24	0.00	0.00
LBC	149	26.67	24.00	23.78	25.56	0.00	0.00
LBC	150	26.89	22.41	20.28	30.42	0.00	0.00
LBC	151	26.16	22.67	25.87	25.29	0.00	0.00
# ACGT raw counters for last fragments. Use `grep ^LTC | cut -f 2-` to extract this part. The columns are: A,C,G,T,N base counters
LTC	19974	18214	18085	18751	10
# Insert sizes. Use `grep ^IS | cut -f 2-` to extract this part. The columns are: insert size, pairs total, inward oriented pairs, outward oriented pairs, other pairs
IS	0	0	0	0	0
IS	1	0	0	0	0
IS	2	0	0	0	0
IS	3	0	0	0	0
IS	4	0	0	0	0
IS	5	0	0	0	0
IS	6	0	0	0	0
IS	7	0	0	0	0
IS	8	0	0	0	0
IS	9	0	0	0	0
IS	10	0	0	0	0
IS	11	0	0	0	0
IS	12	0	0	0	0
IS	13	0	0	0	0
IS	14	0	0	0	0
IS	15	0	0	0	0
IS	16	0	0	0	0
IS	17	0	0	0	0
IS	18	0	0	0	0
IS	19	0	0	0	0
IS	20	0	0	0	0
IS	21	0	0	0	0
IS	22	0	0	0	0
IS	23	0	0	0	0
IS	24	0	0	0	0
IS	25	0	0	0	0
IS	26	0	0	0	0
IS	27	0	0	0	0
IS	28	0	0	0	0
IS	29	0	0	0	0
IS	30	0	0	0	0
IS	31	0	0	0	0
IS	32	0	0	0	0
IS	33	0	0	0	0
IS	34	0	0	0	0
IS	35	0	0	0	0
IS	36	0	0	0	0
IS	37	0	0	0	0
IS	38	0	0	0	0
IS	39	0	0	0	0
IS	40	0	0	0	0
IS	41	0	0	0	0
IS	42	0	0	0	0
IS	43	0	0	0	0
IS	44	0	0	0	0
IS	45	0	0	0	0
IS	46	0	0	0	0
IS	47	0	0	0	0
IS	48	0	0	0	0
IS	49	0	0	0	0
IS	50	0	0	0	0
IS	51	0	0	0	0
IS	52	0	0	0	0
IS	53	0	0	0	0
IS	54	0	0	0	0
IS	55	0	0	0	0
IS	56	0	0	0	0
IS	57	0	0	0	0
IS	58	0	0	0	0
IS	59	0	0	0	0
IS	60	0	0	0	0
IS	61	0	0	0	0
IS	62	0	0	0	0
IS	63	0	0	0	0
IS	64	0	0	0	0
IS	65	0	0	0	0
IS	66	0	0	0	0
IS	67	0	0	0	0
IS	68	0	0	0	0
IS	69	0	0	0	0
IS	70	0	0	0	0
IS	71	0	0	0	0
IS	72	0	0	0	0
IS	73	0	0	0	0
IS	74	0	0	0	0
IS	75	0	0	0	0
IS	76	0	0	0	0
IS	77	0	0	0	0
IS	78	0	0	0	0
IS	79	0	0	0	0
IS	80	0	0	0	0
IS	81	0	0	0	0
IS	82	0	0	0	0
IS	83	0	0	0	0
IS	84	0	0	0	0
IS	85	0	0	0	0
IS	86	0	0	0	0
IS	87	0	0	0	0
IS	88	0	0	0	0
IS	89	0	0	0	0
IS	90	0	0	0	0
IS	91	0	0	0	0
IS	92	0	0	0	0
IS	93	0	0	0	0
IS	94	0	0	0	0
IS	95	0	0	0	0
IS	96	0	0	0	0
IS	97	0	0	0	0
IS	98	0	0	0	0
IS	99	0	0	0	0
IS	100	0	0	0	0
IS	101	0	0	0	0
IS	102	0	0	0	0
IS	103	0	0	0	0
IS	104	0	0	0	0
IS	105	0	0	0	0
IS	106	0	0	0	0
IS	107	0	0	0	0
IS	108	0	0	0	0
IS	109	0	0	0	0
IS	110	0	0	0	0
IS	111	0	0	0	0
IS	112	0	0	0	0
IS	113	0	0	0	0
IS	114	0	0	0	0
IS	115	0	0	0	0
IS	116	0	0	0	0
IS	117	0	0	0	0
IS	118	0	0	0	0
IS	119	0	0	0	0
IS	120	0	0	0	0
IS	121	0	0	0	0
IS	122	0	0	0	0
IS	123	0	0	0	0
IS	124	0	0	0	0
IS	125	0	0	0	0
IS	126	0	0	0	0
IS	127	0	0	0	0
IS	128	0	0	0	0
IS	129	0	0	0	0
IS	130	0	0	0	0
IS	131	0	0	0	0
IS	132	0	0	0	0
IS	133	0	0	0	0
IS	134	0	0	0	0
IS	135	0	0	0	0
IS	136	0	0	0	0
IS	137	0	0	0	0
IS	138	0	0	0	0
IS	139	0	0	0	0
IS	140	0	0	0	0
IS	141	0	0	0	0
IS	142	0	0	0	0
IS	143	0	0	0	0
IS	144	0	0	0	0
IS	145	0	0	0	0
IS	146	0	0	0	0
IS	147	0	0	0	0
IS	148	0	0	0	0
IS	149	0	0	0	0
IS	150	0	0	0	0
IS	151	0	0	0	0
IS	152	0	0	0	0
IS	153	0	0	0	0
IS	154	0	0	0	0
IS	155	0	0	0	0
IS	156	0	0	0	0
IS	157	0	0	0	0
IS	158	0	0	0	0
IS	159	0	0	0	0
IS	160	0	0	0	0
IS	161	0	0	0	0
IS	162	0	0	0	0
IS	163	0	0	0	0
IS	164	0	0	0	0
IS	165	0	0	0	0
IS	166	0	0	0	0
IS	167	0	0	0	0
IS	168	0	0	0	0
IS	169	0	0	0	0
IS	170	1	1	0	0
IS	171	0	0	0	0
IS	172	0	0	0	0
IS	173	0	0	0	0
IS	174	0	0	0	0
IS	175	0	0	0	0
IS	176	0	0	0	0
IS	177	0	0	0	0
IS	178	0	0	0	0
IS	179	0	0	0	0
IS	180	0	0	0	0
IS	181	0	0	0	0
IS	182	0	0	0	0
IS	183	0	0	0	0
IS	184	0	0	0	0
IS	185	0	0	0	0
IS	186	0	0	0	0
IS	187	1	1	0	0
IS	188	0	0	0	0
IS	189	0	0	0	0
IS	190	0	0	0	0
IS	191	0	0	0	0
IS	192	0	0	0	0
IS	193	0	0	0	0
IS	194	0	0	0	0
IS	195	0	0	0	0
IS	196	0	0	0	0
IS	197	0	0	0	0
IS	198	1	1	0	0
IS	199	0	0	0	0
IS	200	0	0	0	0
IS	201	0	0	0	0
IS	202	0	0	0	0
IS	203	2	2	0	0
IS	204	0	0	0	0
IS	205	0	0	0	0
IS	206	0	0	0	0
IS	207	2	2	0	0
IS	208	0	0	0	0
IS	209	0	0	0	0
IS	210	1	1	0	0
IS	211	2	2	0	0
IS	212	0	0	0	0
IS	213	1	1	0	0
IS	214	0	0	0	0
IS	215	1	1	0	0
IS	216	0	0	0	0
IS	217	0	0	0	0
IS	218	0	0	0	0
IS	219	0	0	0	0
IS	220	0	0	0	0
IS	221	0	0	0	0
IS	222	0	0	0	0
IS	223	0	0	0	0
IS	224	0	0	0	0
IS	225	0	0	0	0
IS	226	0	0	0	0
IS	227	0	0	0	0
IS	228	0	0	0	0
IS	229	0	0	0	0
IS	230	0	0	0	0
IS	231	0	0	0	0
IS	232	0	0	0	0
IS	233	1	1	0	0
IS	234	0	0	0	0
IS	235	1	1	0	0
IS	236	0	0	0	0
IS	237	1	1	0	0
IS	238	0	0	0	0
IS	239	0	0	0	0
IS	240	0	0	0	0
IS	241	0	0	0	0
IS	242	0	0	0	0
IS	243	0	0	0	0
IS	244	0	0	0	0
IS	245	2	2	0	0
IS	246	0	0	0	0
IS	247	0	0	0	0
IS	248	0	0	0	0
IS	249	0	0	0	0
IS	250	0	0	0	0
IS	251	0	0	0	0
IS	252	0	0	0	0
IS	253	1	1	0	0
IS	254	0	0	0	0
IS	255	0	0	0	0
IS	256	0	0	0	0
IS	257	1	1	0	0
IS	258	0	0	0	0
IS	259	0	0	0	0
IS	260	1	1	0	0
IS	261	0	0	0	0
IS	262	1	1	0	0
IS	263	0	0	0	0
IS	264	0	0	0	0
IS	265	1	1	0	0
IS	266	0	0	0	0
IS	267	1	1	0	0
IS	268	1	1	0	0
IS	269	0	0	0	0
IS	270	1	1	0	0
IS	271	0	0	0	0
IS	272	1	1	0	0
IS	273	0	0	0	0
IS	274	0	0	0	0
IS	275	2	2	0	0
IS	276	0	0	0	0
IS	277	1	1	0	0
IS	278	0	0	0	0
IS	279	0	0	0	0
IS	280	0	0	0	0
IS	281	1	1	0	0
IS	282	0	0	0	0
IS	283	0	0	0	0
IS	284	1	1	0	0
IS	285	0	0	0	0
IS	286	0	0	0	0
IS	287	0	0	0	0
IS	288	0	0	0	0
IS	289	0	0	0	0
IS	290	1	1	0	0
IS	291	1	1	0	0
IS	292	2	2	0	0
IS	293	0	0	0	0
IS	294	0	0	0	0
IS	295	0	0	0	0
IS	296	0	0	0	0
IS	297	0	0	0	0
IS	298	0	0	0	0
IS	299	0	0	0	0
IS	300	1	1	0	0
IS	301	0	0	0	0
IS	302	0	0	0	0
IS	303	2	2	0	0
IS	304	0	0	0	0
IS	305	0	0	0	0
IS	306	0	0	0	0
IS	307	0	0	0	0
IS	308	0	0	0	0
IS	309	2	2	0	0
IS	310	2	2	0	0
IS	311	1	1	0	0
IS	312	1	1	0	0
IS	313	0	0	0	0
IS	314	0	0	0	0
IS	315	2	2	0	0
IS	316	1	1	0	0
IS	317	0	0	0	0
IS	318	1	1	0	0
IS	319	2	2	0	0
IS	320	0	0	0	0
IS	321	0	0	0	0
IS	322	0	0	0	0
IS	323	0	0	0	0
IS	324	2	2	0	0
IS	325	0	0	0	0
IS	326	0	0	0	0
IS	327	2	2	0	0
IS	328	1	1	0	0
IS	329	0	0	0	0
IS	330	0	0	0	0
IS	331	1	1	0	0
IS	332	0	0	0	0
IS	333	0	0	0	0
IS	334	0	0	0	0
IS	335	1	1	0	0
IS	336	0	0	0	0
IS	337	1	1	0	0
IS	338	0	0	0	0
IS	339	0	0	0	0
IS	340	0	0	0	0
IS	341	1	1	0	0
IS	342	0	0	0	0
IS	343	2	2	0	0
IS	344	0	0	0	0
IS	345	1	1	0	0
IS	346	3	3	0	0
IS	347	0	0	0	0
IS	348	0	0	0	0
IS	349	0	0	0	0
IS	350	0	0	0	0
IS	351	1	1	0	0
IS	352	0	0	0	0
IS	353	0	0	0	0
IS	354	5	5	0	0
IS	355	0	0	0	0
IS	356	0	0	0	0
IS	357	1	1	0	0
IS	358	0	0	0	0
IS	359	0	0	0	0
IS	360	0	0	0	0
IS	361	3	3	0	0
IS	362	0	0	0	0
IS	363	2	2	0	0
IS	364	1	1	0	0
IS	365	1	1	0	0
IS	366	0	0	0	0
IS	367	0	0	0	0
IS	368	1	1	0	0
IS	369	2	2	0	0
IS	370	0	0	0	0
IS	371	0	0	0	0
IS	372	1	1	0	0
IS	373	0	0	0	0
IS	374	0	0	0	0
IS	375	0	0	0	0
IS	376	1	1	0	0
IS	377	1	1	0	0
IS	378	0	0	0	0
IS	379	4	4	0	0
IS	380	0	0	0	0
IS	381	0	0	0	0
IS	382	1	1	0	0
IS	383	3	3	0	0
IS	384	2	2	0	0
IS	385	1	1	0	0
IS	386	1	1	0	0
IS	387	0	0	0	0
IS	388	0	0	0	0
IS	389	0	0	0	0
IS	390	1	1	0	0
IS	391	1	1	0	0
IS	392	1	1	0	0
IS	393	0	0	0	0
IS	394	0	0	0	0
IS	395	0	0	0	0
IS	396	1	1	0	0
IS	397	1	1	0	0
IS	398	1	1	0	0
IS	399	0	0	0	0
IS	400	1	1	0	0
IS	401	2	2	0	0
IS	402	0	0	0	0
IS	403	0	0	0	0
IS	404	1	1	0	0
IS	405	0	0	0	0
IS	406	1	1	0	0
IS	407	0	0	0	0
IS	408	0	0	0	0
IS	409	1	1	0	0
IS	410	0	0	0	0
IS	411	0	0	0	0
IS	412	1	1	0	0
IS	413	0	0	0	0
IS	414	0	0	0	0
IS	415	0	0	0	0
IS	416	0	0	0	0
IS	417	1	1	0	0
IS	418	0	0	0	0
IS	419	1	1	0	0
IS	420	0	0	0	0
IS	421	0	0	0	0
IS	422	1	1	0	0
IS	423	2	2	0	0
IS	424	0	0	0	0
IS	425	0	0	0	0
IS	426	1	1	0	0
IS	427	1	1	0	0
IS	428	2	2	0	0
IS	429	0	0	0	0
IS	430	0	0	0	0
IS	431	1	1	0	0
IS	432	0	0	0	0
IS	433	1	1	0	0
IS	434	0	0	0	0
IS	435	1	1	0	0
IS	436	0	0	0	0
IS	437	1	1	0	0
IS	438	2	2	0	0
IS	439	0	0	0	0
IS	440	0	0	0	0
IS	441	3	3	0	0
IS	442	0	0	0	0
IS	443	0	0	0	0
IS	444	2	2	0	0
IS	445	0	0	0	0
IS	446	0	0	0	0
IS	447	1	1	0	0
IS	448	1	1	0	0
IS	449	0	0	0	0
IS	450	0	0	0	0
IS	451	0	0	0	0
IS	452	0	0	0	0
IS	453	2	2	0	0
IS	454	0	0	0	0
IS	455	0	0	0	0
IS	456	0	0	0	0
IS	457	0	0	0	0
IS	458	1	1	0	0
IS	459	0	0	0	0
IS	460	0	0	0	0
IS	461	0	0	0	0
IS	462	0	0	0	0
IS	463	0	0	0	0
IS	464	0	0	0	0
IS	465	0	0	0	0
IS	466	0	0	0	0
IS	467	0	0	0	0
IS	468	0	0	0	0
IS	469	0	0	0	0
IS	470	1	1	0	0
IS	471	0	0	0	0
IS	472	0	0	0	0
IS	473	0	0	0	0
IS	474	0	0	0	0
IS	475	0	0	0	0
IS	476	0	0	0	0
IS	477	1	1	0	0
# Read lengths. Use `grep ^RL | cut -f 2-` to extract this part. The columns are: read length, count
RL	105	1
RL	112	1
RL	113	1
RL	114	1
RL	120	2
RL	122	2
RL	124	2
RL	125	1
RL	126	1
RL	129	3
RL	131	1
RL	132	2
RL	133	2
RL	137	2
RL	138	1
RL	139	2
RL	140	1
RL	141	2
RL	143	4
RL	144	5
RL	145	3
RL	146	7
RL	147	6
RL	148	19
RL	149	37
RL	150	128
RL	151	767
# Read lengths - first fragments. Use `grep ^FRL | cut -f 2-` to extract this part. The columns are: read length, count
FRL	112	1
FRL	113	1
FRL	126	1
FRL	132	1
FRL	139	1
FRL	140	1
FRL	143	2
FRL	144	1
FRL	146	2
FRL	147	2
FRL	148	7
FRL	149	11
FRL	150	48
FRL	151	423
# Read lengths - last fragments. Use `grep ^LRL | cut -f 2-` to extract this part. The columns are: read length, count
LRL	105	1
LRL	114	1
LRL	120	2
LRL	122	2
LRL	124	2
LRL	125	1
LRL	129	3
LRL	131	1
LRL	132	1
LRL	133	2
LRL	137	2
LRL	138	1
LRL	139	1
LRL	141	2
LRL	143	2
LRL	144	4
LRL	145	3
LRL	146	5
LRL	147	4
LRL	148	12
LRL	149	26
LRL	150	80
LRL	151	344
# Mapping qualities for reads !(UNMAP|SECOND|SUPPL|QCFAIL|DUP). Use `grep ^MAPQ | cut -f 2-` to extract this part. The columns are: mapq, count
MAPQ	0	4
MAPQ	1	9
MAPQ	3	3
MAPQ	8	18
MAPQ	23	2
MAPQ	24	12
MAPQ	40	41
MAPQ	42	194
# Indel distribution. Use `grep ^ID | cut -f 2-` to extract this part. The columns are: length, number of insertions, number of deletions
ID	1	2	2
# Indels per cycle. Use `grep ^IC | cut -f 2-` to extract this part. The columns are: cycle, number of insertions (fwd), .. (rev) , number of deletions (fwd), .. (rev)
IC	23	0	0	0	1
IC	97	0	0	1	0
IC	139	1	1	0	0
# Coverage distribution. Use `grep ^COV | cut -f 2-` to extract this part.
COV	[1-1]	1	27437
COV	[2-2]	2	6648
COV	[3-3]	3	301
COV	[4-4]	4	257
# GC-depth. Use `grep ^GCD | cut -f 2-` to extract this part. The columns are: GC%, unique sequence percentiles, 10th, 25th, 50th, 75th and 90th depth percentile
GCD	0.0	2.985	0.000	0.000	0.000	0.000	0.000
GCD	0.7	4.478	0.015	0.015	0.015	0.015	0.015
GCD	27.0	7.463	0.015	0.015	0.015	0.015	0.015
GCD	28.0	14.925	0.015	0.019	0.030	0.037	0.045
GCD	30.0	23.881	0.015	0.015	0.015	0.052	0.075
GCD	31.0	29.851	0.015	0.015	0.030	0.067	0.075
GCD	32.0	43.284	0.015	0.022	0.030	0.060	0.105
GCD	33.0	49.254	0.015	0.019	0.030	0.041	0.045
GCD	34.0	56.716	0.015	0.022	0.030	0.045	0.060
GCD	35.0	67.164	0.015	0.015	0.030	0.060	0.090
GCD	36.0	77.612	0.015	0.015	0.030	0.037	0.075
GCD	37.0	83.582	0.015	0.017	0.026	0.041	0.045
GCD	38.0	88.060	0.007	0.007	0.015	0.030	0.030
GCD	39.0	91.045	0.007	0.007	0.026	0.045	0.045
GCD	40.0	94.030	0.015	0.015	0.022	0.030	0.030
GCD	42.0	98.507	0.015	0.015	0.030	0.045	0.045
GCD	43.0	100.000	0.015	0.015	0.015	0.015	0.015
