# This file was produced by samtools stats (1.21+htslib-1.21) and can be plotted using plot-bamstats
# This file contains statistics for all reads.
# The command line was:  stats NC.Staphy2.10E_sorted.bam
# CHK, Checksum	[2]Read Names	[3]Sequences	[4]Qualities
# CHK, CRC32 of reads which passed filtering followed by addition (32bit overflow)
CHK	9c674360	b71d51e7	d2eed230
# Summary Numbers. Use `grep ^SN | cut -f 2-` to extract this part.
SN	raw total sequences:	660	# excluding supplementary and secondary reads
SN	filtered sequences:	0
SN	sequences:	660
SN	is sorted:	1
SN	1st fragments:	330
SN	last fragments:	330
SN	reads mapped:	85
SN	reads mapped and paired:	82	# paired-end technology bit set + both mates mapped
SN	reads unmapped:	575
SN	reads properly paired:	82	# proper-pair bit set
SN	reads paired:	660	# paired-end technology bit set
SN	reads duplicated:	0	# PCR or optical duplicate bit set
SN	reads MQ0:	0	# mapped and MQ=0
SN	reads QC failed:	0
SN	non-primary alignments:	0
SN	supplementary alignments:	0
SN	total length:	98266	# ignores clipping
SN	total first fragment length:	49454	# ignores clipping
SN	total last fragment length:	48812	# ignores clipping
SN	bases mapped:	12818	# ignores clipping
SN	bases mapped (cigar):	12818	# more accurate
SN	bases trimmed:	0
SN	bases duplicated:	0
SN	mismatches:	215	# from NM fields
SN	error rate:	1.677329e-02	# mismatches / bases mapped (cigar)
SN	average length:	149
SN	average first fragment length:	150
SN	average last fragment length:	148
SN	maximum length:	151
SN	maximum first fragment length:	151
SN	maximum last fragment length:	151
SN	average quality:	35.5
SN	insert size average:	393.3
SN	insert size standard deviation:	79.1
SN	inward oriented pairs:	41
SN	outward oriented pairs:	0
SN	pairs with other orientation:	0
SN	pairs on different chromosomes:	0
SN	percentage of properly paired reads (%):	12.4
# First Fragment Qualities. Use `grep ^FFQ | cut -f 2-` to extract this part.
# Columns correspond to qualities and rows to cycles. First column is the cycle number.
FFQ	1	0	0	2	0	0	0	0	0	0	0	0	0	10	0	0	0	0	0	0	0	0	0	0	0	0	0	0	9	0	0	0	0	309	0	0	0	0	0	0	0	0	0	0
FFQ	2	0	0	0	0	0	0	0	0	0	0	0	0	7	0	0	0	0	0	0	0	0	0	0	0	0	0	0	9	0	0	0	0	314	0	0	0	0	0	0	0	0	0	0
FFQ	3	0	0	0	0	0	0	0	0	0	0	0	0	12	0	0	0	0	0	0	0	0	0	0	0	0	0	0	15	0	0	0	0	59	0	0	0	0	244	0	0	0	0	0
FFQ	4	0	0	0	0	0	0	0	0	0	0	0	0	7	0	0	0	0	0	0	0	0	0	1	0	0	0	0	13	0	0	0	0	28	0	0	0	0	281	0	0	0	0	0
FFQ	5	0	0	0	0	0	0	0	0	0	0	0	0	4	0	0	0	0	0	0	0	0	0	3	0	0	0	0	4	0	0	0	0	22	0	0	0	0	297	0	0	0	0	0
FFQ	6	0	0	0	0	0	0	0	0	0	0	0	0	5	0	0	0	0	0	0	0	0	0	2	0	0	0	0	6	0	0	0	0	15	0	0	0	0	42	0	0	0	260	0
FFQ	7	0	0	0	0	0	0	0	0	0	0	0	0	3	0	0	0	0	0	0	0	0	0	1	0	0	0	0	3	0	0	0	0	15	0	0	0	0	35	0	0	0	273	0
FFQ	8	0	0	0	0	0	0	0	0	0	0	0	0	3	0	0	0	0	0	0	0	0	0	1	0	0	0	0	7	0	0	0	0	11	0	0	0	0	24	0	0	0	284	0
FFQ	9	0	0	0	0	0	0	0	0	0	0	0	0	4	0	0	0	0	0	0	0	0	0	0	0	0	0	0	4	0	0	0	0	12	0	0	0	0	33	0	0	0	277	0
FFQ	10	0	0	0	0	0	0	0	0	0	0	0	0	2	0	0	0	0	0	0	0	0	0	1	0	0	0	0	5	0	0	0	0	14	0	0	0	0	21	0	0	0	287	0
FFQ	11	0	0	0	0	0	0	0	0	0	0	0	0	2	0	0	0	0	0	0	0	0	0	1	0	0	0	0	2	0	0	0	0	14	0	0	0	0	31	0	0	0	280	0
FFQ	12	0	0	0	0	0	0	0	0	0	0	0	0	1	0	0	0	0	0	0	0	0	0	2	0	0	0	0	5	0	0	0	0	13	0	0	0	0	30	0	0	0	279	0
FFQ	13	0	0	0	0	0	0	0	0	0	0	0	0	3	0	0	0	0	0	0	0	0	0	0	0	0	0	0	5	0	0	0	0	5	0	0	0	0	31	0	0	0	286	0
FFQ	14	0	0	0	0	0	0	0	0	0	0	0	0	1	0	0	0	0	0	0	0	0	0	7	0	0	0	0	3	0	0	0	0	11	0	0	0	0	27	0	0	0	281	0
FFQ	15	0	0	0	0	0	0	0	0	0	0	0	0	3	0	0	0	0	0	0	0	0	0	2	0	0	0	0	4	0	0	0	0	7	0	0	0	0	22	0	0	0	292	0
FFQ	16	0	0	0	0	0	0	0	0	0	0	0	0	3	0	0	0	0	0	0	0	0	0	3	0	0	0	0	3	0	0	0	0	13	0	0	0	0	33	0	0	0	275	0
FFQ	17	0	0	0	0	0	0	0	0	0	0	0	0	3	0	0	0	0	0	0	0	0	0	2	0	0	0	0	3	0	0	0	0	10	0	0	0	0	21	0	0	0	291	0
FFQ	18	0	0	0	0	0	0	0	0	0	0	0	0	5	0	0	0	0	0	0	0	0	0	4	0	0	0	0	3	0	0	0	0	8	0	0	0	0	25	0	0	0	285	0
FFQ	19	0	0	0	0	0	0	0	0	0	0	0	0	6	0	0	0	0	0	0	0	0	0	3	0	0	0	0	4	0	0	0	0	8	0	0	0	0	25	0	0	0	284	0
FFQ	20	0	0	0	0	0	0	0	0	0	0	0	0	5	0	0	0	0	0	0	0	0	0	3	0	0	0	0	7	0	0	0	0	12	0	0	0	0	34	0	0	0	269	0
FFQ	21	0	0	0	0	0	0	0	0	0	0	0	0	4	0	0	0	0	0	0	0	0	0	5	0	0	0	0	5	0	0	0	0	7	0	0	0	0	32	0	0	0	277	0
FFQ	22	0	0	0	0	0	0	0	0	0	0	0	0	7	0	0	0	0	0	0	0	0	0	1	0	0	0	0	6	0	0	0	0	4	0	0	0	0	34	0	0	0	278	0
FFQ	23	0	0	0	0	0	0	0	0	0	0	0	0	3	0	0	0	0	0	0	0	0	0	4	0	0	0	0	8	0	0	0	0	7	0	0	0	0	36	0	0	0	272	0
FFQ	24	0	0	0	0	0	0	0	0	0	0	0	0	6	0	0	0	0	0	0	0	0	0	3	0	0	0	0	12	0	0	0	0	12	0	0	0	0	29	0	0	0	268	0
FFQ	25	0	0	0	0	0	0	0	0	0	0	0	0	7	0	0	0	0	0	0	0	0	0	6	0	0	0	0	6	0	0	0	0	13	0	0	0	0	27	0	0	0	271	0
FFQ	26	0	0	0	0	0	0	0	0	0	0	0	0	6	0	0	0	0	0	0	0	0	0	3	0	0	0	0	9	0	0	0	0	11	0	0	0	0	29	0	0	0	272	0
FFQ	27	0	0	1	0	0	0	0	0	0	0	0	0	5	0	0	0	0	0	0	0	0	0	4	0	0	0	0	6	0	0	0	0	5	0	0	0	0	36	0	0	0	273	0
FFQ	28	0	0	2	0	0	0	0	0	0	0	0	0	8	0	0	0	0	0	0	0	0	0	2	0	0	0	0	12	0	0	0	0	9	0	0	0	0	31	0	0	0	266	0
FFQ	29	0	0	2	0	0	0	0	0	0	0	0	0	7	0	0	0	0	0	0	0	0	0	5	0	0	0	0	7	0	0	0	0	8	0	0	0	0	38	0	0	0	263	0
FFQ	30	0	0	0	0	0	0	0	0	0	0	0	0	9	0	0	0	0	0	0	0	0	0	3	0	0	0	0	8	0	0	0	0	7	0	0	0	0	31	0	0	0	272	0
FFQ	31	0	0	0	0	0	0	0	0	0	0	0	0	9	0	0	0	0	0	0	0	0	0	4	0	0	0	0	7	0	0	0	0	11	0	0	0	0	35	0	0	0	264	0
FFQ	32	0	0	0	0	0	0	0	0	0	0	0	0	5	0	0	0	0	0	0	0	0	0	5	0	0	0	0	7	0	0	0	0	8	0	0	0	0	35	0	0	0	270	0
FFQ	33	0	0	0	0	0	0	0	0	0	0	0	0	12	0	0	0	0	0	0	0	0	0	1	0	0	0	0	11	0	0	0	0	6	0	0	0	0	35	0	0	0	265	0
FFQ	34	0	0	0	0	0	0	0	0	0	0	0	0	8	0	0	0	0	0	0	0	0	0	4	0	0	0	0	11	0	0	0	0	9	0	0	0	0	37	0	0	0	261	0
FFQ	35	0	0	0	0	0	0	0	0	0	0	0	0	10	0	0	0	0	0	0	0	0	0	2	0	0	0	0	12	0	0	0	0	11	0	0	0	0	38	0	0	0	257	0
FFQ	36	0	0	0	0	0	0	0	0	0	0	0	0	9	0	0	0	0	0	0	0	0	0	4	0	0	0	0	8	0	0	0	0	16	0	0	0	0	35	0	0	0	258	0
FFQ	37	0	0	0	0	0	0	0	0	0	0	0	0	12	0	0	0	0	0	0	0	0	0	8	0	0	0	0	5	0	0	0	0	11	0	0	0	0	39	0	0	0	255	0
FFQ	38	0	0	0	0	0	0	0	0	0	0	0	0	10	0	0	0	0	0	0	0	0	0	5	0	0	0	0	9	0	0	0	0	10	0	0	0	0	25	0	0	0	271	0
FFQ	39	0	0	2	0	0	0	0	0	0	0	0	0	15	0	0	0	0	0	0	0	0	0	6	0	0	0	0	10	0	0	0	0	11	0	0	0	0	44	0	0	0	242	0
FFQ	40	0	0	1	0	0	0	0	0	0	0	0	0	12	0	0	0	0	0	0	0	0	0	7	0	0	0	0	6	0	0	0	0	8	0	0	0	0	34	0	0	0	262	0
FFQ	41	0	0	0	0	0	0	0	0	0	0	0	0	11	0	0	0	0	0	0	0	0	0	10	0	0	0	0	12	0	0	0	0	11	0	0	0	0	26	0	0	0	260	0
FFQ	42	0	0	0	0	0	0	0	0	0	0	0	0	16	0	0	0	0	0	0	0	0	0	2	0	0	0	0	7	0	0	0	0	14	0	0	0	0	41	0	0	0	250	0
FFQ	43	0	0	0	0	0	0	0	0	0	0	0	0	12	0	0	0	0	0	0	0	0	0	10	0	0	0	0	12	0	0	0	0	6	0	0	0	0	36	0	0	0	254	0
FFQ	44	0	0	2	0	0	0	0	0	0	0	0	0	16	0	0	0	0	0	0	0	0	0	6	0	0	0	0	13	0	0	0	0	14	0	0	0	0	37	0	0	0	242	0
FFQ	45	0	0	0	0	0	0	0	0	0	0	0	0	15	0	0	0	0	0	0	0	0	0	4	0	0	0	0	13	0	0	0	0	9	0	0	0	0	31	0	0	0	258	0
FFQ	46	0	0	2	0	0	0	0	0	0	0	0	0	11	0	0	0	0	0	0	0	0	0	8	0	0	0	0	10	0	0	0	0	13	0	0	0	0	31	0	0	0	255	0
FFQ	47	0	0	0	0	0	0	0	0	0	0	0	0	15	0	0	0	0	0	0	0	0	0	10	0	0	0	0	12	0	0	0	0	14	0	0	0	0	34	0	0	0	245	0
FFQ	48	0	0	0	0	0	0	0	0	0	0	0	0	18	0	0	0	0	0	0	0	0	0	3	0	0	0	0	12	0	0	0	0	12	0	0	0	0	36	0	0	0	249	0
FFQ	49	0	0	0	0	0	0	0	0	0	0	0	0	18	0	0	0	0	0	0	0	0	0	11	0	0	0	0	6	0	0	0	0	10	0	0	0	0	37	0	0	0	248	0
FFQ	50	0	0	0	0	0	0	0	0	0	0	0	0	21	0	0	0	0	0	0	0	0	0	7	0	0	0	0	11	0	0	0	0	6	0	0	0	0	35	0	0	0	250	0
FFQ	51	0	0	0	0	0	0	0	0	0	0	0	0	14	0	0	0	0	0	0	0	0	0	5	0	0	0	0	17	0	0	0	0	11	0	0	0	0	42	0	0	0	241	0
FFQ	52	0	0	0	0	0	0	0	0	0	0	0	0	19	0	0	0	0	0	0	0	0	0	12	0	0	0	0	7	0	0	0	0	12	0	0	0	0	34	0	0	0	246	0
FFQ	53	0	0	0	0	0	0	0	0	0	0	0	0	21	0	0	0	0	0	0	0	0	0	5	0	0	0	0	9	0	0	0	0	11	0	0	0	0	40	0	0	0	244	0
FFQ	54	0	0	0	0	0	0	0	0	0	0	0	0	19	0	0	0	0	0	0	0	0	0	6	0	0	0	0	16	0	0	0	0	10	0	0	0	0	30	0	0	0	249	0
FFQ	55	0	0	0	0	0	0	0	0	0	0	0	0	17	0	0	0	0	0	0	0	0	0	7	0	0	0	0	11	0	0	0	0	18	0	0	0	0	30	0	0	0	247	0
FFQ	56	0	0	0	0	0	0	0	0	0	0	0	0	21	0	0	0	0	0	0	0	0	0	11	0	0	0	0	6	0	0	0	0	14	0	0	0	0	41	0	0	0	237	0
FFQ	57	0	0	0	0	0	0	0	0	0	0	0	0	22	0	0	0	0	0	0	0	0	0	11	0	0	0	0	8	0	0	0	0	11	0	0	0	0	38	0	0	0	240	0
FFQ	58	0	0	0	0	0	0	0	0	0	0	0	0	27	0	0	0	0	0	0	0	0	0	4	0	0	0	0	13	0	0	0	0	12	0	0	0	0	42	0	0	0	232	0
FFQ	59	0	0	0	0	0	0	0	0	0	0	0	0	16	0	0	0	0	0	0	0	0	0	15	0	0	0	0	9	0	0	0	0	8	0	0	0	0	42	0	0	0	240	0
FFQ	60	0	0	0	0	0	0	0	0	0	0	0	0	19	0	0	0	0	0	0	0	0	0	10	0	0	0	0	10	0	0	0	0	15	0	0	0	0	36	0	0	0	240	0
FFQ	61	0	0	0	0	0	0	0	0	0	0	0	0	21	0	0	0	0	0	0	0	0	0	6	0	0	0	0	13	0	0	0	0	11	0	0	0	0	37	0	0	0	242	0
FFQ	62	0	0	0	0	0	0	0	0	0	0	0	0	19	0	0	0	0	0	0	0	0	0	10	0	0	0	0	9	0	0	0	0	12	0	0	0	0	33	0	0	0	247	0
FFQ	63	0	0	0	0	0	0	0	0	0	0	0	0	26	0	0	0	0	0	0	0	0	0	3	0	0	0	0	6	0	0	0	0	23	0	0	0	0	32	0	0	0	240	0
FFQ	64	0	0	0	0	0	0	0	0	0	0	0	0	22	0	0	0	0	0	0	0	0	0	11	0	0	0	0	14	0	0	0	0	6	0	0	0	0	37	0	0	0	240	0
FFQ	65	0	0	0	0	0	0	0	0	0	0	0	0	24	0	0	0	0	0	0	0	0	0	6	0	0	0	0	21	0	0	0	0	12	0	0	0	0	31	0	0	0	236	0
FFQ	66	0	0	0	0	0	0	0	0	0	0	0	0	30	0	0	0	0	0	0	0	0	0	10	0	0	0	0	11	0	0	0	0	14	0	0	0	0	37	0	0	0	228	0
FFQ	67	0	0	0	0	0	0	0	0	0	0	0	0	33	0	0	0	0	0	0	0	0	0	11	0	0	0	0	7	0	0	0	0	15	0	0	0	0	40	0	0	0	224	0
FFQ	68	0	0	0	0	0	0	0	0	0	0	0	0	31	0	0	0	0	0	0	0	0	0	13	0	0	0	0	9	0	0	0	0	12	0	0	0	0	35	0	0	0	230	0
FFQ	69	0	0	0	0	0	0	0	0	0	0	0	0	29	0	0	0	0	0	0	0	0	0	9	0	0	0	0	16	0	0	0	0	17	0	0	0	0	32	0	0	0	227	0
FFQ	70	0	0	0	0	0	0	0	0	0	0	0	0	24	0	0	0	0	0	0	0	0	0	10	0	0	0	0	15	0	0	0	0	11	0	0	0	0	37	0	0	0	233	0
FFQ	71	0	0	0	0	0	0	0	0	0	0	0	0	27	0	0	0	0	0	0	0	0	0	12	0	0	0	0	10	0	0	0	0	14	0	0	0	0	31	0	0	0	236	0
FFQ	72	0	0	0	0	0	0	0	0	0	0	0	0	34	0	0	0	0	0	0	0	0	0	7	0	0	0	0	14	0	0	0	0	13	0	0	0	0	33	0	0	0	229	0
FFQ	73	0	0	0	0	0	0	0	0	0	0	0	0	30	0	0	0	0	0	0	0	0	0	18	0	0	0	0	11	0	0	0	0	12	0	0	0	0	36	0	0	0	223	0
FFQ	74	0	0	0	0	0	0	0	0	0	0	0	0	36	0	0	0	0	0	0	0	0	0	12	0	0	0	0	14	0	0	0	0	18	0	0	0	0	42	0	0	0	208	0
FFQ	75	0	0	0	0	0	0	0	0	0	0	0	0	29	0	0	0	0	0	0	0	0	0	13	0	0	0	0	14	0	0	0	0	20	0	0	0	0	33	0	0	0	221	0
FFQ	76	0	0	0	0	0	0	0	0	0	0	0	0	41	0	0	0	0	0	0	0	0	0	9	0	0	0	0	14	0	0	0	0	11	0	0	0	0	33	0	0	0	222	0
FFQ	77	0	0	0	0	0	0	0	0	0	0	0	0	30	0	0	0	0	0	0	0	0	0	14	0	0	0	0	17	0	0	0	0	24	0	0	0	0	64	0	0	0	181	0
FFQ	78	0	0	0	0	0	0	0	0	0	0	0	0	35	0	0	0	0	0	0	0	0	0	7	0	0	0	0	18	0	0	0	0	28	0	0	0	0	41	0	0	0	201	0
FFQ	79	0	0	0	0	0	0	0	0	0	0	0	0	35	0	0	0	0	0	0	0	0	0	15	0	0	0	0	14	0	0	0	0	13	0	0	0	0	28	0	0	0	225	0
FFQ	80	0	0	0	0	0	0	0	0	0	0	0	0	36	0	0	0	0	0	0	0	0	0	15	0	0	0	0	19	0	0	0	0	21	0	0	0	0	27	0	0	0	212	0
FFQ	81	0	0	0	0	0	0	0	0	0	0	0	0	37	0	0	0	0	0	0	0	0	0	7	0	0	0	0	18	0	0	0	0	13	0	0	0	0	31	0	0	0	224	0
FFQ	82	0	0	0	0	0	0	0	0	0	0	0	0	35	0	0	0	0	0	0	0	0	0	12	0	0	0	0	19	0	0	0	0	23	0	0	0	0	24	0	0	0	217	0
FFQ	83	0	0	0	0	0	0	0	0	0	0	0	0	37	0	0	0	0	0	0	0	0	0	16	0	0	0	0	16	0	0	0	0	15	0	0	0	0	35	0	0	0	211	0
FFQ	84	0	0	0	0	0	0	0	0	0	0	0	0	36	0	0	0	0	0	0	0	0	0	13	0	0	0	0	19	0	0	0	0	16	0	0	0	0	27	0	0	0	219	0
FFQ	85	0	0	0	0	0	0	0	0	0	0	0	0	33	0	0	0	0	0	0	0	0	0	19	0	0	0	0	12	0	0	0	0	17	0	0	0	0	24	0	0	0	225	0
FFQ	86	0	0	0	0	0	0	0	0	0	0	0	0	36	0	0	0	0	0	0	0	0	0	7	0	0	0	0	13	0	0	0	0	22	0	0	0	0	29	0	0	0	223	0
FFQ	87	0	0	0	0	0	0	0	0	0	0	0	0	35	0	0	0	0	0	0	0	0	0	13	0	0	0	0	10	0	0	0	0	13	0	0	0	0	43	0	0	0	216	0
FFQ	88	0	0	0	0	0	0	0	0	0	0	0	0	41	0	0	0	0	0	0	0	0	0	8	0	0	0	0	11	0	0	0	0	21	0	0	0	0	32	0	0	0	217	0
FFQ	89	0	0	0	0	0	0	0	0	0	0	0	0	31	0	0	0	0	0	0	0	0	0	20	0	0	0	0	10	0	0	0	0	18	0	0	0	0	43	0	0	0	208	0
FFQ	90	0	0	0	0	0	0	0	0	0	0	0	0	37	0	0	0	0	0	0	0	0	0	13	0	0	0	0	12	0	0	0	0	16	0	0	0	0	38	0	0	0	214	0
FFQ	91	0	0	0	0	0	0	0	0	0	0	0	0	36	0	0	0	0	0	0	0	0	0	16	0	0	0	0	9	0	0	0	0	24	0	0	0	0	39	0	0	0	206	0
FFQ	92	0	0	0	0	0	0	0	0	0	0	0	0	35	0	0	0	0	0	0	0	0	0	16	0	0	0	0	11	0	0	0	0	22	0	0	0	0	32	0	0	0	214	0
FFQ	93	0	0	0	0	0	0	0	0	0	0	0	0	34	0	0	0	0	0	0	0	0	0	22	0	0	0	0	5	0	0	0	0	15	0	0	0	0	41	0	0	0	213	0
FFQ	94	0	0	0	0	0	0	0	0	0	0	0	0	34	0	0	0	0	0	0	0	0	0	25	0	0	0	0	10	0	0	0	0	16	0	0	0	0	33	0	0	0	212	0
FFQ	95	0	0	0	0	0	0	0	0	0	0	0	0	34	0	0	0	0	0	0	0	0	0	22	0	0	0	0	10	0	0	0	0	17	0	0	0	0	40	0	0	0	207	0
FFQ	96	0	0	0	0	0	0	0	0	0	0	0	0	42	0	0	0	0	0	0	0	0	0	19	0	0	0	0	8	0	0	0	0	17	0	0	0	0	30	0	0	0	214	0
FFQ	97	0	0	0	0	0	0	0	0	0	0	0	0	26	0	0	0	0	0	0	0	0	0	20	0	0	0	0	13	0	0	0	0	28	0	0	0	0	32	0	0	0	211	0
FFQ	98	0	0	0	0	0	0	0	0	0	0	0	0	36	0	0	0	0	0	0	0	0	0	15	0	0	0	0	8	0	0	0	0	22	0	0	0	0	38	0	0	0	211	0
FFQ	99	0	0	0	0	0	0	0	0	0	0	0	0	35	0	0	0	0	0	0	0	0	0	18	0	0	0	0	5	0	0	0	0	12	0	0	0	0	41	0	0	0	219	0
FFQ	100	0	0	0	0	0	0	0	0	0	0	0	0	32	0	0	0	0	0	0	0	0	0	22	0	0	0	0	7	0	0	0	0	17	0	0	0	0	34	0	0	0	218	0
FFQ	101	0	0	0	0	0	0	0	0	0	0	0	0	31	0	0	0	0	0	0	0	0	0	16	0	0	0	0	15	0	0	0	0	17	0	0	0	0	29	0	0	0	222	0
FFQ	102	0	0	0	0	0	0	0	0	0	0	0	0	30	0	0	0	0	0	0	0	0	0	23	0	0	0	0	11	0	0	0	0	20	0	0	0	0	34	0	0	0	212	0
FFQ	103	0	0	0	0	0	0	0	0	0	0	0	0	38	0	0	0	0	0	0	0	0	0	15	0	0	0	0	12	0	0	0	0	16	0	0	0	0	29	0	0	0	220	0
FFQ	104	0	0	1	0	0	0	0	0	0	0	0	0	30	0	0	0	0	0	0	0	0	0	17	0	0	0	0	11	0	0	0	0	20	0	0	0	0	35	0	0	0	216	0
FFQ	105	0	0	0	0	0	0	0	0	0	0	0	0	32	0	0	0	0	0	0	0	0	0	26	0	0	0	0	9	0	0	0	0	14	0	0	0	0	34	0	0	0	215	0
FFQ	106	0	0	0	0	0	0	0	0	0	0	0	0	36	0	0	0	0	0	0	0	0	0	21	0	0	0	0	10	0	0	0	0	11	0	0	0	0	38	0	0	0	214	0
FFQ	107	0	0	0	0	0	0	0	0	0	0	0	0	34	0	0	0	0	0	0	0	0	0	24	0	0	0	0	10	0	0	0	0	14	0	0	0	0	33	0	0	0	215	0
FFQ	108	0	0	0	0	0	0	0	0	0	0	0	0	37	0	0	0	0	0	0	0	0	0	24	0	0	0	0	7	0	0	0	0	12	0	0	0	0	37	0	0	0	213	0
FFQ	109	0	0	0	0	0	0	0	0	0	0	0	0	34	0	0	0	0	0	0	0	0	0	24	0	0	0	0	13	0	0	0	0	20	0	0	0	0	34	0	0	0	205	0
FFQ	110	0	0	0	0	0	0	0	0	0	0	0	0	37	0	0	0	0	0	0	0	0	0	20	0	0	0	0	11	0	0	0	0	15	0	0	0	0	40	0	0	0	206	0
FFQ	111	0	0	0	0	0	0	0	0	0	0	0	0	28	0	0	0	0	0	0	0	0	0	21	0	0	0	0	8	0	0	0	0	16	0	0	0	0	47	0	0	0	209	0
FFQ	112	0	0	0	0	0	0	0	0	0	0	0	0	35	0	0	0	0	0	0	0	0	0	18	0	0	0	0	5	0	0	0	0	15	0	0	0	0	28	0	0	0	228	0
FFQ	113	0	0	0	0	0	0	0	0	0	0	0	0	29	0	0	0	0	0	0	0	0	0	25	0	0	0	0	10	0	0	0	0	20	0	0	0	0	34	0	0	0	211	0
FFQ	114	0	0	0	0	0	0	0	0	0	0	0	0	36	0	0	0	0	0	0	0	0	0	18	0	0	0	0	11	0	0	0	0	20	0	0	0	0	24	0	0	0	220	0
FFQ	115	0	0	0	0	0	0	0	0	0	0	0	0	38	0	0	0	0	0	0	0	0	0	22	0	0	0	0	6	0	0	0	0	18	0	0	0	0	39	0	0	0	206	0
FFQ	116	0	0	0	0	0	0	0	0	0	0	0	0	36	0	0	0	0	0	0	0	0	0	19	0	0	0	0	8	0	0	0	0	24	0	0	0	0	29	0	0	0	213	0
FFQ	117	0	0	0	0	0	0	0	0	0	0	0	0	35	0	0	0	0	0	0	0	0	0	16	0	0	0	0	3	0	0	0	0	20	0	0	0	0	44	0	0	0	210	0
FFQ	118	0	0	0	0	0	0	0	0	0	0	0	0	34	0	0	0	0	0	0	0	0	0	20	0	0	0	0	9	0	0	0	0	23	0	0	0	0	33	0	0	0	209	0
FFQ	119	0	0	0	0	0	0	0	0	0	0	0	0	42	0	0	0	0	0	0	0	0	0	15	0	0	0	0	10	0	0	0	0	21	0	0	0	0	41	0	0	0	199	0
FFQ	120	0	0	0	0	0	0	0	0	0	0	0	0	33	0	0	0	0	0	0	0	0	0	17	0	0	0	0	9	0	0	0	0	26	0	0	0	0	44	0	0	0	198	0
FFQ	121	0	0	0	0	0	0	0	0	0	0	0	0	32	0	0	0	0	0	0	0	0	0	13	0	0	0	0	11	0	0	0	0	17	0	0	0	0	40	0	0	0	213	0
FFQ	122	0	0	0	0	0	0	0	0	0	0	0	0	30	0	0	0	0	0	0	0	0	0	18	0	0	0	0	12	0	0	0	0	17	0	0	0	0	39	0	0	0	210	0
FFQ	123	0	0	0	0	0	0	0	0	0	0	0	0	35	0	0	0	0	0	0	0	0	0	15	0	0	0	0	12	0	0	0	0	18	0	0	0	0	31	0	0	0	215	0
FFQ	124	0	0	0	0	0	0	0	0	0	0	0	0	37	0	0	0	0	0	0	0	0	0	18	0	0	0	0	5	0	0	0	0	23	0	0	0	0	27	0	0	0	216	0
FFQ	125	0	0	0	0	0	0	0	0	0	0	0	0	39	0	0	0	0	0	0	0	0	0	15	0	0	0	0	9	0	0	0	0	22	0	0	0	0	40	0	0	0	201	0
FFQ	126	0	0	0	0	0	0	0	0	0	0	0	0	38	0	0	0	0	0	0	0	0	0	15	0	0	0	0	9	0	0	0	0	28	0	0	0	0	43	0	0	0	193	0
FFQ	127	0	0	0	0	0	0	0	0	0	0	0	0	29	0	0	0	0	0	0	0	0	0	22	0	0	0	0	10	0	0	0	0	18	0	0	0	0	45	0	0	0	202	0
FFQ	128	0	0	0	0	0	0	0	0	0	0	0	0	39	0	0	0	0	0	0	0	0	0	18	0	0	0	0	15	0	0	0	0	14	0	0	0	0	44	0	0	0	196	0
FFQ	129	0	0	0	0	0	0	0	0	0	0	0	0	31	0	0	0	0	0	0	0	0	0	25	0	0	0	0	10	0	0	0	0	31	0	0	0	0	31	0	0	0	198	0
FFQ	130	0	0	0	0	0	0	0	0	0	0	0	0	36	0	0	0	0	0	0	0	0	0	24	0	0	0	0	7	0	0	0	0	23	0	0	0	0	41	0	0	0	195	0
FFQ	131	0	0	0	0	0	0	0	0	0	0	0	0	41	0	0	0	0	0	0	0	0	0	24	0	0	0	0	5	0	0	0	0	19	0	0	0	0	48	0	0	0	189	0
FFQ	132	0	0	0	0	0	0	0	0	0	0	0	0	45	0	0	0	0	0	0	0	0	0	18	0	0	0	0	13	0	0	0	0	23	0	0	0	0	42	0	0	0	184	0
FFQ	133	0	0	0	0	0	0	0	0	0	0	0	0	41	0	0	0	0	0	0	0	0	0	19	0	0	0	0	9	0	0	0	0	26	0	0	0	0	45	0	0	0	184	0
FFQ	134	0	0	0	0	0	0	0	0	0	0	0	0	42	0	0	0	0	0	0	0	0	0	23	0	0	0	0	11	0	0	0	0	20	0	0	0	0	41	0	0	0	187	0
FFQ	135	0	0	0	0	0	0	0	0	0	0	0	0	36	0	0	0	0	0	0	0	0	0	30	0	0	0	0	5	0	0	0	0	29	0	0	0	0	56	0	0	0	167	0
FFQ	136	0	0	0	0	0	0	0	0	0	0	0	0	43	0	0	0	0	0	0	0	0	0	13	0	0	0	0	9	0	0	0	0	26	0	0	0	0	63	0	0	0	168	0
FFQ	137	0	0	0	0	0	0	0	0	0	0	0	0	44	0	0	0	0	0	0	0	0	0	22	0	0	0	0	17	0	0	0	0	21	0	0	0	0	33	0	0	0	185	0
FFQ	138	0	0	0	0	0	0	0	0	0	0	0	0	37	0	0	0	0	0	0	0	0	0	18	0	0	0	0	12	0	0	0	0	19	0	0	0	0	56	0	0	0	180	0
FFQ	139	0	0	0	0	0	0	0	0	0	0	0	0	36	0	0	0	0	0	0	0	0	0	30	0	0	0	0	16	0	0	0	0	10	0	0	0	0	57	0	0	0	173	0
FFQ	140	0	0	0	0	0	0	0	0	0	0	0	0	39	0	0	0	0	0	0	0	0	0	15	0	0	0	0	11	0	0	0	0	18	0	0	0	0	56	0	0	0	182	0
FFQ	141	0	0	0	0	0	0	0	0	0	0	0	0	35	0	0	0	0	0	0	0	0	0	22	0	0	0	0	13	0	0	0	0	24	0	0	0	0	43	0	0	0	183	0
FFQ	142	0	0	0	0	0	0	0	0	0	0	0	0	32	0	0	0	0	0	0	0	0	0	28	0	0	0	0	13	0	0	0	0	19	0	0	0	0	53	0	0	0	175	0
FFQ	143	0	0	0	0	0	0	0	0	0	0	0	0	37	0	0	0	0	0	0	0	0	0	18	0	0	0	0	12	0	0	0	0	12	0	0	0	0	61	0	0	0	180	0
FFQ	144	0	0	0	0	0	0	0	0	0	0	0	0	42	0	0	0	0	0	0	0	0	0	16	0	0	0	0	8	0	0	0	0	26	0	0	0	0	41	0	0	0	186	0
FFQ	145	0	0	0	0	0	0	0	0	0	0	0	0	35	0	0	0	0	0	0	0	0	0	18	0	0	0	0	15	0	0	0	0	26	0	0	0	0	50	0	0	0	175	0
FFQ	146	0	0	0	0	0	0	0	0	0	0	0	0	35	0	0	0	0	0	0	0	0	0	20	0	0	0	0	11	0	0	0	0	17	0	0	0	0	55	0	0	0	178	0
FFQ	147	0	0	0	0	0	0	0	0	0	0	0	0	38	0	0	0	0	0	0	0	0	0	17	0	0	0	0	19	0	0	0	0	16	0	0	0	0	44	0	0	0	179	0
FFQ	148	0	0	0	0	0	0	0	0	1	0	0	0	32	0	0	0	0	0	0	0	0	0	15	0	0	0	0	18	0	0	0	0	24	0	0	0	0	53	0	0	0	166	0
FFQ	149	0	0	0	0	0	0	0	0	0	0	0	0	30	0	0	0	0	0	0	0	0	0	17	0	0	0	0	9	0	0	0	0	21	0	0	0	0	60	0	0	0	165	0
FFQ	150	0	0	0	0	0	0	0	0	0	0	0	0	18	0	0	0	0	0	0	0	0	0	16	0	0	0	0	13	0	0	0	0	24	0	0	0	0	56	0	0	0	162	0
FFQ	151	0	0	0	0	0	0	0	0	0	0	0	0	0	0	0	0	0	0	0	0	0	0	24	0	0	0	0	14	0	0	0	0	30	0	0	0	0	60	0	0	0	124	0
# Last Fragment Qualities. Use `grep ^LFQ | cut -f 2-` to extract this part.
# Columns correspond to qualities and rows to cycles. First column is the cycle number.
LFQ	1	0	0	6	0	0	0	0	0	0	0	0	0	11	0	0	0	0	0	0	0	0	0	0	0	0	0	0	14	0	0	0	0	299	0	0	0	0	0	0	0	0	0	0
LFQ	2	0	0	0	0	0	0	0	0	0	0	0	0	9	0	0	0	0	0	0	0	0	0	0	0	0	0	0	12	0	0	0	0	309	0	0	0	0	0	0	0	0	0	0
LFQ	3	0	0	0	0	0	0	0	0	0	0	0	0	19	0	0	0	0	0	0	0	0	0	0	0	0	0	0	10	0	0	0	0	113	0	0	0	0	188	0	0	0	0	0
LFQ	4	0	0	0	0	0	0	0	0	0	0	0	0	12	0	0	0	0	0	0	0	0	0	1	0	0	0	0	12	0	0	0	0	40	0	0	0	0	265	0	0	0	0	0
LFQ	5	0	0	0	0	0	0	0	0	0	0	0	0	9	0	0	0	0	0	0	0	0	0	3	0	0	0	0	8	0	0	0	0	30	0	0	0	0	280	0	0	0	0	0
LFQ	6	0	0	0	0	0	0	0	0	0	0	0	0	12	0	0	0	0	0	0	0	0	0	3	0	0	0	0	10	0	0	0	0	21	0	0	0	0	42	0	0	0	242	0
LFQ	7	0	0	0	0	0	0	0	0	0	0	0	0	11	0	0	0	0	0	0	0	0	0	7	0	0	0	0	6	0	0	0	0	19	0	0	0	0	43	0	0	0	244	0
LFQ	8	0	0	0	0	0	0	0	0	0	0	0	0	13	0	0	0	0	0	0	0	0	0	6	0	0	0	0	5	0	0	0	0	22	0	0	0	0	32	0	0	0	252	0
LFQ	9	0	0	0	0	0	0	0	0	0	0	0	0	10	0	0	0	0	0	0	0	0	0	10	0	0	0	0	6	0	0	0	0	17	0	0	0	0	40	0	0	0	247	0
LFQ	10	0	0	0	0	0	0	0	0	0	0	0	0	20	0	0	0	0	0	0	0	0	0	2	0	0	0	0	10	0	0	0	0	18	0	0	0	0	30	0	0	0	250	0
LFQ	11	0	0	0	0	0	0	0	0	0	0	0	0	15	0	0	0	0	0	0	0	0	0	3	0	0	0	0	6	0	0	0	0	18	0	0	0	0	44	0	0	0	244	0
LFQ	12	0	0	1	0	0	0	0	0	0	0	0	0	10	0	0	0	0	0	0	0	0	0	4	0	0	0	0	7	0	0	0	0	15	0	0	0	0	36	0	0	0	257	0
LFQ	13	0	0	0	0	0	0	0	0	0	0	0	0	17	0	0	0	0	0	0	0	0	0	1	0	0	0	0	3	0	0	0	0	13	0	0	0	0	34	0	0	0	262	0
LFQ	14	0	0	0	0	0	0	0	0	0	0	0	0	18	0	0	0	0	0	0	0	0	0	5	0	0	0	0	8	0	0	0	0	11	0	0	0	0	37	0	0	0	251	0
LFQ	15	0	0	0	0	0	0	0	0	0	0	0	0	17	0	0	0	0	0	0	0	0	0	3	0	0	0	0	7	0	0	0	0	11	0	0	0	0	35	0	0	0	257	0
LFQ	16	0	0	0	0	0	0	0	0	0	0	0	0	12	0	0	0	0	0	0	0	0	0	7	0	0	0	0	6	0	0	0	0	7	0	0	0	0	36	0	0	0	262	0
LFQ	17	0	0	0	0	0	0	0	0	0	0	0	0	9	0	0	0	0	0	0	0	0	0	8	0	0	0	0	5	0	0	0	0	9	0	0	0	0	42	0	0	0	257	0
LFQ	18	0	0	0	0	0	0	0	0	0	0	0	0	18	0	0	0	0	0	0	0	0	0	6	0	0	0	0	6	0	0	0	0	8	0	0	0	0	38	0	0	0	254	0
LFQ	19	0	0	0	0	0	0	0	0	0	0	0	0	9	0	0	0	0	0	0	0	0	0	8	0	0	0	0	20	0	0	0	0	9	0	0	0	0	31	0	0	0	253	0
LFQ	20	0	0	0	0	0	0	0	0	0	0	0	0	14	0	0	0	0	0	0	0	0	0	6	0	0	0	0	9	0	0	0	0	13	0	0	0	0	41	0	0	0	247	0
LFQ	21	0	0	0	0	0	0	0	0	0	0	0	0	11	0	0	0	0	0	0	0	0	0	14	0	0	0	0	9	0	0	0	0	12	0	0	0	0	34	0	0	0	250	0
LFQ	22	0	0	0	0	0	0	0	0	0	0	0	0	12	0	0	0	0	0	0	0	0	0	8	0	0	0	0	9	0	0	0	0	15	0	0	0	0	33	0	0	0	253	0
LFQ	23	0	0	0	0	0	0	0	0	0	0	0	0	16	0	0	0	0	0	0	0	0	0	7	0	0	0	0	12	0	0	0	0	11	0	0	0	0	33	0	0	0	251	0
LFQ	24	0	0	0	0	0	0	0	0	0	0	0	0	18	0	0	0	0	0	0	0	0	0	9	0	0	0	0	13	0	0	0	0	17	0	0	0	0	34	0	0	0	239	0
LFQ	25	0	0	1	0	0	0	0	0	0	0	0	0	15	0	0	0	0	0	0	0	0	0	7	0	0	0	0	16	0	0	0	0	15	0	0	0	0	41	0	0	0	235	0
LFQ	26	0	0	0	0	0	0	0	0	0	0	0	0	17	0	0	0	0	0	0	0	0	0	11	0	0	0	0	10	0	0	0	0	8	0	0	0	0	45	0	0	0	239	0
LFQ	27	0	0	5	0	0	0	0	0	0	0	0	0	14	0	0	0	0	0	0	0	0	0	8	0	0	0	0	11	0	0	0	0	16	0	0	0	0	43	0	0	0	233	0
LFQ	28	0	0	0	0	0	0	0	0	0	0	0	0	12	0	0	0	0	0	0	0	0	0	7	0	0	0	0	11	0	0	0	0	12	0	0	0	0	55	0	0	0	233	0
LFQ	29	0	0	0	0	0	0	0	0	0	0	0	0	13	0	0	0	0	0	0	0	0	0	5	0	0	0	0	15	0	0	0	0	14	0	0	0	0	51	0	0	0	232	0
LFQ	30	0	0	0	0	0	0	0	0	0	0	0	0	17	0	0	0	0	0	0	0	0	0	10	0	0	0	0	16	0	0	0	0	11	0	0	0	0	36	0	0	0	240	0
LFQ	31	0	0	0	0	0	0	0	0	0	0	0	0	18	0	0	0	0	0	0	0	0	0	6	0	0	0	0	14	0	0	0	0	9	0	0	0	0	46	0	0	0	237	0
LFQ	32	0	0	0	0	0	0	0	0	0	0	0	0	17	0	0	0	0	0	0	0	0	0	9	0	0	0	0	15	0	0	0	0	17	0	0	0	0	53	0	0	0	219	0
LFQ	33	0	0	0	0	0	0	0	0	0	0	0	0	17	0	0	0	0	0	0	0	0	0	10	0	0	0	0	13	0	0	0	0	13	0	0	0	0	46	0	0	0	231	0
LFQ	34	0	0	0	0	0	0	0	0	0	0	0	0	17	0	0	0	0	0	0	0	0	0	12	0	0	0	0	7	0	0	0	0	11	0	0	0	0	42	0	0	0	241	0
LFQ	35	0	0	0	0	0	0	0	0	0	0	0	0	16	0	0	0	0	0	0	0	0	0	14	0	0	0	0	10	0	0	0	0	12	0	0	0	0	43	0	0	0	235	0
LFQ	36	0	0	0	0	0	0	0	0	0	0	0	0	19	0	0	0	0	0	0	0	0	0	9	0	0	0	0	18	0	0	0	0	13	0	0	0	0	47	0	0	0	224	0
LFQ	37	0	0	1	0	0	0	0	0	0	0	0	0	21	0	0	0	0	0	0	0	0	0	16	0	0	0	0	9	0	0	0	0	18	0	0	0	0	44	0	0	0	221	0
LFQ	38	0	0	0	0	0	0	0	0	0	0	0	0	15	0	0	0	0	0	0	0	0	0	10	0	0	0	0	19	0	0	0	0	17	0	0	0	0	49	0	0	0	220	0
LFQ	39	0	0	0	0	0	0	0	0	0	0	0	0	22	0	0	0	0	0	0	0	0	0	13	0	0	0	0	12	0	0	0	0	17	0	0	0	0	48	0	0	0	218	0
LFQ	40	0	0	0	0	0	0	0	0	0	0	0	0	26	0	0	0	0	0	0	0	0	0	16	0	0	0	0	17	0	0	0	0	23	0	0	0	0	56	0	0	0	192	0
LFQ	41	0	0	0	0	0	0	0	0	0	0	0	0	21	0	0	0	0	0	0	0	0	0	9	0	0	0	0	18	0	0	0	0	27	0	0	0	0	54	0	0	0	201	0
LFQ	42	0	0	0	0	0	0	0	0	0	0	0	0	20	0	0	0	0	0	0	0	0	0	12	0	0	0	0	16	0	0	0	0	23	0	0	0	0	49	0	0	0	210	0
LFQ	43	0	0	0	0	0	0	0	0	0	0	0	0	21	0	0	0	0	0	0	0	0	0	11	0	0	0	0	16	0	0	0	0	24	0	0	0	0	40	0	0	0	218	0
LFQ	44	0	0	0	0	0	0	0	0	0	0	0	0	16	0	0	0	0	0	0	0	0	0	14	0	0	0	0	16	0	0	0	0	24	0	0	0	0	43	0	0	0	217	0
LFQ	45	0	0	0	0	0	0	0	0	0	0	0	0	18	0	0	0	0	0	0	0	0	0	11	0	0	0	0	18	0	0	0	0	20	0	0	0	0	55	0	0	0	208	0
LFQ	46	0	0	1	0	0	0	0	0	0	0	0	0	27	0	0	0	0	0	0	0	0	0	12	0	0	0	0	8	0	0	0	0	27	0	0	0	0	47	0	0	0	208	0
LFQ	47	0	0	0	0	0	0	0	0	0	0	0	0	29	0	0	0	0	0	0	0	0	0	14	0	0	0	0	14	0	0	0	0	24	0	0	0	0	51	0	0	0	198	0
LFQ	48	0	0	0	0	0	0	0	0	0	0	0	0	26	0	0	0	0	0	0	0	0	0	16	0	0	0	0	20	0	0	0	0	26	0	0	0	0	46	0	0	0	196	0
LFQ	49	0	0	0	0	0	0	0	0	0	0	0	0	27	0	0	0	0	0	0	0	0	0	11	0	0	0	0	22	0	0	0	0	18	0	0	0	0	38	0	0	0	214	0
LFQ	50	0	0	0	0	0	0	0	0	0	0	0	0	27	0	0	0	0	0	0	0	0	0	15	0	0	0	0	16	0	0	0	0	21	0	0	0	0	37	0	0	0	214	0
LFQ	51	0	0	0	0	0	0	0	0	0	0	0	0	35	0	0	0	0	0	0	0	0	0	17	0	0	0	0	7	0	0	0	0	12	0	0	0	0	62	0	0	0	197	0
LFQ	52	0	0	1	0	0	0	0	0	0	0	0	0	31	0	0	0	0	0	0	0	0	0	13	0	0	0	0	11	0	0	0	0	33	0	0	0	0	45	0	0	0	196	0
LFQ	53	0	0	0	0	0	0	0	0	0	0	0	0	37	0	0	0	0	0	0	0	0	0	14	0	0	0	0	17	0	0	0	0	20	0	0	0	0	51	0	0	0	191	0
LFQ	54	0	0	0	0	0	0	0	0	0	0	0	0	25	0	0	0	0	0	0	0	0	0	19	0	0	0	0	23	0	0	0	0	26	0	0	0	0	58	0	0	0	179	0
LFQ	55	0	0	0	0	0	0	0	0	0	0	0	0	32	0	0	0	0	0	0	0	0	0	12	0	0	0	0	15	0	0	0	0	24	0	0	0	0	57	0	0	0	190	0
LFQ	56	0	0	0	0	0	0	0	0	0	0	0	0	32	0	0	0	0	0	0	0	0	0	11	0	0	0	0	16	0	0	0	0	27	0	0	0	0	53	0	0	0	191	0
LFQ	57	0	0	0	0	0	0	0	0	0	0	0	0	23	0	0	0	0	0	0	0	0	0	13	0	0	0	0	12	0	0	0	0	36	0	0	0	0	53	0	0	0	193	0
LFQ	58	0	0	0	0	0	0	0	0	0	0	0	0	33	0	0	0	0	0	0	0	0	0	19	0	0	0	0	17	0	0	0	0	17	0	0	0	0	53	0	0	0	191	0
LFQ	59	0	0	0	0	0	0	0	0	0	0	0	0	30	0	0	0	0	0	0	0	0	0	16	0	0	0	0	17	0	0	0	0	28	0	0	0	0	46	0	0	0	193	0
LFQ	60	0	0	0	0	0	0	0	0	0	0	0	0	27	0	0	0	0	0	0	0	0	0	24	0	0	0	0	20	0	0	0	0	31	0	0	0	0	39	0	0	0	189	0
LFQ	61	0	0	0	0	0	0	0	0	0	0	0	0	34	0	0	0	0	0	0	0	0	0	17	0	0	0	0	19	0	0	0	0	26	0	0	0	0	47	0	0	0	187	0
LFQ	62	0	0	0	0	0	0	0	0	0	0	0	0	34	0	0	0	0	0	0	0	0	0	9	0	0	0	0	29	0	0	0	0	24	0	0	0	0	47	0	0	0	187	0
LFQ	63	0	0	0	0	0	0	0	0	0	0	0	0	40	0	0	0	0	0	0	0	0	0	19	0	0	0	0	15	0	0	0	0	26	0	0	0	0	45	0	0	0	185	0
LFQ	64	0	0	0	0	0	0	0	0	0	0	0	0	34	0	0	0	0	0	0	0	0	0	15	0	0	0	0	19	0	0	0	0	29	0	0	0	0	50	0	0	0	183	0
LFQ	65	0	0	0	0	0	0	0	0	0	0	0	0	37	0	0	0	0	0	0	0	0	0	13	0	0	0	0	11	0	0	0	0	27	0	0	0	0	52	0	0	0	190	0
LFQ	66	0	0	0	0	0	0	0	0	0	0	0	0	45	0	0	0	0	0	0	0	0	0	12	0	0	0	0	19	0	0	0	0	22	0	0	0	0	48	0	0	0	184	0
LFQ	67	0	0	0	0	0	0	0	0	0	0	0	0	33	0	0	0	0	0	0	0	0	0	20	0	0	0	0	13	0	0	0	0	24	0	0	0	0	49	0	0	0	191	0
LFQ	68	0	0	0	0	0	0	0	0	0	0	0	0	41	0	0	0	0	0	0	0	0	0	20	0	0	0	0	12	0	0	0	0	16	0	0	0	0	59	0	0	0	182	0
LFQ	69	0	0	0	0	0	0	0	0	0	0	0	0	40	0	0	0	0	0	0	0	0	0	16	0	0	0	0	22	0	0	0	0	32	0	0	0	0	36	0	0	0	184	0
LFQ	70	0	0	0	0	0	0	0	0	0	0	0	0	40	0	0	0	0	0	0	0	0	0	18	0	0	0	0	16	0	0	0	0	30	0	0	0	0	40	0	0	0	186	0
LFQ	71	0	0	0	0	0	0	0	0	0	0	0	0	36	0	0	0	0	0	0	0	0	0	26	0	0	0	0	8	0	0	0	0	22	0	0	0	0	48	0	0	0	190	0
LFQ	72	0	0	0	0	0	0	0	0	0	0	0	0	40	0	0	0	0	0	0	0	0	0	24	0	0	0	0	16	0	0	0	0	22	0	0	0	0	46	0	0	0	182	0
LFQ	73	0	0	0	0	0	0	0	0	0	0	0	0	45	0	0	0	0	0	0	0	0	0	19	0	0	0	0	18	0	0	0	0	26	0	0	0	0	46	0	0	0	176	0
LFQ	74	0	0	0	0	0	0	0	0	0	0	0	0	37	0	0	0	0	0	0	0	0	0	24	0	0	0	0	9	0	0	0	0	34	0	0	0	0	44	0	0	0	182	0
LFQ	75	0	0	0	0	0	0	0	0	0	0	0	0	45	0	0	0	0	0	0	0	0	0	22	0	0	0	0	10	0	0	0	0	28	0	0	0	0	45	0	0	0	180	0
LFQ	76	0	0	0	0	0	0	0	0	0	0	0	0	49	0	0	0	0	0	0	0	0	0	20	0	0	0	0	17	0	0	0	0	28	0	0	0	0	46	0	0	0	170	0
LFQ	77	0	0	0	0	0	0	0	0	0	0	0	0	36	0	0	0	0	0	0	0	0	0	48	0	0	0	0	12	0	0	0	0	38	0	0	0	0	74	0	0	0	122	0
LFQ	78	0	0	0	0	0	0	0	0	0	0	0	0	49	0	0	0	0	0	0	0	0	0	25	0	0	0	0	15	0	0	0	0	31	0	0	0	0	64	0	0	0	146	0
LFQ	79	0	0	0	0	0	0	0	0	0	0	0	0	47	0	0	0	0	0	0	0	0	0	20	0	0	0	0	10	0	0	0	0	38	0	0	0	0	48	0	0	0	167	0
LFQ	80	0	0	0	0	0	0	0	0	0	0	0	0	34	0	0	0	0	0	0	0	0	0	24	0	0	0	0	11	0	0	0	0	32	0	0	0	0	47	0	0	0	182	0
LFQ	81	0	0	0	0	0	0	0	0	0	0	0	0	37	0	0	0	0	0	0	0	0	0	21	0	0	0	0	22	0	0	0	0	29	0	0	0	0	37	0	0	0	184	0
LFQ	82	0	0	0	0	0	0	0	0	0	0	0	0	49	0	0	0	0	0	0	0	0	0	24	0	0	0	0	11	0	0	0	0	28	0	0	0	0	38	0	0	0	180	0
LFQ	83	0	0	0	0	0	0	0	0	0	0	0	0	38	0	0	0	0	0	0	0	0	0	31	0	0	0	0	18	0	0	0	0	25	0	0	0	0	46	0	0	0	172	0
LFQ	84	0	0	0	0	0	0	0	0	0	0	0	0	52	0	0	0	0	0	0	0	0	0	18	0	0	0	0	15	0	0	0	0	21	0	0	0	0	51	0	0	0	173	0
LFQ	85	0	0	0	0	0	0	0	0	0	0	0	0	43	0	0	0	0	0	0	0	0	0	30	0	0	0	0	8	0	0	0	0	28	0	0	0	0	46	0	0	0	175	0
LFQ	86	0	0	0	0	0	0	0	0	0	0	0	0	48	0	0	0	0	0	0	0	0	0	23	0	0	0	0	15	0	0	0	0	25	0	0	0	0	42	0	0	0	177	0
LFQ	87	0	0	0	0	0	0	0	0	0	0	0	0	48	0	0	0	0	0	0	0	0	0	20	0	0	0	0	11	0	0	0	0	34	0	0	0	0	38	0	0	0	179	0
LFQ	88	0	0	0	0	0	0	0	0	0	0	0	0	50	0	0	0	0	0	0	0	0	0	25	0	0	0	0	9	0	0	0	0	27	0	0	0	0	41	0	0	0	178	0
LFQ	89	0	0	0	0	0	0	0	0	0	0	0	0	45	0	0	0	0	0	0	0	0	0	27	0	0	0	0	11	0	0	0	0	33	0	0	0	0	48	0	0	0	166	0
LFQ	90	0	0	0	0	0	0	0	0	0	0	0	0	48	0	0	0	0	0	0	0	0	0	24	0	0	0	0	11	0	0	0	0	33	0	0	0	0	42	0	0	0	172	0
LFQ	91	0	0	0	0	0	0	0	0	0	0	0	0	49	0	0	0	0	0	0	0	0	0	28	0	0	0	0	11	0	0	0	0	24	0	0	0	0	45	0	0	0	173	0
LFQ	92	0	0	0	0	0	0	0	0	0	0	0	0	52	0	0	0	0	0	0	0	0	0	25	0	0	0	0	9	0	0	0	0	25	0	0	0	0	47	0	0	0	172	0
LFQ	93	0	0	0	0	0	0	0	0	0	0	0	0	48	0	0	0	0	0	0	0	0	0	20	0	0	0	0	16	0	0	0	0	25	0	0	0	0	50	0	0	0	171	0
LFQ	94	0	0	0	0	0	0	0	0	0	0	0	0	54	0	0	0	0	0	0	0	0	0	12	0	0	0	0	16	0	0	0	0	27	0	0	0	0	31	0	0	0	190	0
LFQ	95	0	0	0	0	0	0	0	0	0	0	0	0	52	0	0	0	0	0	0	0	0	0	21	0	0	0	0	8	0	0	0	0	25	0	0	0	0	48	0	0	0	176	0
LFQ	96	0	0	0	0	0	0	0	0	0	0	0	0	44	0	0	0	0	0	0	0	0	0	28	0	0	0	0	22	0	0	0	0	23	0	0	0	0	43	0	0	0	170	0
LFQ	97	0	0	0	0	0	0	0	0	0	0	0	0	49	0	0	0	0	0	0	0	0	0	22	0	0	0	0	9	0	0	0	0	25	0	0	0	0	46	0	0	0	179	0
LFQ	98	0	0	0	0	0	0	0	0	0	0	0	0	53	0	0	0	0	0	0	0	0	0	24	0	0	0	0	11	0	0	0	0	23	0	0	0	0	51	0	0	0	168	0
LFQ	99	0	0	0	0	0	0	0	0	0	0	0	0	46	0	0	0	0	0	0	0	0	0	24	0	0	0	0	17	0	0	0	0	33	0	0	0	0	39	0	0	0	171	0
LFQ	100	0	0	0	0	0	0	0	0	0	0	0	0	48	0	0	0	0	0	0	0	0	0	26	0	0	0	0	10	0	0	0	0	32	0	0	0	0	46	0	0	0	168	0
LFQ	101	0	0	0	0	0	0	0	0	0	0	0	0	50	0	0	0	0	0	0	0	0	0	24	0	0	0	0	10	0	0	0	0	23	0	0	0	0	57	0	0	0	165	0
LFQ	102	0	0	0	0	0	0	0	0	0	0	0	0	48	0	0	0	0	0	0	0	0	0	30	0	0	0	0	14	0	0	0	0	19	0	0	0	0	45	0	0	0	173	0
LFQ	103	0	0	0	0	0	0	0	0	0	0	0	0	53	0	0	0	0	0	0	0	0	0	20	0	0	0	0	9	0	0	0	0	26	0	0	0	0	48	0	0	0	173	0
LFQ	104	0	0	0	0	0	0	0	0	0	0	0	0	47	0	0	0	0	0	0	0	0	0	33	0	0	0	0	14	0	0	0	0	23	0	0	0	0	53	0	0	0	159	0
LFQ	105	0	0	0	0	0	0	0	0	0	0	0	0	43	0	0	0	0	0	0	0	0	0	30	0	0	0	0	16	0	0	0	0	28	0	0	0	0	64	0	0	0	147	0
LFQ	106	0	0	0	0	0	0	0	0	0	0	0	0	52	0	0	0	0	0	0	0	0	0	20	0	0	0	0	13	0	0	0	0	30	0	0	0	0	64	0	0	0	149	0
LFQ	107	0	0	0	0	0	0	0	0	0	0	0	0	49	0	0	0	0	0	0	0	0	0	25	0	0	0	0	14	0	0	0	0	30	0	0	0	0	60	0	0	0	150	0
LFQ	108	0	0	0	0	0	0	0	0	0	0	0	0	56	0	0	0	0	0	0	0	0	0	24	0	0	0	0	9	0	0	0	0	30	0	0	0	0	57	0	0	0	152	0
LFQ	109	0	0	0	0	0	0	0	0	0	0	0	0	59	0	0	0	0	0	0	0	0	0	23	0	0	0	0	8	0	0	0	0	28	0	0	0	0	56	0	0	0	151	0
LFQ	110	0	0	2	0	0	0	0	0	0	0	0	0	52	0	0	0	0	0	0	0	0	0	23	0	0	0	0	15	0	0	0	0	37	0	0	0	0	49	0	0	0	145	0
LFQ	111	0	0	0	0	0	0	0	0	0	0	0	0	52	0	0	0	0	0	0	0	0	0	24	0	0	0	0	17	0	0	0	0	23	0	0	0	0	56	0	0	0	151	0
LFQ	112	0	0	0	0	0	0	0	0	0	0	0	0	44	0	0	0	0	0	0	0	0	0	32	0	0	0	0	15	0	0	0	0	24	0	0	0	0	63	0	0	0	145	0
LFQ	113	0	0	0	0	0	0	0	0	0	0	0	0	47	0	0	0	0	0	0	0	0	0	35	0	0	0	0	16	0	0	0	0	26	0	0	0	0	62	0	0	0	137	0
LFQ	114	0	0	0	0	0	0	0	0	0	0	0	0	55	0	0	0	0	0	0	0	0	0	20	0	0	0	0	11	0	0	0	0	33	0	0	0	0	59	0	0	0	145	0
LFQ	115	0	0	0	0	0	0	0	0	0	0	0	0	62	0	0	0	0	0	0	0	0	0	32	0	0	0	0	7	0	0	0	0	32	0	0	0	0	45	0	0	0	145	0
LFQ	116	0	0	0	0	0	0	0	0	0	0	0	0	54	0	0	0	0	0	0	0	0	0	32	0	0	0	0	12	0	0	0	0	26	0	0	0	0	62	0	0	0	135	0
LFQ	117	0	0	0	0	0	0	0	0	0	0	0	0	59	0	0	0	0	0	0	0	0	0	32	0	0	0	0	12	0	0	0	0	23	0	0	0	0	63	0	0	0	131	0
LFQ	118	0	0	0	0	0	0	0	0	0	0	0	0	54	0	0	0	0	0	0	0	0	0	29	0	0	0	0	22	0	0	0	0	23	0	0	0	0	57	0	0	0	135	0
LFQ	119	0	0	0	0	0	0	0	0	0	0	0	0	70	0	0	0	0	0	0	0	0	0	17	0	0	0	0	16	0	0	0	0	23	0	0	0	0	60	0	0	0	134	0
LFQ	120	0	0	0	0	0	0	0	0	0	0	0	0	49	0	0	0	0	0	0	0	0	0	39	0	0	0	0	17	0	0	0	0	21	0	0	0	0	56	0	0	0	138	0
LFQ	121	0	0	0	0	0	0	0	0	0	0	0	0	59	0	0	0	0	0	0	0	0	0	22	0	0	0	0	16	0	0	0	0	28	0	0	0	0	60	0	0	0	134	0
LFQ	122	0	0	0	0	0	0	0	0	0	0	0	0	70	0	0	0	0	0	0	0	0	0	22	0	0	0	0	16	0	0	0	0	29	0	0	0	0	55	0	0	0	125	0
LFQ	123	0	0	0	0	0	0	0	0	0	0	0	0	69	0	0	0	0	0	0	0	0	0	26	0	0	0	0	22	0	0	0	0	21	0	0	0	0	51	0	0	0	127	0
LFQ	124	0	0	0	0	0	0	0	0	1	0	0	0	56	0	0	0	0	0	0	0	0	0	17	0	0	0	0	18	0	0	0	0	35	0	0	0	0	69	0	0	0	120	0
LFQ	125	0	0	0	0	0	0	0	0	2	0	0	0	63	0	0	0	0	0	0	0	0	0	19	0	0	0	0	23	0	0	0	0	25	0	0	0	0	59	0	0	0	125	0
LFQ	126	0	0	0	0	0	0	0	0	3	0	0	0	62	0	0	0	0	0	0	0	0	0	26	0	0	0	0	20	0	0	0	0	21	0	0	0	0	60	0	0	0	124	0
LFQ	127	0	0	0	0	0	0	0	0	5	0	0	0	64	0	0	0	0	0	0	0	0	0	18	0	0	0	0	19	0	0	0	0	37	0	0	0	0	45	0	0	0	128	0
LFQ	128	0	0	0	0	0	0	0	0	0	0	0	0	64	0	0	0	0	0	0	0	0	0	20	0	0	0	0	12	0	0	0	0	36	0	0	0	0	51	0	0	0	133	0
LFQ	129	0	0	0	0	0	0	0	0	14	0	0	0	67	0	0	0	0	0	0	0	0	0	20	0	0	0	0	20	0	0	0	0	25	0	0	0	0	54	0	0	0	114	0
LFQ	130	0	0	0	0	0	0	0	0	17	0	0	0	61	0	0	0	0	0	0	0	0	0	20	0	0	0	0	14	0	0	0	0	41	0	0	0	0	42	0	0	0	117	0
LFQ	131	0	0	0	0	0	0	0	0	18	0	0	0	59	0	0	0	0	0	0	0	0	0	22	0	0	0	0	9	0	0	0	0	42	0	0	0	0	43	0	0	0	118	0
LFQ	132	0	0	0	0	0	0	0	0	16	0	0	0	55	0	0	0	0	0	0	0	0	0	26	0	0	0	0	14	0	0	0	0	33	0	0	0	0	47	0	0	0	118	0
LFQ	133	0	0	0	0	0	0	0	0	20	0	0	0	41	0	0	0	0	0	0	0	0	0	24	0	0	0	0	19	0	0	0	0	41	0	0	0	0	53	0	0	0	109	0
LFQ	134	0	0	0	0	0	0	0	0	18	0	0	0	37	0	0	0	0	0	0	0	0	0	27	0	0	0	0	10	0	0	0	0	40	0	0	0	0	56	0	0	0	118	0
LFQ	135	0	0	0	0	0	0	0	0	20	0	0	0	42	0	0	0	0	0	0	0	0	0	19	0	0	0	0	20	0	0	0	0	42	0	0	0	0	37	0	0	0	126	0
LFQ	136	0	0	0	0	0	0	0	0	17	0	0	0	36	0	0	0	0	0	0	0	0	0	25	0	0	0	0	16	0	0	0	0	31	0	0	0	0	47	0	0	0	133	0
LFQ	137	0	0	0	0	0	0	0	0	21	0	0	0	39	0	0	0	0	0	0	0	0	0	23	0	0	0	0	19	0	0	0	0	32	0	0	0	0	49	0	0	0	122	0
LFQ	138	0	0	0	0	0	0	0	0	30	0	0	0	41	0	0	0	0	0	0	0	0	0	26	0	0	0	0	16	0	0	0	0	28	0	0	0	0	39	0	0	0	125	0
LFQ	139	0	0	0	0	0	0	0	0	21	0	0	0	41	0	0	0	0	0	0	0	0	0	21	0	0	0	0	15	0	0	0	0	39	0	0	0	0	55	0	0	0	112	0
LFQ	140	0	0	0	0	0	0	0	0	23	0	0	0	40	0	0	0	0	0	0	0	0	0	16	0	0	0	0	25	0	0	0	0	44	0	0	0	0	44	0	0	0	111	0
LFQ	141	0	0	0	0	0	0	0	0	21	0	0	0	30	0	0	0	0	0	0	0	0	0	36	0	0	0	0	16	0	0	0	0	48	0	0	0	0	41	0	0	0	110	0
LFQ	142	0	0	0	0	0	0	0	0	11	0	0	0	41	0	0	0	0	0	0	0	0	0	20	0	0	0	0	28	0	0	0	0	44	0	0	0	0	39	0	0	0	117	0
LFQ	143	0	0	0	0	0	0	0	0	15	0	0	0	38	0	0	0	0	0	0	0	0	0	25	0	0	0	0	21	0	0	0	0	47	0	0	0	0	51	0	0	0	103	0
LFQ	144	0	0	0	0	0	0	0	0	16	0	0	0	61	0	0	0	0	0	0	0	0	0	12	0	0	0	0	24	0	0	0	0	34	0	0	0	0	39	0	0	0	112	0
LFQ	145	0	0	0	0	0	0	0	0	11	0	0	0	48	0	0	0	0	0	0	0	0	0	30	0	0	0	0	23	0	0	0	0	41	0	0	0	0	36	0	0	0	108	0
LFQ	146	0	0	0	0	0	0	0	0	17	0	0	0	38	0	0	0	0	0	0	0	0	0	21	0	0	0	0	29	0	0	0	0	47	0	0	0	0	46	0	0	0	96	0
LFQ	147	0	0	0	0	0	0	0	0	6	0	0	0	34	0	0	0	0	0	0	0	0	0	22	0	0	0	0	34	0	0	0	0	41	0	0	0	0	49	0	0	0	105	0
LFQ	148	0	0	0	0	0	0	0	0	7	0	0	0	36	0	0	0	0	0	0	0	0	0	17	0	0	0	0	29	0	0	0	0	38	0	0	0	0	45	0	0	0	113	0
LFQ	149	0	0	0	0	0	0	0	0	8	0	0	0	33	0	0	0	0	0	0	0	0	0	27	0	0	0	0	25	0	0	0	0	34	0	0	0	0	54	0	0	0	99	0
LFQ	150	0	0	0	0	0	0	0	0	5	0	0	0	18	0	0	0	0	0	0	0	0	0	33	0	0	0	0	26	0	0	0	0	37	0	0	0	0	48	0	0	0	93	0
LFQ	151	0	0	0	0	0	0	0	0	0	0	0	0	0	0	0	0	0	0	0	0	0	0	35	0	0	0	0	31	0	0	0	0	41	0	0	0	0	41	0	0	0	46	0
# GC Content of first fragments. Use `grep ^GCF | cut -f 2-` to extract this part.
GCF	3.52	0
GCF	7.29	1
GCF	12.31	0
GCF	17.34	1
GCF	17.84	0
GCF	18.59	1
GCF	19.60	0
GCF	20.35	2
GCF	20.85	3
GCF	21.61	1
GCF	22.61	0
GCF	23.37	1
GCF	24.12	2
GCF	24.87	4
GCF	25.38	5
GCF	25.88	3
GCF	26.63	4
GCF	27.39	3
GCF	27.89	2
GCF	28.39	1
GCF	28.89	5
GCF	29.40	8
GCF	29.90	6
GCF	30.40	4
GCF	30.90	3
GCF	31.41	2
GCF	31.91	3
GCF	32.41	7
GCF	32.91	3
GCF	33.67	5
GCF	34.42	6
GCF	34.92	3
GCF	35.43	2
GCF	36.18	6
GCF	36.93	4
GCF	37.44	3
GCF	37.94	7
GCF	38.44	6
GCF	39.20	4
GCF	39.95	2
GCF	40.45	5
GCF	40.95	4
GCF	41.46	2
GCF	41.96	11
GCF	42.46	4
GCF	42.96	7
GCF	43.47	2
GCF	44.22	3
GCF	44.97	2
GCF	45.48	5
GCF	45.98	6
GCF	46.48	5
GCF	46.98	1
GCF	47.74	2
GCF	48.49	1
GCF	48.99	4
GCF	49.75	5
GCF	50.50	4
GCF	51.26	3
GCF	52.51	4
GCF	53.52	2
GCF	54.02	3
GCF	54.52	4
GCF	55.03	1
GCF	55.53	7
GCF	56.03	5
GCF	56.53	1
GCF	57.04	2
GCF	57.54	4
GCF	58.29	1
GCF	59.05	5
GCF	59.55	2
GCF	60.05	9
GCF	60.55	8
GCF	61.06	4
GCF	61.56	6
GCF	62.06	7
GCF	62.56	6
GCF	63.07	4
GCF	63.57	6
GCF	64.07	8
GCF	64.57	7
GCF	65.08	6
GCF	65.58	5
GCF	66.33	3
GCF	67.09	7
GCF	67.59	5
GCF	68.09	6
GCF	68.59	5
GCF	69.10	6
GCF	69.60	8
GCF	70.35	7
GCF	71.36	1
GCF	72.11	3
GCF	72.61	2
GCF	73.12	3
GCF	74.62	2
GCF	76.13	0
GCF	76.63	2
GCF	77.14	1
GCF	77.64	0
GCF	78.14	1
# GC Content of last fragments. Use `grep ^GCL | cut -f 2-` to extract this part.
GCL	1.26	0
GCL	2.76	1
GCL	6.53	0
GCL	10.30	1
GCL	11.06	0
GCL	11.81	2
GCL	12.31	3
GCL	13.82	0
GCL	15.58	1
GCL	17.09	0
GCL	18.59	1
GCL	19.35	2
GCL	19.85	1
GCL	20.35	2
GCL	20.85	1
GCL	21.61	0
GCL	22.86	2
GCL	23.87	1
GCL	24.37	2
GCL	25.13	3
GCL	25.88	4
GCL	26.38	2
GCL	27.14	1
GCL	27.89	0
GCL	28.64	3
GCL	29.40	5
GCL	29.90	4
GCL	30.40	0
GCL	31.16	6
GCL	32.16	3
GCL	33.17	7
GCL	34.17	4
GCL	35.18	12
GCL	35.93	10
GCL	36.68	6
GCL	37.44	5
GCL	37.94	2
GCL	38.44	3
GCL	38.94	9
GCL	39.45	12
GCL	39.95	6
GCL	40.45	5
GCL	40.95	3
GCL	41.46	5
GCL	41.96	4
GCL	42.46	6
GCL	42.96	10
GCL	43.97	4
GCL	44.97	5
GCL	45.48	3
GCL	45.98	2
GCL	46.48	4
GCL	46.98	0
GCL	47.99	2
GCL	48.99	0
GCL	49.50	3
GCL	50.00	2
GCL	50.50	1
GCL	51.01	2
GCL	51.51	3
GCL	52.26	4
GCL	53.02	2
GCL	53.52	1
GCL	54.02	3
GCL	54.77	5
GCL	55.53	4
GCL	56.03	5
GCL	56.53	4
GCL	57.04	3
GCL	57.54	4
GCL	58.04	3
GCL	58.54	1
GCL	59.05	2
GCL	59.55	6
GCL	60.05	2
GCL	60.80	4
GCL	61.56	5
GCL	62.06	4
GCL	62.56	5
GCL	63.07	8
GCL	63.57	1
GCL	64.07	4
GCL	64.57	2
GCL	65.33	5
GCL	66.08	9
GCL	66.58	6
GCL	67.09	2
GCL	67.59	5
GCL	68.09	3
GCL	68.59	5
GCL	69.10	8
GCL	69.85	4
GCL	70.60	7
GCL	71.11	1
GCL	71.61	3
GCL	72.11	2
GCL	73.12	4
GCL	74.12	1
GCL	74.62	3
GCL	75.38	1
GCL	76.13	3
GCL	76.88	0
GCL	77.64	2
GCL	78.89	1
GCL	80.15	2
GCL	80.65	1
GCL	82.16	0
GCL	83.92	1
GCL	86.68	0
GCL	89.45	1
# ACGT content per cycle. Use `grep ^GCC | cut -f 2-` to extract this part. The columns are: cycle; A,C,G,T base counts as a percentage of all A/C/G/T bases [%]; and N and O counts as a percentage of all A/C/G/T bases [%]
GCC	1	22.09	28.22	30.21	19.48	1.23	0.00
GCC	2	26.52	20.15	24.55	28.79	0.00	0.00
GCC	3	28.79	24.55	21.52	25.15	0.00	0.00
GCC	4	28.48	24.70	21.36	25.45	0.00	0.00
GCC	5	30.91	24.55	20.15	24.39	0.00	0.00
GCC	6	28.79	18.33	24.39	28.48	0.00	0.00
GCC	7	28.48	22.12	22.42	26.97	0.00	0.00
GCC	8	27.27	25.00	22.88	24.85	0.00	0.00
GCC	9	25.76	26.36	20.91	26.97	0.00	0.00
GCC	10	28.03	20.45	23.64	27.88	0.00	0.00
GCC	11	25.45	26.06	23.64	24.85	0.00	0.00
GCC	12	22.76	25.64	23.67	27.92	0.15	0.00
GCC	13	26.06	25.00	23.33	25.61	0.00	0.00
GCC	14	25.61	27.12	21.06	26.21	0.00	0.00
GCC	15	24.09	24.70	23.64	27.58	0.00	0.00
GCC	16	26.67	23.48	23.94	25.91	0.00	0.00
GCC	17	29.39	22.58	26.06	21.97	0.00	0.00
GCC	18	24.85	24.09	22.88	28.18	0.00	0.00
GCC	19	28.79	22.42	24.09	24.70	0.00	0.00
GCC	20	26.82	24.39	25.61	23.18	0.00	0.00
GCC	21	27.58	23.03	24.39	25.00	0.00	0.00
GCC	22	25.76	26.82	19.09	28.33	0.00	0.00
GCC	23	29.24	22.58	23.48	24.70	0.00	0.00
GCC	24	27.58	21.67	23.48	27.27	0.00	0.00
GCC	25	27.31	23.37	21.55	27.77	0.15	0.00
GCC	26	25.30	21.36	23.48	29.85	0.00	0.00
GCC	27	28.29	24.16	22.17	25.38	0.92	0.00
GCC	28	25.84	24.62	24.32	25.23	0.30	0.00
GCC	29	27.96	23.71	21.88	26.44	0.30	0.00
GCC	30	28.64	21.97	23.33	26.06	0.00	0.00
GCC	31	27.27	24.55	23.94	24.24	0.00	0.00
GCC	32	25.91	24.39	22.27	27.42	0.00	0.00
GCC	33	28.64	25.00	20.76	25.61	0.00	0.00
GCC	34	22.42	24.09	27.27	26.21	0.00	0.00
GCC	35	25.30	27.58	25.45	21.67	0.00	0.00
GCC	36	26.67	20.91	26.06	26.36	0.00	0.00
GCC	37	28.07	24.43	22.00	25.49	0.15	0.00
GCC	38	26.82	23.33	22.88	26.97	0.00	0.00
GCC	39	24.77	24.62	23.56	27.05	0.30	0.00
GCC	40	27.77	21.55	25.04	25.64	0.15	0.00
GCC	41	26.06	24.09	24.70	25.15	0.00	0.00
GCC	42	28.18	25.00	25.61	21.21	0.00	0.00
GCC	43	26.36	24.55	27.27	21.82	0.00	0.00
GCC	44	25.08	23.40	25.38	26.14	0.30	0.00
GCC	45	26.36	24.39	24.70	24.55	0.00	0.00
GCC	46	27.25	21.31	25.88	25.57	0.46	0.00
GCC	47	30.61	25.00	22.27	22.12	0.00	0.00
GCC	48	23.33	26.06	23.03	27.58	0.00	0.00
GCC	49	28.03	22.73	24.09	25.15	0.00	0.00
GCC	50	25.30	23.18	21.97	29.55	0.00	0.00
GCC	51	32.12	20.76	22.27	24.85	0.00	0.00
GCC	52	29.14	19.58	25.95	25.34	0.15	0.00
GCC	53	29.09	22.42	26.67	21.82	0.00	0.00
GCC	54	26.21	23.18	21.52	29.09	0.00	0.00
GCC	55	25.76	25.61	24.55	24.09	0.00	0.00
GCC	56	25.30	24.85	22.88	26.97	0.00	0.00
GCC	57	26.36	22.88	25.61	25.15	0.00	0.00
GCC	58	25.61	23.94	25.61	24.85	0.00	0.00
GCC	59	26.21	23.64	24.24	25.91	0.00	0.00
GCC	60	24.24	22.73	26.52	26.52	0.00	0.00
GCC	61	24.70	23.64	23.94	27.73	0.00	0.00
GCC	62	27.58	22.88	22.27	27.27	0.00	0.00
GCC	63	28.64	22.27	24.55	24.55	0.00	0.00
GCC	64	25.76	21.21	25.76	27.27	0.00	0.00
GCC	65	27.42	23.03	24.39	25.15	0.00	0.00
GCC	66	26.21	23.03	24.09	26.67	0.00	0.00
GCC	67	26.06	25.15	23.64	25.15	0.00	0.00
GCC	68	26.36	24.39	23.18	26.06	0.00	0.00
GCC	69	27.12	23.03	23.03	26.82	0.00	0.00
GCC	70	26.67	24.70	23.94	24.70	0.00	0.00
GCC	71	24.24	23.48	26.67	25.61	0.00	0.00
GCC	72	26.52	22.12	27.12	24.24	0.00	0.00
GCC	73	26.82	24.85	24.70	23.64	0.00	0.00
GCC	74	28.79	23.48	23.79	23.94	0.00	0.00
GCC	75	25.91	26.36	22.73	25.00	0.00	0.00
GCC	76	23.64	24.39	27.73	24.24	0.00	0.00
GCC	77	24.70	23.18	25.30	26.82	0.00	0.00
GCC	78	27.12	24.24	22.42	26.21	0.00	0.00
GCC	79	26.97	24.09	25.00	23.94	0.00	0.00
GCC	80	25.00	26.21	24.85	23.94	0.00	0.00
GCC	81	29.24	22.88	26.82	21.06	0.00	0.00
GCC	82	22.12	24.70	29.39	23.79	0.00	0.00
GCC	83	25.30	22.73	28.18	23.79	0.00	0.00
GCC	84	24.85	23.64	26.52	25.00	0.00	0.00
GCC	85	25.45	24.09	27.27	23.18	0.00	0.00
GCC	86	22.88	24.85	29.55	22.73	0.00	0.00
GCC	87	27.12	25.76	25.91	21.21	0.00	0.00
GCC	88	25.91	23.94	26.36	23.79	0.00	0.00
GCC	89	25.91	23.03	28.79	22.27	0.00	0.00
GCC	90	24.09	24.70	25.76	25.45	0.00	0.00
GCC	91	23.03	27.12	25.61	24.24	0.00	0.00
GCC	92	21.06	23.03	28.33	27.58	0.00	0.00
GCC	93	25.61	25.61	24.39	24.39	0.00	0.00
GCC	94	23.64	24.09	29.70	22.58	0.00	0.00
GCC	95	23.33	25.61	24.70	26.36	0.00	0.00
GCC	96	26.82	23.18	24.70	25.30	0.00	0.00
GCC	97	25.76	23.48	28.79	21.97	0.00	0.00
GCC	98	25.15	26.06	25.45	23.33	0.00	0.00
GCC	99	25.45	25.30	24.70	24.55	0.00	0.00
GCC	100	24.39	24.39	22.73	28.48	0.00	0.00
GCC	101	22.31	22.76	27.77	27.16	0.00	0.00
GCC	102	27.16	23.22	28.22	21.40	0.00	0.00
GCC	103	30.05	24.43	22.15	23.37	0.00	0.00
GCC	104	28.72	25.08	25.99	20.21	0.15	0.00
GCC	105	25.53	24.16	24.47	25.84	0.00	0.00
GCC	106	26.29	26.60	23.86	23.25	0.00	0.00
GCC	107	25.23	22.19	27.51	25.08	0.00	0.00
GCC	108	25.38	24.77	26.29	23.56	0.00	0.00
GCC	109	25.04	23.82	28.09	23.05	0.00	0.00
GCC	110	24.15	23.69	25.85	26.31	0.31	0.00
GCC	111	22.55	25.31	26.69	25.46	0.00	0.00
GCC	112	23.16	25.92	26.23	24.69	0.00	0.00
GCC	113	24.85	23.93	26.99	24.23	0.00	0.00
GCC	114	27.15	24.69	24.85	23.31	0.00	0.00
GCC	115	26.84	22.70	27.76	22.70	0.00	0.00
GCC	116	24.46	25.69	25.38	24.46	0.00	0.00
GCC	117	26.54	22.22	25.00	26.23	0.00	0.00
GCC	118	25.77	23.77	25.31	25.15	0.00	0.00
GCC	119	23.61	27.01	25.93	23.46	0.00	0.00
GCC	120	24.11	24.27	26.12	25.50	0.00	0.00
GCC	121	24.65	22.79	26.05	26.51	0.00	0.00
GCC	122	26.44	21.93	26.75	24.88	0.00	0.00
GCC	123	26.64	22.59	25.08	25.70	0.00	0.00
GCC	124	25.08	25.23	27.73	21.96	0.00	0.00
GCC	125	25.39	26.17	24.77	23.68	0.00	0.00
GCC	126	26.95	25.39	25.39	22.27	0.00	0.00
GCC	127	23.36	26.48	26.01	24.14	0.00	0.00
GCC	128	25.70	26.79	26.17	21.34	0.00	0.00
GCC	129	23.12	25.94	26.56	24.38	0.00	0.00
GCC	130	25.39	25.71	25.55	23.35	0.00	0.00
GCC	131	25.75	20.09	28.57	25.59	0.00	0.00
GCC	132	26.81	25.08	24.76	23.34	0.00	0.00
GCC	133	26.62	27.10	22.66	23.61	0.00	0.00
GCC	134	24.92	21.11	28.10	25.87	0.00	0.00
GCC	135	25.12	24.64	21.46	28.78	0.00	0.00
GCC	136	25.68	27.27	23.44	23.60	0.00	0.00
GCC	137	24.56	23.44	28.23	23.76	0.00	0.00
GCC	138	26.79	24.56	24.88	23.76	0.00	0.00
GCC	139	24.60	27.16	25.40	22.84	0.00	0.00
GCC	140	22.60	24.52	27.72	25.16	0.00	0.00
GCC	141	26.37	24.76	24.76	24.12	0.00	0.00
GCC	142	25.16	22.74	27.58	24.52	0.00	0.00
GCC	143	25.32	24.35	26.61	23.71	0.00	0.00
GCC	144	28.04	21.07	24.64	26.26	0.00	0.00
GCC	145	24.03	27.44	25.32	23.21	0.00	0.00
GCC	146	28.36	25.57	25.90	20.16	0.00	0.00
GCC	147	27.15	25.66	21.69	25.50	0.00	0.00
GCC	148	30.98	21.72	25.08	22.22	0.00	0.00
GCC	149	30.07	21.65	27.49	20.79	0.00	0.00
GCC	150	25.32	28.78	23.50	22.40	0.00	0.00
GCC	151	26.46	26.46	27.13	19.96	0.00	0.00
# ACGT content per cycle, read oriented. Use `grep ^GCT | cut -f 2-` to extract this part. The columns are: cycle; A,C,G,T base counts as a percentage of all A/C/G/T bases [%]
GCT	1	22.55	28.68	29.75	19.02
GCT	2	28.18	20.30	24.39	27.12
GCT	3	28.33	25.61	20.45	25.61
GCT	4	29.39	25.00	21.06	24.55
GCT	5	31.97	25.30	19.39	23.33
GCT	6	29.09	18.33	24.39	28.18
GCT	7	27.27	21.82	22.73	28.18
GCT	8	25.30	25.76	22.12	26.82
GCT	9	26.06	25.76	21.52	26.67
GCT	10	28.48	20.30	23.79	27.42
GCT	11	26.21	26.52	23.18	24.09
GCT	12	22.91	25.19	24.13	27.77
GCT	13	25.91	24.85	23.48	25.76
GCT	14	25.15	27.27	20.91	26.67
GCT	15	25.00	25.00	23.33	26.67
GCT	16	24.55	23.79	23.64	28.03
GCT	17	29.24	23.33	25.30	22.12
GCT	18	25.61	24.55	22.42	27.42
GCT	19	30.00	22.42	24.09	23.48
GCT	20	26.06	24.85	25.15	23.94
GCT	21	27.58	23.33	24.09	25.00
GCT	22	27.27	26.21	19.70	26.82
GCT	23	29.70	23.33	22.73	24.24
GCT	24	28.79	21.97	23.18	26.06
GCT	25	27.62	24.28	20.64	27.47
GCT	26	27.12	22.58	22.27	28.03
GCT	27	29.20	23.85	22.48	24.46
GCT	28	26.14	24.62	24.32	24.92
GCT	29	27.51	24.16	21.43	26.90
GCT	30	28.33	22.27	23.03	26.36
GCT	31	27.73	23.79	24.70	23.79
GCT	32	25.91	24.09	22.58	27.42
GCT	33	27.42	24.70	21.06	26.82
GCT	34	23.64	23.48	27.88	25.00
GCT	35	26.06	27.73	25.30	20.91
GCT	36	24.85	20.61	26.36	28.18
GCT	37	26.71	23.67	22.76	26.86
GCT	38	26.52	23.33	22.88	27.27
GCT	39	24.32	23.86	24.32	27.51
GCT	40	28.53	20.49	26.10	24.89
GCT	41	26.06	25.61	23.18	25.15
GCT	42	28.48	25.00	25.61	20.91
GCT	43	27.27	25.15	26.67	20.91
GCT	44	24.47	24.62	24.16	26.75
GCT	45	26.36	24.70	24.39	24.55
GCT	46	28.31	21.46	25.72	24.51
GCT	47	29.39	25.00	22.27	23.33
GCT	48	23.94	25.45	23.64	26.97
GCT	49	27.73	22.42	24.39	25.45
GCT	50	25.45	22.73	22.42	29.39
GCT	51	31.36	20.61	22.42	25.61
GCT	52	29.89	19.42	26.10	24.58
GCT	53	30.61	23.33	25.76	20.30
GCT	54	27.27	22.73	21.97	28.03
GCT	55	26.36	25.00	25.15	23.48
GCT	56	26.21	23.94	23.79	26.06
GCT	57	26.82	23.03	25.45	24.70
GCT	58	26.97	22.58	26.97	23.48
GCT	59	27.88	23.18	24.70	24.24
GCT	60	25.76	23.33	25.91	25.00
GCT	61	27.42	23.33	24.24	25.00
GCT	62	28.79	22.88	22.27	26.06
GCT	63	29.09	21.52	25.30	24.09
GCT	64	24.85	21.21	25.76	28.18
GCT	65	27.12	22.12	25.30	25.45
GCT	66	28.03	22.12	25.00	24.85
GCT	67	26.97	25.45	23.33	24.24
GCT	68	24.39	23.94	23.64	28.03
GCT	69	26.97	22.88	23.18	26.97
GCT	70	25.15	24.70	23.94	26.21
GCT	71	26.06	24.09	26.06	23.79
GCT	72	27.42	22.73	26.52	23.33
GCT	73	27.58	24.39	25.15	22.88
GCT	74	30.30	23.48	23.79	22.42
GCT	75	26.06	26.21	22.88	24.85
GCT	76	23.18	23.64	28.48	24.70
GCT	77	23.94	22.42	26.06	27.58
GCT	78	26.36	24.39	22.27	26.97
GCT	79	27.27	23.79	25.30	23.64
GCT	80	24.70	25.61	25.45	24.24
GCT	81	28.79	23.03	26.67	21.52
GCT	82	22.88	23.64	30.45	23.03
GCT	83	26.06	23.79	27.12	23.03
GCT	84	26.21	24.70	25.45	23.64
GCT	85	25.61	23.03	28.33	23.03
GCT	86	23.79	26.06	28.33	21.82
GCT	87	29.24	26.06	25.61	19.09
GCT	88	25.61	24.85	25.45	24.09
GCT	89	26.36	23.18	28.64	21.82
GCT	90	24.55	24.85	25.61	25.00
GCT	91	24.55	26.52	26.21	22.73
GCT	92	21.52	22.88	28.48	27.12
GCT	93	25.15	25.76	24.24	24.85
GCT	94	23.94	24.70	29.09	22.27
GCT	95	24.24	26.21	24.09	25.45
GCT	96	27.27	23.03	24.85	24.85
GCT	97	26.21	23.94	28.33	21.52
GCT	98	26.21	26.52	25.00	22.27
GCT	99	25.00	25.45	24.55	25.00
GCT	100	24.09	23.18	23.94	28.79
GCT	101	23.22	22.76	27.77	26.25
GCT	102	27.01	23.98	27.47	21.55
GCT	103	29.89	23.37	23.22	23.52
GCT	104	29.03	26.60	24.47	19.91
GCT	105	26.29	24.32	24.32	25.08
GCT	106	26.44	25.53	24.92	23.10
GCT	107	25.53	22.49	27.20	24.77
GCT	108	26.14	24.62	26.44	22.80
GCT	109	25.19	23.36	28.55	22.90
GCT	110	24.00	23.54	26.00	26.46
GCT	111	22.55	24.69	27.30	25.46
GCT	112	23.01	24.85	27.30	24.85
GCT	113	26.07	24.23	26.69	23.01
GCT	114	26.84	25.00	24.54	23.62
GCT	115	26.23	22.70	27.76	23.31
GCT	116	25.23	24.92	26.15	23.69
GCT	117	26.85	22.22	25.00	25.93
GCT	118	24.69	23.61	25.46	26.23
GCT	119	23.30	27.01	25.93	23.77
GCT	120	26.43	24.73	25.66	23.18
GCT	121	24.65	23.41	25.43	26.51
GCT	122	26.75	22.86	25.82	24.57
GCT	123	28.04	22.12	25.55	24.30
GCT	124	24.14	25.86	27.10	22.90
GCT	125	24.61	25.08	25.86	24.45
GCT	126	25.39	25.08	25.70	23.83
GCT	127	24.61	25.55	26.95	22.90
GCT	128	25.39	28.04	24.92	21.65
GCT	129	24.22	25.47	27.03	23.28
GCT	130	24.45	25.71	25.55	24.29
GCT	131	25.90	20.57	28.10	25.43
GCT	132	24.76	24.92	24.92	25.39
GCT	133	25.83	26.62	23.14	24.41
GCT	134	24.60	22.06	27.14	26.19
GCT	135	26.07	24.96	21.14	27.82
GCT	136	27.43	27.75	22.97	21.85
GCT	137	24.72	24.56	27.11	23.60
GCT	138	25.84	24.24	25.20	24.72
GCT	139	24.92	26.52	26.04	22.52
GCT	140	23.24	25.16	27.08	24.52
GCT	141	26.05	24.76	24.76	24.44
GCT	142	26.45	23.06	27.26	23.23
GCT	143	24.52	24.84	26.13	24.52
GCT	144	27.88	21.23	24.47	26.42
GCT	145	25.16	27.92	24.84	22.08
GCT	146	28.20	26.07	25.41	20.33
GCT	147	28.48	26.32	21.03	24.17
GCT	148	32.15	22.22	24.58	21.04
GCT	149	29.55	21.99	27.15	21.31
GCT	150	24.04	28.60	23.68	23.68
GCT	151	26.46	25.56	28.03	19.96
# ACGT content per cycle for first fragments. Use `grep ^FBC | cut -f 2-` to extract this part. The columns are: cycle; A,C,G,T base counts as a percentage of all A/C/G/T bases [%]; and N and O counts as a percentage of all A/C/G/T bases [%]
FBC	1	21.34	26.52	32.01	20.12	0.61	0.00
FBC	2	28.48	15.76	27.27	28.48	0.00	0.00
FBC	3	25.45	25.45	22.42	26.67	0.00	0.00
FBC	4	27.58	23.64	21.82	26.97	0.00	0.00
FBC	5	32.42	24.24	18.79	24.55	0.00	0.00
FBC	6	30.30	16.06	25.45	28.18	0.00	0.00
FBC	7	28.79	23.64	21.21	26.36	0.00	0.00
FBC	8	26.97	25.45	22.42	25.15	0.00	0.00
FBC	9	26.97	27.58	20.00	25.45	0.00	0.00
FBC	10	31.82	19.39	21.21	27.58	0.00	0.00
FBC	11	26.36	27.58	20.61	25.45	0.00	0.00
FBC	12	23.64	27.88	22.42	26.06	0.00	0.00
FBC	13	24.85	25.76	23.64	25.76	0.00	0.00
FBC	14	25.15	28.18	20.30	26.36	0.00	0.00
FBC	15	25.76	27.88	20.30	26.06	0.00	0.00
FBC	16	26.06	23.03	22.12	28.79	0.00	0.00
FBC	17	30.00	21.82	25.15	23.03	0.00	0.00
FBC	18	24.55	23.33	23.64	28.48	0.00	0.00
FBC	19	27.58	20.91	23.64	27.88	0.00	0.00
FBC	20	26.36	21.52	27.88	24.24	0.00	0.00
FBC	21	28.18	21.82	23.64	26.36	0.00	0.00
FBC	22	22.73	25.76	19.70	31.82	0.00	0.00
FBC	23	27.88	21.21	25.76	25.15	0.00	0.00
FBC	24	25.76	21.21	23.94	29.09	0.00	0.00
FBC	25	24.55	25.45	19.70	30.30	0.00	0.00
FBC	26	23.94	19.09	24.85	32.12	0.00	0.00
FBC	27	26.75	24.62	24.62	24.01	0.30	0.00
FBC	28	26.22	25.30	24.39	24.09	0.61	0.00
FBC	29	28.66	21.65	19.82	29.88	0.61	0.00
FBC	30	30.30	21.82	21.82	26.06	0.00	0.00
FBC	31	30.00	26.36	19.09	24.55	0.00	0.00
FBC	32	24.55	25.45	22.12	27.88	0.00	0.00
FBC	33	26.67	26.97	21.82	24.55	0.00	0.00
FBC	34	22.12	23.03	26.67	28.18	0.00	0.00
FBC	35	25.45	25.45	25.45	23.64	0.00	0.00
FBC	36	27.58	18.79	24.85	28.79	0.00	0.00
FBC	37	28.48	24.24	22.12	25.15	0.00	0.00
FBC	38	28.18	25.15	18.18	28.48	0.00	0.00
FBC	39	24.70	23.48	24.39	27.44	0.61	0.00
FBC	40	29.79	23.40	23.40	23.40	0.30	0.00
FBC	41	28.79	20.91	23.03	27.27	0.00	0.00
FBC	42	28.79	20.91	28.79	21.52	0.00	0.00
FBC	43	23.94	25.76	27.58	22.73	0.00	0.00
FBC	44	24.70	24.70	21.95	28.66	0.61	0.00
FBC	45	22.12	28.48	25.15	24.24	0.00	0.00
FBC	46	26.22	21.34	26.83	25.61	0.61	0.00
FBC	47	28.18	26.06	22.12	23.64	0.00	0.00
FBC	48	23.94	25.76	22.12	28.18	0.00	0.00
FBC	49	26.36	24.55	20.30	28.79	0.00	0.00
FBC	50	28.79	21.82	20.00	29.39	0.00	0.00
FBC	51	33.03	19.39	20.91	26.67	0.00	0.00
FBC	52	28.48	19.09	27.27	25.15	0.00	0.00
FBC	53	30.00	21.52	26.67	21.82	0.00	0.00
FBC	54	26.67	23.94	20.30	29.09	0.00	0.00
FBC	55	24.85	25.76	23.94	25.45	0.00	0.00
FBC	56	23.64	26.97	22.12	27.27	0.00	0.00
FBC	57	26.67	23.94	26.06	23.33	0.00	0.00
FBC	58	26.36	24.24	24.55	24.85	0.00	0.00
FBC	59	25.45	22.42	22.73	29.39	0.00	0.00
FBC	60	21.52	23.64	25.76	29.09	0.00	0.00
FBC	61	21.52	25.76	23.64	29.09	0.00	0.00
FBC	62	27.88	22.42	20.91	28.79	0.00	0.00
FBC	63	28.48	21.52	23.94	26.06	0.00	0.00
FBC	64	27.27	18.48	25.76	28.48	0.00	0.00
FBC	65	24.55	23.33	25.15	26.97	0.00	0.00
FBC	66	28.48	22.42	24.85	24.24	0.00	0.00
FBC	67	28.79	25.45	20.91	24.85	0.00	0.00
FBC	68	24.24	23.64	24.55	27.58	0.00	0.00
FBC	69	27.88	26.67	21.21	24.24	0.00	0.00
FBC	70	23.03	23.64	27.27	26.06	0.00	0.00
FBC	71	25.76	26.36	24.24	23.64	0.00	0.00
FBC	72	27.58	22.12	27.58	22.73	0.00	0.00
FBC	73	26.67	25.76	23.03	24.55	0.00	0.00
FBC	74	28.79	21.82	24.85	24.55	0.00	0.00
FBC	75	26.06	26.36	20.00	27.58	0.00	0.00
FBC	76	23.94	22.12	26.97	26.97	0.00	0.00
FBC	77	24.85	24.24	25.15	25.76	0.00	0.00
FBC	78	29.09	22.42	23.03	25.45	0.00	0.00
FBC	79	26.06	28.79	22.73	22.42	0.00	0.00
FBC	80	26.06	27.58	21.52	24.85	0.00	0.00
FBC	81	30.00	24.24	26.67	19.09	0.00	0.00
FBC	82	19.39	27.58	30.30	22.73	0.00	0.00
FBC	83	22.42	26.06	25.76	25.76	0.00	0.00
FBC	84	21.52	28.79	26.36	23.33	0.00	0.00
FBC	85	23.03	23.03	25.76	28.18	0.00	0.00
FBC	86	22.73	24.24	28.48	24.55	0.00	0.00
FBC	87	25.15	26.06	28.48	20.30	0.00	0.00
FBC	88	27.88	25.15	23.94	23.03	0.00	0.00
FBC	89	25.76	25.15	26.36	22.73	0.00	0.00
FBC	90	23.94	26.06	26.97	23.03	0.00	0.00
FBC	91	21.52	27.27	24.85	26.36	0.00	0.00
FBC	92	23.64	23.64	25.45	27.27	0.00	0.00
FBC	93	24.24	26.06	24.55	25.15	0.00	0.00
FBC	94	20.30	22.73	33.64	23.33	0.00	0.00
FBC	95	21.52	27.27	21.21	30.00	0.00	0.00
FBC	96	26.36	24.55	23.64	25.45	0.00	0.00
FBC	97	26.36	22.42	27.88	23.33	0.00	0.00
FBC	98	26.06	26.67	25.76	21.52	0.00	0.00
FBC	99	20.91	28.79	24.24	26.06	0.00	0.00
FBC	100	24.55	23.33	25.15	26.97	0.00	0.00
FBC	101	22.12	22.12	25.45	30.30	0.00	0.00
FBC	102	27.27	23.33	27.27	22.12	0.00	0.00
FBC	103	26.67	27.88	21.21	24.24	0.00	0.00
FBC	104	25.23	26.14	28.88	19.76	0.30	0.00
FBC	105	25.15	26.67	25.15	23.03	0.00	0.00
FBC	106	26.67	26.67	24.55	22.12	0.00	0.00
FBC	107	25.76	26.06	24.85	23.33	0.00	0.00
FBC	108	23.33	25.15	28.18	23.33	0.00	0.00
FBC	109	25.45	25.76	26.67	22.12	0.00	0.00
FBC	110	23.10	22.19	28.27	26.44	0.00	0.00
FBC	111	21.58	23.40	28.27	26.75	0.00	0.00
FBC	112	21.88	26.44	24.92	26.75	0.00	0.00
FBC	113	23.40	22.49	25.53	28.57	0.00	0.00
FBC	114	28.57	24.62	26.75	20.06	0.00	0.00
FBC	115	30.09	23.40	24.62	21.88	0.00	0.00
FBC	116	24.01	24.01	24.32	27.66	0.00	0.00
FBC	117	28.05	22.87	22.87	26.22	0.00	0.00
FBC	118	23.78	25.91	25.30	25.00	0.00	0.00
FBC	119	26.22	27.13	22.87	23.78	0.00	0.00
FBC	120	22.63	23.85	27.83	25.69	0.00	0.00
FBC	121	26.38	24.54	24.23	24.85	0.00	0.00
FBC	122	25.46	25.15	26.07	23.31	0.00	0.00
FBC	123	26.99	24.54	23.31	25.15	0.00	0.00
FBC	124	27.30	23.93	27.30	21.47	0.00	0.00
FBC	125	24.23	26.07	24.85	24.85	0.00	0.00
FBC	126	24.54	26.99	26.07	22.39	0.00	0.00
FBC	127	23.31	23.31	29.75	23.62	0.00	0.00
FBC	128	28.53	24.23	25.15	22.09	0.00	0.00
FBC	129	22.09	26.99	29.45	21.47	0.00	0.00
FBC	130	27.61	25.15	25.77	21.47	0.00	0.00
FBC	131	27.30	19.33	27.91	25.46	0.00	0.00
FBC	132	26.46	25.23	26.77	21.54	0.00	0.00
FBC	133	27.16	30.25	22.84	19.75	0.00	0.00
FBC	134	21.30	20.99	26.54	31.17	0.00	0.00
FBC	135	26.32	26.01	20.74	26.93	0.00	0.00
FBC	136	25.47	26.71	22.67	25.16	0.00	0.00
FBC	137	23.60	22.05	28.88	25.47	0.00	0.00
FBC	138	24.53	24.84	26.71	23.91	0.00	0.00
FBC	139	22.67	26.09	26.09	25.16	0.00	0.00
FBC	140	19.63	26.48	30.53	23.36	0.00	0.00
FBC	141	24.38	27.81	24.06	23.75	0.00	0.00
FBC	142	24.38	20.00	30.00	25.62	0.00	0.00
FBC	143	21.56	26.56	27.19	24.69	0.00	0.00
FBC	144	25.71	22.88	26.33	25.08	0.00	0.00
FBC	145	21.94	28.53	27.27	22.26	0.00	0.00
FBC	146	25.32	25.95	26.58	22.15	0.00	0.00
FBC	147	26.52	28.12	18.85	26.52	0.00	0.00
FBC	148	26.54	23.30	25.24	24.92	0.00	0.00
FBC	149	27.15	22.19	28.48	22.19	0.00	0.00
FBC	150	24.91	28.72	22.84	23.53	0.00	0.00
FBC	151	22.62	28.57	26.98	21.83	0.00	0.00
# ACGT raw counters for first fragments. Use `grep ^FTC | cut -f 2-` to extract this part. The columns are: A,C,G,T,N base counters
FTC	12703	12058	12171	12507	15
# ACGT content per cycle for last fragments. Use `grep ^LBC | cut -f 2-` to extract this part. The columns are: cycle; A,C,G,T base counts as a percentage of all A/C/G/T bases [%]; and N and O counts as a percentage of all A/C/G/T bases [%]
LBC	1	22.84	29.94	28.40	18.83	1.85	0.00
LBC	2	24.55	24.55	21.82	29.09	0.00	0.00
LBC	3	32.12	23.64	20.61	23.64	0.00	0.00
LBC	4	29.39	25.76	20.91	23.94	0.00	0.00
LBC	5	29.39	24.85	21.52	24.24	0.00	0.00
LBC	6	27.27	20.61	23.33	28.79	0.00	0.00
LBC	7	28.18	20.61	23.64	27.58	0.00	0.00
LBC	8	27.58	24.55	23.33	24.55	0.00	0.00
LBC	9	24.55	25.15	21.82	28.48	0.00	0.00
LBC	10	24.24	21.52	26.06	28.18	0.00	0.00
LBC	11	24.55	24.55	26.67	24.24	0.00	0.00
LBC	12	21.88	23.40	24.92	29.79	0.30	0.00
LBC	13	27.27	24.24	23.03	25.45	0.00	0.00
LBC	14	26.06	26.06	21.82	26.06	0.00	0.00
LBC	15	22.42	21.52	26.97	29.09	0.00	0.00
LBC	16	27.27	23.94	25.76	23.03	0.00	0.00
LBC	17	28.79	23.33	26.97	20.91	0.00	0.00
LBC	18	25.15	24.85	22.12	27.88	0.00	0.00
LBC	19	30.00	23.94	24.55	21.52	0.00	0.00
LBC	20	27.27	27.27	23.33	22.12	0.00	0.00
LBC	21	26.97	24.24	25.15	23.64	0.00	0.00
LBC	22	28.79	27.88	18.48	24.85	0.00	0.00
LBC	23	30.61	23.94	21.21	24.24	0.00	0.00
LBC	24	29.39	22.12	23.03	25.45	0.00	0.00
LBC	25	30.09	21.28	23.40	25.23	0.30	0.00
LBC	26	26.67	23.64	22.12	27.58	0.00	0.00
LBC	27	29.85	23.69	19.69	26.77	1.54	0.00
LBC	28	25.45	23.94	24.24	26.36	0.00	0.00
LBC	29	27.27	25.76	23.94	23.03	0.00	0.00
LBC	30	26.97	22.12	24.85	26.06	0.00	0.00
LBC	31	24.55	22.73	28.79	23.94	0.00	0.00
LBC	32	27.27	23.33	22.42	26.97	0.00	0.00
LBC	33	30.61	23.03	19.70	26.67	0.00	0.00
LBC	34	22.73	25.15	27.88	24.24	0.00	0.00
LBC	35	25.15	29.70	25.45	19.70	0.00	0.00
LBC	36	25.76	23.03	27.27	23.94	0.00	0.00
LBC	37	27.66	24.62	21.88	25.84	0.30	0.00
LBC	38	25.45	21.52	27.58	25.45	0.00	0.00
LBC	39	24.85	25.76	22.73	26.67	0.00	0.00
LBC	40	25.76	19.70	26.67	27.88	0.00	0.00
LBC	41	23.33	27.27	26.36	23.03	0.00	0.00
LBC	42	27.58	29.09	22.42	20.91	0.00	0.00
LBC	43	28.79	23.33	26.97	20.91	0.00	0.00
LBC	44	25.45	22.12	28.79	23.64	0.00	0.00
LBC	45	30.61	20.30	24.24	24.85	0.00	0.00
LBC	46	28.27	21.28	24.92	25.53	0.30	0.00
LBC	47	33.03	23.94	22.42	20.61	0.00	0.00
LBC	48	22.73	26.36	23.94	26.97	0.00	0.00
LBC	49	29.70	20.91	27.88	21.52	0.00	0.00
LBC	50	21.82	24.55	23.94	29.70	0.00	0.00
LBC	51	31.21	22.12	23.64	23.03	0.00	0.00
LBC	52	29.79	20.06	24.62	25.53	0.30	0.00
LBC	53	28.18	23.33	26.67	21.82	0.00	0.00
LBC	54	25.76	22.42	22.73	29.09	0.00	0.00
LBC	55	26.67	25.45	25.15	22.73	0.00	0.00
LBC	56	26.97	22.73	23.64	26.67	0.00	0.00
LBC	57	26.06	21.82	25.15	26.97	0.00	0.00
LBC	58	24.85	23.64	26.67	24.85	0.00	0.00
LBC	59	26.97	24.85	25.76	22.42	0.00	0.00
LBC	60	26.97	21.82	27.27	23.94	0.00	0.00
LBC	61	27.88	21.52	24.24	26.36	0.00	0.00
LBC	62	27.27	23.33	23.64	25.76	0.00	0.00
LBC	63	28.79	23.03	25.15	23.03	0.00	0.00
LBC	64	24.24	23.94	25.76	26.06	0.00	0.00
LBC	65	30.30	22.73	23.64	23.33	0.00	0.00
LBC	66	23.94	23.64	23.33	29.09	0.00	0.00
LBC	67	23.33	24.85	26.36	25.45	0.00	0.00
LBC	68	28.48	25.15	21.82	24.55	0.00	0.00
LBC	69	26.36	19.39	24.85	29.39	0.00	0.00
LBC	70	30.30	25.76	20.61	23.33	0.00	0.00
LBC	71	22.73	20.61	29.09	27.58	0.00	0.00
LBC	72	25.45	22.12	26.67	25.76	0.00	0.00
LBC	73	26.97	23.94	26.36	22.73	0.00	0.00
LBC	74	28.79	25.15	22.73	23.33	0.00	0.00
LBC	75	25.76	26.36	25.45	22.42	0.00	0.00
LBC	76	23.33	26.67	28.48	21.52	0.00	0.00
LBC	77	24.55	22.12	25.45	27.88	0.00	0.00
LBC	78	25.15	26.06	21.82	26.97	0.00	0.00
LBC	79	27.88	19.39	27.27	25.45	0.00	0.00
LBC	80	23.94	24.85	28.18	23.03	0.00	0.00
LBC	81	28.48	21.52	26.97	23.03	0.00	0.00
LBC	82	24.85	21.82	28.48	24.85	0.00	0.00
LBC	83	28.18	19.39	30.61	21.82	0.00	0.00
LBC	84	28.18	18.48	26.67	26.67	0.00	0.00
LBC	85	27.88	25.15	28.79	18.18	0.00	0.00
LBC	86	23.03	25.45	30.61	20.91	0.00	0.00
LBC	87	29.09	25.45	23.33	22.12	0.00	0.00
LBC	88	23.94	22.73	28.79	24.55	0.00	0.00
LBC	89	26.06	20.91	31.21	21.82	0.00	0.00
LBC	90	24.24	23.33	24.55	27.88	0.00	0.00
LBC	91	24.55	26.97	26.36	22.12	0.00	0.00
LBC	92	18.48	22.42	31.21	27.88	0.00	0.00
LBC	93	26.97	25.15	24.24	23.64	0.00	0.00
LBC	94	26.97	25.45	25.76	21.82	0.00	0.00
LBC	95	25.15	23.94	28.18	22.73	0.00	0.00
LBC	96	27.27	21.82	25.76	25.15	0.00	0.00
LBC	97	25.15	24.55	29.70	20.61	0.00	0.00
LBC	98	24.24	25.45	25.15	25.15	0.00	0.00
LBC	99	30.00	21.82	25.15	23.03	0.00	0.00
LBC	100	24.24	25.45	20.30	30.00	0.00	0.00
LBC	101	22.49	23.40	30.09	24.01	0.00	0.00
LBC	102	27.05	23.10	29.18	20.67	0.00	0.00
LBC	103	33.43	20.97	23.10	22.49	0.00	0.00
LBC	104	32.22	24.01	23.10	20.67	0.00	0.00
LBC	105	25.91	21.65	23.78	28.66	0.00	0.00
LBC	106	25.91	26.52	23.17	24.39	0.00	0.00
LBC	107	24.70	18.29	30.18	26.83	0.00	0.00
LBC	108	27.44	24.39	24.39	23.78	0.00	0.00
LBC	109	24.62	21.85	29.54	24.00	0.00	0.00
LBC	110	25.23	25.23	23.36	26.17	0.62	0.00
LBC	111	23.53	27.24	25.08	24.15	0.00	0.00
LBC	112	24.46	25.39	27.55	22.60	0.00	0.00
LBC	113	26.32	25.39	28.48	19.81	0.00	0.00
LBC	114	25.70	24.77	22.91	26.63	0.00	0.00
LBC	115	23.53	21.98	30.96	23.53	0.00	0.00
LBC	116	24.92	27.41	26.48	21.18	0.00	0.00
LBC	117	25.00	21.56	27.19	26.25	0.00	0.00
LBC	118	27.81	21.56	25.31	25.31	0.00	0.00
LBC	119	20.94	26.88	29.06	23.12	0.00	0.00
LBC	120	25.62	24.69	24.38	25.31	0.00	0.00
LBC	121	22.88	21.00	27.90	28.21	0.00	0.00
LBC	122	27.44	18.61	27.44	26.50	0.00	0.00
LBC	123	26.27	20.57	26.90	26.27	0.00	0.00
LBC	124	22.78	26.58	28.16	22.47	0.00	0.00
LBC	125	26.58	26.27	24.68	22.47	0.00	0.00
LBC	126	29.43	23.73	24.68	22.15	0.00	0.00
LBC	127	23.42	29.75	22.15	24.68	0.00	0.00
LBC	128	22.78	29.43	27.22	20.57	0.00	0.00
LBC	129	24.20	24.84	23.57	27.39	0.00	0.00
LBC	130	23.08	26.28	25.32	25.32	0.00	0.00
LBC	131	24.12	20.90	29.26	25.72	0.00	0.00
LBC	132	27.18	24.92	22.65	25.24	0.00	0.00
LBC	133	26.06	23.78	22.48	27.69	0.00	0.00
LBC	134	28.76	21.24	29.74	20.26	0.00	0.00
LBC	135	23.86	23.20	22.22	30.72	0.00	0.00
LBC	136	25.90	27.87	24.26	21.97	0.00	0.00
LBC	137	25.57	24.92	27.54	21.97	0.00	0.00
LBC	138	29.18	24.26	22.95	23.61	0.00	0.00
LBC	139	26.64	28.29	24.67	20.39	0.00	0.00
LBC	140	25.74	22.44	24.75	27.06	0.00	0.00
LBC	141	28.48	21.52	25.50	24.50	0.00	0.00
LBC	142	26.00	25.67	25.00	23.33	0.00	0.00
LBC	143	29.33	22.00	26.00	22.67	0.00	0.00
LBC	144	30.54	19.13	22.82	27.52	0.00	0.00
LBC	145	26.26	26.26	23.23	24.24	0.00	0.00
LBC	146	31.63	25.17	25.17	18.03	0.00	0.00
LBC	147	27.84	23.02	24.74	24.40	0.00	0.00
LBC	148	35.79	20.00	24.91	19.30	0.00	0.00
LBC	149	33.21	21.07	26.43	19.29	0.00	0.00
LBC	150	25.77	28.85	24.23	21.15	0.00	0.00
LBC	151	31.44	23.71	27.32	17.53	0.00	0.00
# ACGT raw counters for last fragments. Use `grep ^LTC | cut -f 2-` to extract this part. The columns are: A,C,G,T,N base counters
LTC	12960	11592	12313	11929	18
# Insert sizes. Use `grep ^IS | cut -f 2-` to extract this part. The columns are: insert size, pairs total, inward oriented pairs, outward oriented pairs, other pairs
IS	0	0	0	0	0
IS	1	0	0	0	0
IS	2	0	0	0	0
IS	3	0	0	0	0
IS	4	0	0	0	0
IS	5	0	0	0	0
IS	6	0	0	0	0
IS	7	0	0	0	0
IS	8	0	0	0	0
IS	9	0	0	0	0
IS	10	0	0	0	0
IS	11	0	0	0	0
IS	12	0	0	0	0
IS	13	0	0	0	0
IS	14	0	0	0	0
IS	15	0	0	0	0
IS	16	0	0	0	0
IS	17	0	0	0	0
IS	18	0	0	0	0
IS	19	0	0	0	0
IS	20	0	0	0	0
IS	21	0	0	0	0
IS	22	0	0	0	0
IS	23	0	0	0	0
IS	24	0	0	0	0
IS	25	0	0	0	0
IS	26	0	0	0	0
IS	27	0	0	0	0
IS	28	0	0	0	0
IS	29	0	0	0	0
IS	30	0	0	0	0
IS	31	0	0	0	0
IS	32	0	0	0	0
IS	33	0	0	0	0
IS	34	0	0	0	0
IS	35	0	0	0	0
IS	36	0	0	0	0
IS	37	0	0	0	0
IS	38	0	0	0	0
IS	39	0	0	0	0
IS	40	0	0	0	0
IS	41	0	0	0	0
IS	42	0	0	0	0
IS	43	0	0	0	0
IS	44	0	0	0	0
IS	45	0	0	0	0
IS	46	0	0	0	0
IS	47	0	0	0	0
IS	48	0	0	0	0
IS	49	0	0	0	0
IS	50	0	0	0	0
IS	51	0	0	0	0
IS	52	0	0	0	0
IS	53	0	0	0	0
IS	54	0	0	0	0
IS	55	0	0	0	0
IS	56	0	0	0	0
IS	57	0	0	0	0
IS	58	0	0	0	0
IS	59	0	0	0	0
IS	60	0	0	0	0
IS	61	0	0	0	0
IS	62	0	0	0	0
IS	63	0	0	0	0
IS	64	0	0	0	0
IS	65	0	0	0	0
IS	66	0	0	0	0
IS	67	0	0	0	0
IS	68	0	0	0	0
IS	69	0	0	0	0
IS	70	0	0	0	0
IS	71	0	0	0	0
IS	72	0	0	0	0
IS	73	0	0	0	0
IS	74	0	0	0	0
IS	75	0	0	0	0
IS	76	0	0	0	0
IS	77	0	0	0	0
IS	78	0	0	0	0
IS	79	0	0	0	0
IS	80	0	0	0	0
IS	81	0	0	0	0
IS	82	0	0	0	0
IS	83	0	0	0	0
IS	84	0	0	0	0
IS	85	0	0	0	0
IS	86	0	0	0	0
IS	87	0	0	0	0
IS	88	0	0	0	0
IS	89	0	0	0	0
IS	90	0	0	0	0
IS	91	0	0	0	0
IS	92	0	0	0	0
IS	93	0	0	0	0
IS	94	0	0	0	0
IS	95	0	0	0	0
IS	96	0	0	0	0
IS	97	0	0	0	0
IS	98	0	0	0	0
IS	99	0	0	0	0
IS	100	0	0	0	0
IS	101	0	0	0	0
IS	102	0	0	0	0
IS	103	0	0	0	0
IS	104	0	0	0	0
IS	105	0	0	0	0
IS	106	0	0	0	0
IS	107	0	0	0	0
IS	108	0	0	0	0
IS	109	0	0	0	0
IS	110	0	0	0	0
IS	111	0	0	0	0
IS	112	0	0	0	0
IS	113	0	0	0	0
IS	114	0	0	0	0
IS	115	0	0	0	0
IS	116	0	0	0	0
IS	117	0	0	0	0
IS	118	0	0	0	0
IS	119	0	0	0	0
IS	120	0	0	0	0
IS	121	0	0	0	0
IS	122	0	0	0	0
IS	123	0	0	0	0
IS	124	0	0	0	0
IS	125	0	0	0	0
IS	126	0	0	0	0
IS	127	0	0	0	0
IS	128	0	0	0	0
IS	129	0	0	0	0
IS	130	0	0	0	0
IS	131	0	0	0	0
IS	132	0	0	0	0
IS	133	0	0	0	0
IS	134	0	0	0	0
IS	135	0	0	0	0
IS	136	0	0	0	0
IS	137	0	0	0	0
IS	138	0	0	0	0
IS	139	0	0	0	0
IS	140	0	0	0	0
IS	141	0	0	0	0
IS	142	0	0	0	0
IS	143	0	0	0	0
IS	144	0	0	0	0
IS	145	0	0	0	0
IS	146	0	0	0	0
IS	147	0	0	0	0
IS	148	0	0	0	0
IS	149	0	0	0	0
IS	150	0	0	0	0
IS	151	0	0	0	0
IS	152	0	0	0	0
IS	153	0	0	0	0
IS	154	0	0	0	0
IS	155	0	0	0	0
IS	156	0	0	0	0
IS	157	0	0	0	0
IS	158	0	0	0	0
IS	159	0	0	0	0
IS	160	0	0	0	0
IS	161	0	0	0	0
IS	162	0	0	0	0
IS	163	0	0	0	0
IS	164	0	0	0	0
IS	165	0	0	0	0
IS	166	0	0	0	0
IS	167	0	0	0	0
IS	168	0	0	0	0
IS	169	0	0	0	0
IS	170	0	0	0	0
IS	171	0	0	0	0
IS	172	0	0	0	0
IS	173	0	0	0	0
IS	174	0	0	0	0
IS	175	0	0	0	0
IS	176	0	0	0	0
IS	177	0	0	0	0
IS	178	0	0	0	0
IS	179	0	0	0	0
IS	180	0	0	0	0
IS	181	0	0	0	0
IS	182	0	0	0	0
IS	183	0	0	0	0
IS	184	0	0	0	0
IS	185	0	0	0	0
IS	186	1	1	0	0
IS	187	0	0	0	0
IS	188	0	0	0	0
IS	189	0	0	0	0
IS	190	0	0	0	0
IS	191	0	0	0	0
IS	192	0	0	0	0
IS	193	0	0	0	0
IS	194	0	0	0	0
IS	195	0	0	0	0
IS	196	0	0	0	0
IS	197	0	0	0	0
IS	198	0	0	0	0
IS	199	0	0	0	0
IS	200	0	0	0	0
IS	201	0	0	0	0
IS	202	0	0	0	0
IS	203	0	0	0	0
IS	204	0	0	0	0
IS	205	0	0	0	0
IS	206	0	0	0	0
IS	207	0	0	0	0
IS	208	0	0	0	0
IS	209	0	0	0	0
IS	210	0	0	0	0
IS	211	0	0	0	0
IS	212	0	0	0	0
IS	213	0	0	0	0
IS	214	0	0	0	0
IS	215	0	0	0	0
IS	216	0	0	0	0
IS	217	0	0	0	0
IS	218	0	0	0	0
IS	219	0	0	0	0
IS	220	0	0	0	0
IS	221	0	0	0	0
IS	222	0	0	0	0
IS	223	0	0	0	0
IS	224	0	0	0	0
IS	225	0	0	0	0
IS	226	0	0	0	0
IS	227	0	0	0	0
IS	228	0	0	0	0
IS	229	0	0	0	0
IS	230	0	0	0	0
IS	231	0	0	0	0
IS	232	0	0	0	0
IS	233	0	0	0	0
IS	234	0	0	0	0
IS	235	0	0	0	0
IS	236	0	0	0	0
IS	237	0	0	0	0
IS	238	0	0	0	0
IS	239	0	0	0	0
IS	240	0	0	0	0
IS	241	0	0	0	0
IS	242	0	0	0	0
IS	243	0	0	0	0
IS	244	0	0	0	0
IS	245	0	0	0	0
IS	246	0	0	0	0
IS	247	2	2	0	0
IS	248	0	0	0	0
IS	249	0	0	0	0
IS	250	0	0	0	0
IS	251	1	1	0	0
IS	252	0	0	0	0
IS	253	0	0	0	0
IS	254	0	0	0	0
IS	255	0	0	0	0
IS	256	0	0	0	0
IS	257	0	0	0	0
IS	258	0	0	0	0
IS	259	0	0	0	0
IS	260	0	0	0	0
IS	261	0	0	0	0
IS	262	0	0	0	0
IS	263	0	0	0	0
IS	264	0	0	0	0
IS	265	0	0	0	0
IS	266	0	0	0	0
IS	267	0	0	0	0
IS	268	0	0	0	0
IS	269	0	0	0	0
IS	270	1	1	0	0
IS	271	0	0	0	0
IS	272	0	0	0	0
IS	273	0	0	0	0
IS	274	1	1	0	0
IS	275	1	1	0	0
IS	276	0	0	0	0
IS	277	0	0	0	0
IS	278	0	0	0	0
IS	279	0	0	0	0
IS	280	0	0	0	0
IS	281	0	0	0	0
IS	282	0	0	0	0
IS	283	0	0	0	0
IS	284	0	0	0	0
IS	285	0	0	0	0
IS	286	0	0	0	0
IS	287	0	0	0	0
IS	288	0	0	0	0
IS	289	0	0	0	0
IS	290	0	0	0	0
IS	291	0	0	0	0
IS	292	0	0	0	0
IS	293	0	0	0	0
IS	294	0	0	0	0
IS	295	0	0	0	0
IS	296	0	0	0	0
IS	297	0	0	0	0
IS	298	0	0	0	0
IS	299	0	0	0	0
IS	300	0	0	0	0
IS	301	0	0	0	0
IS	302	0	0	0	0
IS	303	0	0	0	0
IS	304	0	0	0	0
IS	305	0	0	0	0
IS	306	0	0	0	0
IS	307	0	0	0	0
IS	308	1	1	0	0
IS	309	0	0	0	0
IS	310	0	0	0	0
IS	311	0	0	0	0
IS	312	0	0	0	0
IS	313	0	0	0	0
IS	314	0	0	0	0
IS	315	0	0	0	0
IS	316	0	0	0	0
IS	317	1	1	0	0
IS	318	0	0	0	0
IS	319	0	0	0	0
IS	320	0	0	0	0
IS	321	0	0	0	0
IS	322	0	0	0	0
IS	323	0	0	0	0
IS	324	0	0	0	0
IS	325	0	0	0	0
IS	326	0	0	0	0
IS	327	0	0	0	0
IS	328	0	0	0	0
IS	329	0	0	0	0
IS	330	0	0	0	0
IS	331	0	0	0	0
IS	332	0	0	0	0
IS	333	0	0	0	0
IS	334	0	0	0	0
IS	335	0	0	0	0
IS	336	0	0	0	0
IS	337	0	0	0	0
IS	338	0	0	0	0
IS	339	0	0	0	0
IS	340	0	0	0	0
IS	341	1	1	0	0
IS	342	0	0	0	0
IS	343	0	0	0	0
IS	344	0	0	0	0
IS	345	0	0	0	0
IS	346	0	0	0	0
IS	347	1	1	0	0
IS	348	0	0	0	0
IS	349	0	0	0	0
IS	350	1	1	0	0
IS	351	0	0	0	0
IS	352	0	0	0	0
IS	353	0	0	0	0
IS	354	0	0	0	0
IS	355	0	0	0	0
IS	356	0	0	0	0
IS	357	0	0	0	0
IS	358	0	0	0	0
IS	359	0	0	0	0
IS	360	0	0	0	0
IS	361	0	0	0	0
IS	362	0	0	0	0
IS	363	0	0	0	0
IS	364	0	0	0	0
IS	365	0	0	0	0
IS	366	0	0	0	0
IS	367	0	0	0	0
IS	368	0	0	0	0
IS	369	0	0	0	0
IS	370	1	1	0	0
IS	371	0	0	0	0
IS	372	0	0	0	0
IS	373	0	0	0	0
IS	374	1	1	0	0
IS	375	0	0	0	0
IS	376	0	0	0	0
IS	377	0	0	0	0
IS	378	0	0	0	0
IS	379	0	0	0	0
IS	380	0	0	0	0
IS	381	0	0	0	0
IS	382	0	0	0	0
IS	383	0	0	0	0
IS	384	0	0	0	0
IS	385	0	0	0	0
IS	386	0	0	0	0
IS	387	0	0	0	0
IS	388	0	0	0	0
IS	389	0	0	0	0
IS	390	2	2	0	0
IS	391	0	0	0	0
IS	392	0	0	0	0
IS	393	0	0	0	0
IS	394	0	0	0	0
IS	395	0	0	0	0
IS	396	0	0	0	0
IS	397	1	1	0	0
IS	398	0	0	0	0
IS	399	0	0	0	0
IS	400	0	0	0	0
IS	401	0	0	0	0
IS	402	0	0	0	0
IS	403	1	1	0	0
IS	404	0	0	0	0
IS	405	0	0	0	0
IS	406	0	0	0	0
IS	407	0	0	0	0
IS	408	0	0	0	0
IS	409	0	0	0	0
IS	410	1	1	0	0
IS	411	0	0	0	0
IS	412	0	0	0	0
IS	413	0	0	0	0
IS	414	0	0	0	0
IS	415	0	0	0	0
IS	416	0	0	0	0
IS	417	1	1	0	0
IS	418	0	0	0	0
IS	419	0	0	0	0
IS	420	0	0	0	0
IS	421	0	0	0	0
IS	422	0	0	0	0
IS	423	1	1	0	0
IS	424	0	0	0	0
IS	425	0	0	0	0
IS	426	0	0	0	0
IS	427	0	0	0	0
IS	428	0	0	0	0
IS	429	0	0	0	0
IS	430	0	0	0	0
IS	431	0	0	0	0
IS	432	0	0	0	0
IS	433	0	0	0	0
IS	434	1	1	0	0
IS	435	0	0	0	0
IS	436	0	0	0	0
IS	437	0	0	0	0
IS	438	2	2	0	0
IS	439	0	0	0	0
IS	440	0	0	0	0
IS	441	0	0	0	0
IS	442	0	0	0	0
IS	443	0	0	0	0
IS	444	0	0	0	0
IS	445	0	0	0	0
IS	446	2	2	0	0
IS	447	1	1	0	0
IS	448	0	0	0	0
IS	449	0	0	0	0
IS	450	0	0	0	0
IS	451	1	1	0	0
IS	452	0	0	0	0
IS	453	0	0	0	0
IS	454	0	0	0	0
IS	455	4	4	0	0
IS	456	0	0	0	0
IS	457	1	1	0	0
IS	458	0	0	0	0
IS	459	2	2	0	0
IS	460	0	0	0	0
IS	461	0	0	0	0
IS	462	0	0	0	0
IS	463	0	0	0	0
IS	464	0	0	0	0
IS	465	0	0	0	0
IS	466	0	0	0	0
IS	467	0	0	0	0
IS	468	2	2	0	0
IS	469	1	1	0	0
IS	470	0	0	0	0
IS	471	0	0	0	0
IS	472	1	1	0	0
IS	473	0	0	0	0
IS	474	0	0	0	0
IS	475	0	0	0	0
IS	476	0	0	0	0
IS	477	0	0	0	0
IS	478	1	1	0	0
IS	479	0	0	0	0
IS	480	0	0	0	0
IS	481	0	0	0	0
IS	482	0	0	0	0
IS	483	0	0	0	0
IS	484	0	0	0	0
IS	485	0	0	0	0
IS	486	0	0	0	0
IS	487	1	1	0	0
# Read lengths. Use `grep ^RL | cut -f 2-` to extract this part. The columns are: read length, count
RL	100	1
RL	104	1
RL	108	3
RL	109	3
RL	115	2
RL	116	2
RL	119	1
RL	120	2
RL	121	2
RL	122	1
RL	128	2
RL	129	2
RL	130	1
RL	131	3
RL	132	3
RL	133	1
RL	134	1
RL	135	2
RL	138	1
RL	139	2
RL	140	2
RL	141	2
RL	143	3
RL	144	1
RL	145	6
RL	146	6
RL	147	10
RL	148	12
RL	149	33
RL	150	103
RL	151	446
# Read lengths - first fragments. Use `grep ^FRL | cut -f 2-` to extract this part. The columns are: read length, count
FRL	109	1
FRL	116	1
FRL	119	1
FRL	120	1
FRL	131	1
FRL	132	1
FRL	134	1
FRL	135	1
FRL	139	1
FRL	140	1
FRL	143	1
FRL	145	3
FRL	146	3
FRL	147	4
FRL	148	7
FRL	149	13
FRL	150	37
FRL	151	252
# Read lengths - last fragments. Use `grep ^LRL | cut -f 2-` to extract this part. The columns are: read length, count
LRL	100	1
LRL	104	1
LRL	108	3
LRL	109	2
LRL	115	2
LRL	116	1
LRL	120	1
LRL	121	2
LRL	122	1
LRL	128	2
LRL	129	2
LRL	130	1
LRL	131	2
LRL	132	2
LRL	133	1
LRL	135	1
LRL	138	1
LRL	139	1
LRL	140	1
LRL	141	2
LRL	143	2
LRL	144	1
LRL	145	3
LRL	146	3
LRL	147	6
LRL	148	5
LRL	149	20
LRL	150	66
LRL	151	194
# Mapping qualities for reads !(UNMAP|SECOND|SUPPL|QCFAIL|DUP). Use `grep ^MAPQ | cut -f 2-` to extract this part. The columns are: mapq, count
MAPQ	8	1
MAPQ	24	2
MAPQ	40	16
MAPQ	42	66
# Indel distribution. Use `grep ^ID | cut -f 2-` to extract this part. The columns are: length, number of insertions, number of deletions
ID	1	2	0
# Indels per cycle. Use `grep ^IC | cut -f 2-` to extract this part. The columns are: cycle, number of insertions (fwd), .. (rev) , number of deletions (fwd), .. (rev)
IC	5	0	1	0	0
IC	37	0	1	0	0
# Coverage distribution. Use `grep ^COV | cut -f 2-` to extract this part.
COV	[1-1]	1	9298
COV	[2-2]	2	1649
COV	[4-4]	4	55
# GC-depth. Use `grep ^GCD | cut -f 2-` to extract this part. The columns are: GC%, unique sequence percentiles, 10th, 25th, 50th, 75th and 90th depth percentile
GCD	0.0	5.556	0.000	0.000	0.000	0.000	0.000
GCD	0.5	8.333	0.015	0.015	0.015	0.015	0.015
GCD	24.0	11.111	0.015	0.015	0.015	0.015	0.015
GCD	25.0	13.889	0.015	0.015	0.015	0.015	0.015
GCD	28.0	16.667	0.015	0.015	0.015	0.015	0.015
GCD	30.0	25.000	0.015	0.015	0.015	0.030	0.030
GCD	31.0	38.889	0.015	0.015	0.015	0.022	0.030
GCD	32.0	47.222	0.015	0.015	0.015	0.030	0.030
GCD	33.0	58.333	0.015	0.015	0.015	0.037	0.045
GCD	34.0	66.667	0.015	0.015	0.030	0.030	0.030
GCD	35.0	75.000	0.007	0.007	0.015	0.030	0.030
GCD	36.0	83.333	0.015	0.015	0.015	0.030	0.030
GCD	37.0	88.889	0.015	0.015	0.015	0.015	0.015
GCD	38.0	91.667	0.015	0.015	0.015	0.015	0.015
GCD	39.0	94.444	0.015	0.015	0.015	0.015	0.015
GCD	41.0	97.222	0.015	0.015	0.015	0.015	0.015
GCD	42.0	100.000	0.007	0.007	0.007	0.007	0.007
