# This file was produced by samtools stats (1.21+htslib-1.21) and can be plotted using plot-bamstats
# This file contains statistics for all reads.
# The command line was:  stats NC.Staphy1.5A_sorted.bam
# CHK, Checksum	[2]Read Names	[3]Sequences	[4]Qualities
# CHK, CRC32 of reads which passed filtering followed by addition (32bit overflow)
CHK	93558a02	4cb9e26b	be2a6d0c
# Summary Numbers. Use `grep ^SN | cut -f 2-` to extract this part.
SN	raw total sequences:	18244	# excluding supplementary and secondary reads
SN	filtered sequences:	0
SN	sequences:	18244
SN	is sorted:	1
SN	1st fragments:	9122
SN	last fragments:	9122
SN	reads mapped:	14070
SN	reads mapped and paired:	13700	# paired-end technology bit set + both mates mapped
SN	reads unmapped:	4174
SN	reads properly paired:	13612	# proper-pair bit set
SN	reads paired:	18244	# paired-end technology bit set
SN	reads duplicated:	0	# PCR or optical duplicate bit set
SN	reads MQ0:	220	# mapped and MQ=0
SN	reads QC failed:	0
SN	non-primary alignments:	0
SN	supplementary alignments:	0
SN	total length:	2748236	# ignores clipping
SN	total first fragment length:	1375504	# ignores clipping
SN	total last fragment length:	1372732	# ignores clipping
SN	bases mapped:	2120481	# ignores clipping
SN	bases mapped (cigar):	2120481	# more accurate
SN	bases trimmed:	0
SN	bases duplicated:	0
SN	mismatches:	42880	# from NM fields
SN	error rate:	2.022183e-02	# mismatches / bases mapped (cigar)
SN	average length:	151
SN	average first fragment length:	151
SN	average last fragment length:	150
SN	maximum length:	151
SN	maximum first fragment length:	151
SN	maximum last fragment length:	151
SN	average quality:	38.1
SN	insert size average:	344.4
SN	insert size standard deviation:	79.0
SN	inward oriented pairs:	6824
SN	outward oriented pairs:	14
SN	pairs with other orientation:	12
SN	pairs on different chromosomes:	0
SN	percentage of properly paired reads (%):	74.6
# First Fragment Qualities. Use `grep ^FFQ | cut -f 2-` to extract this part.
# Columns correspond to qualities and rows to cycles. First column is the cycle number.
FFQ	1	0	0	48	0	0	0	0	0	0	0	0	0	159	0	0	0	0	0	0	0	0	0	0	0	0	0	0	259	0	0	0	0	8656	0	0	0	0	0	0	0	0	0	0
FFQ	2	0	0	0	0	0	0	0	0	0	0	0	0	176	0	0	0	0	0	0	0	0	0	0	0	0	0	0	237	0	0	0	0	8708	0	0	0	0	1	0	0	0	0	0
FFQ	3	0	0	0	0	0	0	0	0	0	0	0	0	154	0	0	0	0	0	0	0	0	0	0	0	0	0	0	246	0	0	0	0	1736	0	0	0	0	6986	0	0	0	0	0
FFQ	4	0	0	0	0	0	0	0	0	0	0	0	0	128	0	0	0	0	0	0	0	0	0	16	0	0	0	0	188	0	0	0	0	755	0	0	0	0	8035	0	0	0	0	0
FFQ	5	0	0	0	0	0	0	0	0	0	0	0	0	95	0	0	0	0	0	0	0	0	0	34	0	0	0	0	117	0	0	0	0	442	0	0	0	0	8434	0	0	0	0	0
FFQ	6	0	0	0	0	0	0	0	0	0	0	0	0	78	0	0	0	0	0	0	0	0	0	22	0	0	0	0	124	0	0	0	0	276	0	0	0	0	906	0	0	0	7716	0
FFQ	7	0	0	0	0	0	0	0	0	0	0	0	0	57	0	0	0	0	0	0	0	0	0	19	0	0	0	0	89	0	0	0	0	257	0	0	0	0	752	0	0	0	7948	0
FFQ	8	0	0	0	0	0	0	0	0	0	0	0	0	62	0	0	0	0	0	0	0	0	0	26	0	0	0	0	92	0	0	0	0	238	0	0	0	0	649	0	0	0	8055	0
FFQ	9	0	0	0	0	0	0	0	0	0	0	0	0	71	0	0	0	0	0	0	0	0	0	29	0	0	0	0	86	0	0	0	0	223	0	0	0	0	695	0	0	0	8018	0
FFQ	10	0	0	0	0	0	0	0	0	0	0	0	0	55	0	0	0	0	0	0	0	0	0	22	0	0	0	0	108	0	0	0	0	219	0	0	0	0	634	0	0	0	8084	0
FFQ	11	0	0	1	0	0	0	0	0	0	0	0	0	59	0	0	0	0	0	0	0	0	0	27	0	0	0	0	89	0	0	0	0	243	0	0	0	0	568	0	0	0	8135	0
FFQ	12	0	0	0	0	0	0	0	0	0	0	0	0	73	0	0	0	0	0	0	0	0	0	22	0	0	0	0	102	0	0	0	0	233	0	0	0	0	683	0	0	0	8009	0
FFQ	13	0	0	0	0	0	0	0	0	0	0	0	0	58	0	0	0	0	0	0	0	0	0	35	0	0	0	0	100	0	0	0	0	253	0	0	0	0	651	0	0	0	8025	0
FFQ	14	0	0	0	0	0	0	0	0	0	0	0	0	66	0	0	0	0	0	0	0	0	0	28	0	0	0	0	69	0	0	0	0	240	0	0	0	0	627	0	0	0	8092	0
FFQ	15	0	0	0	0	0	0	0	0	0	0	0	0	55	0	0	0	0	0	0	0	0	0	37	0	0	0	0	85	0	0	0	0	228	0	0	0	0	633	0	0	0	8084	0
FFQ	16	0	0	0	0	0	0	0	0	0	0	0	0	57	0	0	0	0	0	0	0	0	0	36	0	0	0	0	89	0	0	0	0	196	0	0	0	0	636	0	0	0	8108	0
FFQ	17	0	0	0	0	0	0	0	0	0	0	0	0	65	0	0	0	0	0	0	0	0	0	51	0	0	0	0	91	0	0	0	0	213	0	0	0	0	626	0	0	0	8076	0
FFQ	18	0	0	1	0	0	0	0	0	0	0	0	0	56	0	0	0	0	0	0	0	0	0	43	0	0	0	0	79	0	0	0	0	253	0	0	0	0	626	0	0	0	8064	0
FFQ	19	0	0	0	0	0	0	0	0	0	0	0	0	69	0	0	0	0	0	0	0	0	0	43	0	0	0	0	85	0	0	0	0	237	0	0	0	0	677	0	0	0	8011	0
FFQ	20	0	0	0	0	0	0	0	0	0	0	0	0	72	0	0	0	0	0	0	0	0	0	55	0	0	0	0	85	0	0	0	0	213	0	0	0	0	649	0	0	0	8048	0
FFQ	21	0	0	0	0	0	0	0	0	0	0	0	0	63	0	0	0	0	0	0	0	0	0	47	0	0	0	0	70	0	0	0	0	221	0	0	0	0	624	0	0	0	8097	0
FFQ	22	0	0	0	0	0	0	0	0	0	0	0	0	65	0	0	0	0	0	0	0	0	0	43	0	0	0	0	72	0	0	0	0	216	0	0	0	0	648	0	0	0	8078	0
FFQ	23	0	0	0	0	0	0	0	0	0	0	0	0	64	0	0	0	0	0	0	0	0	0	66	0	0	0	0	99	0	0	0	0	218	0	0	0	0	635	0	0	0	8040	0
FFQ	24	0	0	0	0	0	0	0	0	0	0	0	0	102	0	0	0	0	0	0	0	0	0	56	0	0	0	0	96	0	0	0	0	242	0	0	0	0	602	0	0	0	8024	0
FFQ	25	0	0	0	0	0	0	0	0	0	0	0	0	94	0	0	0	0	0	0	0	0	0	74	0	0	0	0	120	0	0	0	0	216	0	0	0	0	662	0	0	0	7956	0
FFQ	26	0	0	0	0	0	0	0	0	0	0	0	0	108	0	0	0	0	0	0	0	0	0	62	0	0	0	0	98	0	0	0	0	207	0	0	0	0	641	0	0	0	8006	0
FFQ	27	0	0	24	0	0	0	0	0	0	0	0	0	115	0	0	0	0	0	0	0	0	0	58	0	0	0	0	103	0	0	0	0	217	0	0	0	0	662	0	0	0	7943	0
FFQ	28	0	0	16	0	0	0	0	0	0	0	0	0	91	0	0	0	0	0	0	0	0	0	72	0	0	0	0	132	0	0	0	0	188	0	0	0	0	622	0	0	0	8001	0
FFQ	29	0	0	6	0	0	0	0	0	0	0	0	0	96	0	0	0	0	0	0	0	0	0	56	0	0	0	0	122	0	0	0	0	200	0	0	0	0	665	0	0	0	7977	0
FFQ	30	0	0	0	0	0	0	0	0	0	0	0	0	92	0	0	0	0	0	0	0	0	0	65	0	0	0	0	137	0	0	0	0	185	0	0	0	0	651	0	0	0	7992	0
FFQ	31	0	0	0	0	0	0	0	0	0	0	0	0	137	0	0	0	0	0	0	0	0	0	66	0	0	0	0	144	0	0	0	0	193	0	0	0	0	665	0	0	0	7917	0
FFQ	32	0	0	2	0	0	0	0	0	0	0	0	0	107	0	0	0	0	0	0	0	0	0	68	0	0	0	0	171	0	0	0	0	191	0	0	0	0	693	0	0	0	7890	0
FFQ	33	0	0	0	0	0	0	0	0	0	0	0	0	110	0	0	0	0	0	0	0	0	0	88	0	0	0	0	139	0	0	0	0	191	0	0	0	0	709	0	0	0	7885	0
FFQ	34	0	0	0	0	0	0	0	0	0	0	0	0	109	0	0	0	0	0	0	0	0	0	81	0	0	0	0	153	0	0	0	0	180	0	0	0	0	745	0	0	0	7854	0
FFQ	35	0	0	0	0	0	0	0	0	0	0	0	0	125	0	0	0	0	0	0	0	0	0	70	0	0	0	0	128	0	0	0	0	213	0	0	0	0	700	0	0	0	7886	0
FFQ	36	0	0	5	0	0	0	0	0	0	0	0	0	117	0	0	0	0	0	0	0	0	0	90	0	0	0	0	160	0	0	0	0	189	0	0	0	0	650	0	0	0	7911	0
FFQ	37	0	0	0	0	0	0	0	0	0	0	0	0	129	0	0	0	0	0	0	0	0	0	73	0	0	0	0	153	0	0	0	0	179	0	0	0	0	685	0	0	0	7903	0
FFQ	38	0	0	0	0	0	0	0	0	0	0	0	0	126	0	0	0	0	0	0	0	0	0	81	0	0	0	0	135	0	0	0	0	183	0	0	0	0	713	0	0	0	7884	0
FFQ	39	0	0	5	0	0	0	0	0	0	0	0	0	135	0	0	0	0	0	0	0	0	0	83	0	0	0	0	145	0	0	0	0	191	0	0	0	0	766	0	0	0	7797	0
FFQ	40	0	0	15	0	0	0	0	0	0	0	0	0	152	0	0	0	0	0	0	0	0	0	90	0	0	0	0	144	0	0	0	0	188	0	0	0	0	743	0	0	0	7790	0
FFQ	41	0	0	1	0	0	0	0	0	0	0	0	0	187	0	0	0	0	0	0	0	0	0	107	0	0	0	0	156	0	0	0	0	199	0	0	0	0	727	0	0	0	7745	0
FFQ	42	0	0	0	0	0	0	0	0	0	0	0	0	139	0	0	0	0	0	0	0	0	0	79	0	0	0	0	179	0	0	0	0	182	0	0	0	0	769	0	0	0	7774	0
FFQ	43	0	0	0	0	0	0	0	0	0	0	0	0	136	0	0	0	0	0	0	0	0	0	84	0	0	0	0	159	0	0	0	0	213	0	0	0	0	766	0	0	0	7764	0
FFQ	44	0	0	23	0	0	0	0	0	0	0	0	0	129	0	0	0	0	0	0	0	0	0	79	0	0	0	0	163	0	0	0	0	208	0	0	0	0	743	0	0	0	7777	0
FFQ	45	0	0	0	0	0	0	0	0	0	0	0	0	126	0	0	0	0	0	0	0	0	0	83	0	0	0	0	158	0	0	0	0	168	0	0	0	0	771	0	0	0	7816	0
FFQ	46	0	0	15	0	0	0	0	0	0	0	0	0	153	0	0	0	0	0	0	0	0	0	85	0	0	0	0	169	0	0	0	0	185	0	0	0	0	741	0	0	0	7774	0
FFQ	47	0	0	19	0	0	0	0	0	0	0	0	0	153	0	0	0	0	0	0	0	0	0	88	0	0	0	0	166	0	0	0	0	211	0	0	0	0	734	0	0	0	7751	0
FFQ	48	0	0	12	0	0	0	0	0	0	0	0	0	144	0	0	0	0	0	0	0	0	0	91	0	0	0	0	147	0	0	0	0	197	0	0	0	0	777	0	0	0	7754	0
FFQ	49	0	0	5	0	0	0	0	0	0	0	0	0	160	0	0	0	0	0	0	0	0	0	72	0	0	0	0	190	0	0	0	0	202	0	0	0	0	745	0	0	0	7748	0
FFQ	50	0	0	0	0	0	0	0	0	0	0	0	0	164	0	0	0	0	0	0	0	0	0	87	0	0	0	0	166	0	0	0	0	212	0	0	0	0	745	0	0	0	7748	0
FFQ	51	0	0	0	0	0	0	0	0	0	0	0	0	183	0	0	0	0	0	0	0	0	0	85	0	0	0	0	149	0	0	0	0	196	0	0	0	0	785	0	0	0	7724	0
FFQ	52	0	0	1	0	0	0	0	0	0	0	0	0	136	0	0	0	0	0	0	0	0	0	99	0	0	0	0	173	0	0	0	0	196	0	0	0	0	788	0	0	0	7729	0
FFQ	53	0	0	4	0	0	0	0	0	0	0	0	0	167	0	0	0	0	0	0	0	0	0	89	0	0	0	0	166	0	0	0	0	198	0	0	0	0	790	0	0	0	7708	0
FFQ	54	0	0	1	0	0	0	0	0	0	0	0	0	183	0	0	0	0	0	0	0	0	0	86	0	0	0	0	167	0	0	0	0	217	0	0	0	0	810	0	0	0	7658	0
FFQ	55	0	0	0	0	0	0	0	0	0	0	0	0	164	0	0	0	0	0	0	0	0	0	114	0	0	0	0	177	0	0	0	0	181	0	0	0	0	801	0	0	0	7685	0
FFQ	56	0	0	0	0	0	0	0	0	0	0	0	0	158	0	0	0	0	0	0	0	0	0	103	0	0	0	0	164	0	0	0	0	194	0	0	0	0	764	0	0	0	7739	0
FFQ	57	0	0	0	0	0	0	0	0	0	0	0	0	158	0	0	0	0	0	0	0	0	0	99	0	0	0	0	187	0	0	0	0	212	0	0	0	0	824	0	0	0	7642	0
FFQ	58	0	0	2	0	0	0	0	0	0	0	0	0	137	0	0	0	0	0	0	0	0	0	93	0	0	0	0	175	0	0	0	0	196	0	0	0	0	810	0	0	0	7709	0
FFQ	59	0	0	0	0	0	0	0	0	0	0	0	0	175	0	0	0	0	0	0	0	0	0	85	0	0	0	0	181	0	0	0	0	219	0	0	0	0	805	0	0	0	7657	0
FFQ	60	0	0	2	0	0	0	0	0	0	0	0	0	181	0	0	0	0	0	0	0	0	0	99	0	0	0	0	189	0	0	0	0	217	0	0	0	0	778	0	0	0	7656	0
FFQ	61	0	0	1	0	0	0	0	0	0	0	0	0	169	0	0	0	0	0	0	0	0	0	102	0	0	0	0	187	0	0	0	0	198	0	0	0	0	813	0	0	0	7652	0
FFQ	62	0	0	0	0	0	0	0	0	0	0	0	0	174	0	0	0	0	0	0	0	0	0	101	0	0	0	0	198	0	0	0	0	217	0	0	0	0	799	0	0	0	7633	0
FFQ	63	0	0	1	0	0	0	0	0	0	0	0	0	194	0	0	0	0	0	0	0	0	0	122	0	0	0	0	190	0	0	0	0	231	0	0	0	0	816	0	0	0	7568	0
FFQ	64	0	0	1	0	0	0	0	0	0	0	0	0	161	0	0	0	0	0	0	0	0	0	113	0	0	0	0	182	0	0	0	0	260	0	0	0	0	842	0	0	0	7563	0
FFQ	65	0	0	1	0	0	0	0	0	0	0	0	0	193	0	0	0	0	0	0	0	0	0	104	0	0	0	0	196	0	0	0	0	252	0	0	0	0	750	0	0	0	7626	0
FFQ	66	0	0	0	0	0	0	0	0	0	0	0	0	181	0	0	0	0	0	0	0	0	0	93	0	0	0	0	195	0	0	0	0	208	0	0	0	0	836	0	0	0	7609	0
FFQ	67	0	0	0	0	0	0	0	0	0	0	0	0	181	0	0	0	0	0	0	0	0	0	135	0	0	0	0	189	0	0	0	0	231	0	0	0	0	843	0	0	0	7543	0
FFQ	68	0	0	0	0	0	0	0	0	0	0	0	0	192	0	0	0	0	0	0	0	0	0	118	0	0	0	0	192	0	0	0	0	223	0	0	0	0	796	0	0	0	7601	0
FFQ	69	0	0	0	0	0	0	0	0	0	0	0	0	204	0	0	0	0	0	0	0	0	0	113	0	0	0	0	175	0	0	0	0	243	0	0	0	0	824	0	0	0	7563	0
FFQ	70	0	0	0	0	0	0	0	0	0	0	0	0	197	0	0	0	0	0	0	0	0	0	105	0	0	0	0	214	0	0	0	0	224	0	0	0	0	833	0	0	0	7549	0
FFQ	71	0	0	0	0	0	0	0	0	0	0	0	0	195	0	0	0	0	0	0	0	0	0	102	0	0	0	0	192	0	0	0	0	261	0	0	0	0	793	0	0	0	7579	0
FFQ	72	0	0	0	0	0	0	0	0	0	0	0	0	222	0	0	0	0	0	0	0	0	0	118	0	0	0	0	179	0	0	0	0	263	0	0	0	0	833	0	0	0	7507	0
FFQ	73	0	0	0	0	0	0	0	0	0	0	0	0	198	0	0	0	0	0	0	0	0	0	128	0	0	0	0	196	0	0	0	0	238	0	0	0	0	843	0	0	0	7519	0
FFQ	74	0	0	0	0	0	0	0	0	0	0	0	0	206	0	0	0	0	0	0	0	0	0	102	0	0	0	0	201	0	0	0	0	263	0	0	0	0	855	0	0	0	7495	0
FFQ	75	0	0	0	0	0	0	0	0	0	0	0	0	216	0	0	0	0	0	0	0	0	0	119	0	0	0	0	225	0	0	0	0	233	0	0	0	0	866	0	0	0	7463	0
FFQ	76	0	0	1	0	0	0	0	0	0	0	0	0	226	0	0	0	0	0	0	0	0	0	125	0	0	0	0	206	0	0	0	0	244	0	0	0	0	947	0	0	0	7373	0
FFQ	77	0	0	0	0	0	0	0	0	0	0	0	0	221	0	0	0	0	0	0	0	0	0	160	0	0	0	0	318	0	0	0	0	548	0	0	0	0	1618	0	0	0	6257	0
FFQ	78	0	0	0	0	0	0	0	0	0	0	0	0	210	0	0	0	0	0	0	0	0	0	130	0	0	0	0	233	0	0	0	0	408	0	0	0	0	1090	0	0	0	7051	0
FFQ	79	0	0	0	0	0	0	0	0	0	0	0	0	211	0	0	0	0	0	0	0	0	0	135	0	0	0	0	212	0	0	0	0	331	0	0	0	0	988	0	0	0	7245	0
FFQ	80	0	0	0	0	0	0	0	0	0	0	0	0	229	0	0	0	0	0	0	0	0	0	119	0	0	0	0	235	0	0	0	0	289	0	0	0	0	811	0	0	0	7439	0
FFQ	81	0	0	0	0	0	0	0	0	0	0	0	0	212	0	0	0	0	0	0	0	0	0	87	0	0	0	0	206	0	0	0	0	335	0	0	0	0	829	0	0	0	7453	0
FFQ	82	0	0	0	0	0	0	0	0	0	0	0	0	222	0	0	0	0	0	0	0	0	0	115	0	0	0	0	191	0	0	0	0	298	0	0	0	0	738	0	0	0	7558	0
FFQ	83	0	0	0	0	0	0	0	0	0	0	0	0	218	0	0	0	0	0	0	0	0	0	109	0	0	0	0	181	0	0	0	0	326	0	0	0	0	752	0	0	0	7536	0
FFQ	84	0	0	1	0	0	0	0	0	0	0	0	0	229	0	0	0	0	0	0	0	0	0	131	0	0	0	0	194	0	0	0	0	333	0	0	0	0	731	0	0	0	7503	0
FFQ	85	0	0	0	0	0	0	0	0	0	0	0	0	235	0	0	0	0	0	0	0	0	0	129	0	0	0	0	189	0	0	0	0	287	0	0	0	0	764	0	0	0	7518	0
FFQ	86	0	0	0	0	0	0	0	0	0	0	0	0	251	0	0	0	0	0	0	0	0	0	127	0	0	0	0	182	0	0	0	0	290	0	0	0	0	832	0	0	0	7440	0
FFQ	87	0	0	0	0	0	0	0	0	0	0	0	0	245	0	0	0	0	0	0	0	0	0	155	0	0	0	0	229	0	0	0	0	298	0	0	0	0	788	0	0	0	7407	0
FFQ	88	0	0	0	0	0	0	0	0	0	0	0	0	253	0	0	0	0	0	0	0	0	0	153	0	0	0	0	224	0	0	0	0	304	0	0	0	0	749	0	0	0	7439	0
FFQ	89	0	0	0	0	0	0	0	0	0	0	0	0	254	0	0	0	0	0	0	0	0	0	173	0	0	0	0	194	0	0	0	0	301	0	0	0	0	826	0	0	0	7374	0
FFQ	90	0	0	0	0	0	0	0	0	0	0	0	0	274	0	0	0	0	0	0	0	0	0	185	0	0	0	0	181	0	0	0	0	286	0	0	0	0	817	0	0	0	7379	0
FFQ	91	0	0	1	0	0	0	0	0	0	0	0	0	290	0	0	0	0	0	0	0	0	0	173	0	0	0	0	209	0	0	0	0	322	0	0	0	0	807	0	0	0	7320	0
FFQ	92	0	0	0	0	0	0	0	0	0	0	0	0	285	0	0	0	0	0	0	0	0	0	174	0	0	0	0	180	0	0	0	0	320	0	0	0	0	848	0	0	0	7315	0
FFQ	93	0	0	4	0	0	0	0	0	0	0	0	0	284	0	0	0	0	0	0	0	0	0	189	0	0	0	0	188	0	0	0	0	311	0	0	0	0	852	0	0	0	7294	0
FFQ	94	0	0	0	0	0	0	0	0	0	0	0	0	315	0	0	0	0	0	0	0	0	0	188	0	0	0	0	201	0	0	0	0	319	0	0	0	0	815	0	0	0	7284	0
FFQ	95	0	0	1	0	0	0	0	0	0	0	0	0	282	0	0	0	0	0	0	0	0	0	215	0	0	0	0	182	0	0	0	0	326	0	0	0	0	849	0	0	0	7267	0
FFQ	96	0	0	0	0	0	0	0	0	0	0	0	0	285	0	0	0	0	0	0	0	0	0	203	0	0	0	0	196	0	0	0	0	311	0	0	0	0	862	0	0	0	7265	0
FFQ	97	0	0	0	0	0	0	0	0	0	0	0	0	324	0	0	0	0	0	0	0	0	0	178	0	0	0	0	199	0	0	0	0	335	0	0	0	0	834	0	0	0	7252	0
FFQ	98	0	0	1	0	0	0	0	0	0	0	0	0	300	0	0	0	0	0	0	0	0	0	197	0	0	0	0	175	0	0	0	0	346	0	0	0	0	834	0	0	0	7269	0
FFQ	99	0	0	0	0	0	0	0	0	0	0	0	0	290	0	0	0	0	0	0	0	0	0	212	0	0	0	0	175	0	0	0	0	345	0	0	0	0	844	0	0	0	7256	0
FFQ	100	0	0	0	0	0	0	0	0	0	0	0	0	264	0	0	0	0	0	0	0	0	0	182	0	0	0	0	201	0	0	0	0	315	0	0	0	0	869	0	0	0	7291	0
FFQ	101	0	0	1	0	0	0	0	0	0	0	0	0	258	0	0	0	0	0	0	0	0	0	186	0	0	0	0	162	0	0	0	0	327	0	0	0	0	916	0	0	0	7272	0
FFQ	102	0	0	0	0	0	0	0	0	0	0	0	0	281	0	0	0	0	0	0	0	0	0	176	0	0	0	0	165	0	0	0	0	304	0	0	0	0	925	0	0	0	7271	0
FFQ	103	0	0	0	0	0	0	0	0	0	0	0	0	271	0	0	0	0	0	0	0	0	0	183	0	0	0	0	161	0	0	0	0	321	0	0	0	0	826	0	0	0	7358	0
FFQ	104	0	0	1	0	0	0	0	0	0	0	0	0	288	0	0	0	0	0	0	0	0	0	190	0	0	0	0	187	0	0	0	0	342	0	0	0	0	789	0	0	0	7323	0
FFQ	105	0	0	1	0	0	0	0	0	0	0	0	0	278	0	0	0	0	0	0	0	0	0	192	0	0	0	0	191	0	0	0	0	362	0	0	0	0	879	0	0	0	7217	0
FFQ	106	0	0	1	0	0	0	0	0	0	0	0	0	267	0	0	0	0	0	0	0	0	0	176	0	0	0	0	182	0	0	0	0	320	0	0	0	0	899	0	0	0	7275	0
FFQ	107	0	0	0	0	0	0	0	0	0	0	0	0	248	0	0	0	0	0	0	0	0	0	192	0	0	0	0	177	0	0	0	0	365	0	0	0	0	901	0	0	0	7237	0
FFQ	108	0	0	1	0	0	0	0	0	0	0	0	0	283	0	0	0	0	0	0	0	0	0	207	0	0	0	0	188	0	0	0	0	315	0	0	0	0	900	0	0	0	7226	0
FFQ	109	0	0	0	0	0	0	0	0	0	0	0	0	263	0	0	0	0	0	0	0	0	0	196	0	0	0	0	187	0	0	0	0	359	0	0	0	0	886	0	0	0	7229	0
FFQ	110	0	0	0	0	0	0	0	0	0	0	0	0	276	0	0	0	0	0	0	0	0	0	181	0	0	0	0	187	0	0	0	0	351	0	0	0	0	878	0	0	0	7247	0
FFQ	111	0	0	1	0	0	0	0	0	0	0	0	0	285	0	0	0	0	0	0	0	0	0	163	0	0	0	0	174	0	0	0	0	333	0	0	0	0	886	0	0	0	7278	0
FFQ	112	0	0	1	0	0	0	0	0	0	0	0	0	272	0	0	0	0	0	0	0	0	0	188	0	0	0	0	213	0	0	0	0	322	0	0	0	0	929	0	0	0	7195	0
FFQ	113	0	0	0	0	0	0	0	0	0	0	0	0	237	0	0	0	0	0	0	0	0	0	207	0	0	0	0	209	0	0	0	0	369	0	0	0	0	913	0	0	0	7185	0
FFQ	114	0	0	0	0	0	0	0	0	0	0	0	0	284	0	0	0	0	0	0	0	0	0	167	0	0	0	0	174	0	0	0	0	381	0	0	0	0	905	0	0	0	7209	0
FFQ	115	0	0	1	0	0	0	0	0	0	0	0	0	289	0	0	0	0	0	0	0	0	0	179	0	0	0	0	181	0	0	0	0	366	0	0	0	0	908	0	0	0	7196	0
FFQ	116	0	0	1	0	0	0	0	0	0	0	0	0	285	0	0	0	0	0	0	0	0	0	183	0	0	0	0	189	0	0	0	0	387	0	0	0	0	945	0	0	0	7130	0
FFQ	117	0	0	1	0	0	0	0	0	0	0	0	0	283	0	0	0	0	0	0	0	0	0	209	0	0	0	0	186	0	0	0	0	385	0	0	0	0	889	0	0	0	7167	0
FFQ	118	0	0	1	0	0	0	0	0	0	0	0	0	271	0	0	0	0	0	0	0	0	0	180	0	0	0	0	189	0	0	0	0	418	0	0	0	0	926	0	0	0	7135	0
FFQ	119	0	0	0	0	0	0	0	0	0	0	0	0	285	0	0	0	0	0	0	0	0	0	210	0	0	0	0	197	0	0	0	0	395	0	0	0	0	822	0	0	0	7211	0
FFQ	120	0	0	1	0	0	0	0	0	0	0	0	0	298	0	0	0	0	0	0	0	0	0	188	0	0	0	0	177	0	0	0	0	425	0	0	0	0	895	0	0	0	7136	0
FFQ	121	0	0	0	0	0	0	0	0	0	0	0	0	306	0	0	0	0	0	0	0	0	0	199	0	0	0	0	214	0	0	0	0	410	0	0	0	0	875	0	0	0	7116	0
FFQ	122	0	0	0	0	0	0	0	0	0	0	0	0	286	0	0	0	0	0	0	0	0	0	215	0	0	0	0	183	0	0	0	0	426	0	0	0	0	874	0	0	0	7134	0
FFQ	123	0	0	1	0	0	0	0	0	0	0	0	0	333	0	0	0	0	0	0	0	0	0	192	0	0	0	0	219	0	0	0	0	434	0	0	0	0	906	0	0	0	7033	0
FFQ	124	0	0	0	0	0	0	0	0	0	0	0	0	299	0	0	0	0	0	0	0	0	0	224	0	0	0	0	194	0	0	0	0	434	0	0	0	0	916	0	0	0	7050	0
FFQ	125	0	0	0	0	0	0	0	0	0	0	0	0	292	0	0	0	0	0	0	0	0	0	198	0	0	0	0	192	0	0	0	0	429	0	0	0	0	958	0	0	0	7048	0
FFQ	126	0	0	1	0	0	0	0	0	0	0	0	0	274	0	0	0	0	0	0	0	0	0	218	0	0	0	0	205	0	0	0	0	417	0	0	0	0	1010	0	0	0	6991	0
FFQ	127	0	0	0	0	0	0	0	0	0	0	0	0	288	0	0	0	0	0	0	0	0	0	230	0	0	0	0	211	0	0	0	0	452	0	0	0	0	1045	0	0	0	6890	0
FFQ	128	0	0	4	0	0	0	0	0	0	0	0	0	324	0	0	0	0	0	0	0	0	0	204	0	0	0	0	222	0	0	0	0	393	0	0	0	0	1045	0	0	0	6924	0
FFQ	129	0	0	0	0	0	0	0	0	0	0	0	0	308	0	0	0	0	0	0	0	0	0	218	0	0	0	0	213	0	0	0	0	475	0	0	0	0	1035	0	0	0	6867	0
FFQ	130	0	0	1	0	0	0	0	0	0	0	0	0	322	0	0	0	0	0	0	0	0	0	225	0	0	0	0	213	0	0	0	0	453	0	0	0	0	1017	0	0	0	6885	0
FFQ	131	0	0	1	0	0	0	0	0	0	0	0	0	337	0	0	0	0	0	0	0	0	0	260	0	0	0	0	201	0	0	0	0	456	0	0	0	0	1109	0	0	0	6751	0
FFQ	132	0	0	0	0	0	0	0	0	0	0	0	0	352	0	0	0	0	0	0	0	0	0	240	0	0	0	0	218	0	0	0	0	443	0	0	0	0	1132	0	0	0	6730	0
FFQ	133	0	0	1	0	0	0	0	0	0	0	0	0	353	0	0	0	0	0	0	0	0	0	238	0	0	0	0	215	0	0	0	0	434	0	0	0	0	1177	0	0	0	6697	0
FFQ	134	0	0	0	0	0	0	0	0	0	0	0	0	354	0	0	0	0	0	0	0	0	0	236	0	0	0	0	198	0	0	0	0	482	0	0	0	0	1256	0	0	0	6589	0
FFQ	135	0	0	0	0	0	0	0	0	0	0	0	0	324	0	0	0	0	0	0	0	0	0	242	0	0	0	0	191	0	0	0	0	475	0	0	0	0	1232	0	0	0	6650	0
FFQ	136	0	0	1	0	0	0	0	0	0	0	0	0	361	0	0	0	0	0	0	0	0	0	259	0	0	0	0	202	0	0	0	0	437	0	0	0	0	1250	0	0	0	6604	0
FFQ	137	0	0	0	0	0	0	0	0	0	0	0	0	350	0	0	0	0	0	0	0	0	0	276	0	0	0	0	196	0	0	0	0	435	0	0	0	0	1277	0	0	0	6577	0
FFQ	138	0	0	1	0	0	0	0	0	0	0	0	0	320	0	0	0	0	0	0	0	0	0	270	0	0	0	0	214	0	0	0	0	462	0	0	0	0	1300	0	0	0	6544	0
FFQ	139	0	0	1	0	0	0	0	0	0	0	0	0	350	0	0	0	0	0	0	0	0	0	249	0	0	0	0	247	0	0	0	0	443	0	0	0	0	1331	0	0	0	6489	0
FFQ	140	0	0	1	0	0	0	0	0	0	0	0	0	325	0	0	0	0	0	0	0	0	0	232	0	0	0	0	216	0	0	0	0	451	0	0	0	0	1367	0	0	0	6516	0
FFQ	141	0	0	1	0	0	0	0	0	0	0	0	0	326	0	0	0	0	0	0	0	0	0	243	0	0	0	0	228	0	0	0	0	463	0	0	0	0	1422	0	0	0	6423	0
FFQ	142	0	0	1	0	0	0	0	0	0	0	0	0	298	0	0	0	0	0	0	0	0	0	264	0	0	0	0	264	0	0	0	0	465	0	0	0	0	1397	0	0	0	6416	0
FFQ	143	0	0	1	0	0	0	0	0	0	0	0	0	290	0	0	0	0	0	0	0	0	0	252	0	0	0	0	277	0	0	0	0	425	0	0	0	0	1498	0	0	0	6361	0
FFQ	144	0	0	0	0	0	0	0	0	0	0	0	0	346	0	0	0	0	0	0	0	0	0	245	0	0	0	0	287	0	0	0	0	448	0	0	0	0	1437	0	0	0	6340	0
FFQ	145	0	0	1	0	0	0	0	0	0	0	0	0	320	0	0	0	0	0	0	0	0	0	251	0	0	0	0	282	0	0	0	0	443	0	0	0	0	1500	0	0	0	6303	0
FFQ	146	0	0	8	0	0	0	0	0	1	0	0	0	353	0	0	0	0	0	0	0	0	0	216	0	0	0	0	271	0	0	0	0	479	0	0	0	0	1471	0	0	0	6296	0
FFQ	147	0	0	0	0	0	0	0	0	0	0	0	0	317	0	0	0	0	0	0	0	0	0	210	0	0	0	0	262	0	0	0	0	469	0	0	0	0	1609	0	0	0	6210	0
FFQ	148	0	0	0	0	0	0	0	0	1	0	0	0	365	0	0	0	0	0	0	0	0	0	242	0	0	0	0	269	0	0	0	0	457	0	0	0	0	1571	0	0	0	6140	0
FFQ	149	0	0	0	0	0	0	0	0	4	0	0	0	291	0	0	0	0	0	0	0	0	0	252	0	0	0	0	289	0	0	0	0	459	0	0	0	0	1513	0	0	0	6046	0
FFQ	150	0	0	0	0	0	0	0	0	6	0	0	0	215	0	0	0	0	0	0	0	0	0	230	0	0	0	0	271	0	0	0	0	529	0	0	0	0	1543	0	0	0	5968	0
FFQ	151	0	0	0	0	0	0	0	0	0	0	0	0	0	0	0	0	0	0	0	0	0	0	330	0	0	0	0	443	0	0	0	0	876	0	0	0	0	2064	0	0	0	4538	0
# Last Fragment Qualities. Use `grep ^LFQ | cut -f 2-` to extract this part.
# Columns correspond to qualities and rows to cycles. First column is the cycle number.
LFQ	1	0	0	143	0	0	0	0	0	0	0	0	0	403	0	0	0	0	0	0	0	0	0	0	0	0	0	0	374	0	0	0	0	8202	0	0	0	0	0	0	0	0	0	0
LFQ	2	0	0	2	0	0	0	0	0	0	0	0	0	351	0	0	0	0	0	0	0	0	0	0	0	0	0	0	321	0	0	0	0	8448	0	0	0	0	0	0	0	0	0	0
LFQ	3	0	0	1	0	0	0	0	0	0	0	0	0	416	0	0	0	0	0	0	0	0	0	0	0	0	0	0	376	0	0	0	0	2773	0	0	0	0	5556	0	0	0	0	0
LFQ	4	0	0	0	0	0	0	0	0	0	0	0	0	304	0	0	0	0	0	0	0	0	0	11	0	0	0	0	304	0	0	0	0	930	0	0	0	0	7573	0	0	0	0	0
LFQ	5	0	0	0	0	0	0	0	0	0	0	0	0	338	0	0	0	0	0	0	0	0	0	52	0	0	0	0	226	0	0	0	0	692	0	0	0	0	7814	0	0	0	0	0
LFQ	6	0	0	0	0	0	0	0	0	0	0	0	0	312	0	0	0	0	0	0	0	0	0	22	0	0	0	0	195	0	0	0	0	457	0	0	0	0	1222	0	0	0	6914	0
LFQ	7	0	0	0	0	0	0	0	0	0	0	0	0	324	0	0	0	0	0	0	0	0	0	75	0	0	0	0	138	0	0	0	0	404	0	0	0	0	1190	0	0	0	6991	0
LFQ	8	0	0	0	0	0	0	0	0	0	0	0	0	347	0	0	0	0	0	0	0	0	0	104	0	0	0	0	161	0	0	0	0	425	0	0	0	0	1175	0	0	0	6910	0
LFQ	9	0	0	3	0	0	0	0	0	0	0	0	0	298	0	0	0	0	0	0	0	0	0	128	0	0	0	0	135	0	0	0	0	392	0	0	0	0	954	0	0	0	7212	0
LFQ	10	0	0	1	0	0	0	0	0	0	0	0	0	311	0	0	0	0	0	0	0	0	0	104	0	0	0	0	150	0	0	0	0	412	0	0	0	0	1193	0	0	0	6951	0
LFQ	11	0	0	0	0	0	0	0	0	0	0	0	0	274	0	0	0	0	0	0	0	0	0	112	0	0	0	0	132	0	0	0	0	322	0	0	0	0	888	0	0	0	7394	0
LFQ	12	0	0	1	0	0	0	0	0	0	0	0	0	296	0	0	0	0	0	0	0	0	0	125	0	0	0	0	123	0	0	0	0	316	0	0	0	0	802	0	0	0	7459	0
LFQ	13	0	0	0	0	0	0	0	0	0	0	0	0	331	0	0	0	0	0	0	0	0	0	124	0	0	0	0	111	0	0	0	0	332	0	0	0	0	946	0	0	0	7278	0
LFQ	14	0	0	0	0	0	0	0	0	0	0	0	0	287	0	0	0	0	0	0	0	0	0	131	0	0	0	0	126	0	0	0	0	318	0	0	0	0	890	0	0	0	7370	0
LFQ	15	0	0	1	0	0	0	0	0	0	0	0	0	337	0	0	0	0	0	0	0	0	0	134	0	0	0	0	162	0	0	0	0	343	0	0	0	0	981	0	0	0	7164	0
LFQ	16	0	0	0	0	0	0	0	0	0	0	0	0	327	0	0	0	0	0	0	0	0	0	138	0	0	0	0	196	0	0	0	0	251	0	0	0	0	942	0	0	0	7268	0
LFQ	17	0	0	0	0	0	0	0	0	0	0	0	0	303	0	0	0	0	0	0	0	0	0	154	0	0	0	0	223	0	0	0	0	289	0	0	0	0	1067	0	0	0	7086	0
LFQ	18	0	0	0	0	0	0	0	0	0	0	0	0	348	0	0	0	0	0	0	0	0	0	155	0	0	0	0	228	0	0	0	0	274	0	0	0	0	1052	0	0	0	7065	0
LFQ	19	0	0	0	0	0	0	0	0	0	0	0	0	277	0	0	0	0	0	0	0	0	0	163	0	0	0	0	238	0	0	0	0	222	0	0	0	0	946	0	0	0	7276	0
LFQ	20	0	0	0	0	0	0	0	0	0	0	0	0	364	0	0	0	0	0	0	0	0	0	137	0	0	0	0	251	0	0	0	0	270	0	0	0	0	1041	0	0	0	7059	0
LFQ	21	0	0	0	0	0	0	0	0	0	0	0	0	335	0	0	0	0	0	0	0	0	0	137	0	0	0	0	253	0	0	0	0	260	0	0	0	0	998	0	0	0	7139	0
LFQ	22	0	0	3	0	0	0	0	0	0	0	0	0	359	0	0	0	0	0	0	0	0	0	156	0	0	0	0	250	0	0	0	0	283	0	0	0	0	982	0	0	0	7089	0
LFQ	23	0	0	0	0	0	0	0	0	0	0	0	0	385	0	0	0	0	0	0	0	0	0	156	0	0	0	0	264	0	0	0	0	292	0	0	0	0	1079	0	0	0	6946	0
LFQ	24	0	0	0	0	0	0	0	0	0	0	0	0	336	0	0	0	0	0	0	0	0	0	149	0	0	0	0	245	0	0	0	0	247	0	0	0	0	969	0	0	0	7176	0
LFQ	25	0	0	1	0	0	0	0	0	0	0	0	0	371	0	0	0	0	0	0	0	0	0	157	0	0	0	0	289	0	0	0	0	283	0	0	0	0	1032	0	0	0	6989	0
LFQ	26	0	0	1	0	0	0	0	0	0	0	0	0	375	0	0	0	0	0	0	0	0	0	137	0	0	0	0	273	0	0	0	0	241	0	0	0	0	1028	0	0	0	7067	0
LFQ	27	0	0	86	0	0	0	0	0	0	0	0	0	342	0	0	0	0	0	0	0	0	0	126	0	0	0	0	280	0	0	0	0	240	0	0	0	0	1019	0	0	0	7029	0
LFQ	28	0	0	0	0	0	0	0	0	0	0	0	0	361	0	0	0	0	0	0	0	0	0	156	0	0	0	0	283	0	0	0	0	258	0	0	0	0	1075	0	0	0	6989	0
LFQ	29	0	0	0	0	0	0	0	0	0	0	0	0	396	0	0	0	0	0	0	0	0	0	158	0	0	0	0	288	0	0	0	0	283	0	0	0	0	1194	0	0	0	6803	0
LFQ	30	0	0	0	0	0	0	0	0	0	0	0	0	353	0	0	0	0	0	0	0	0	0	178	0	0	0	0	301	0	0	0	0	303	0	0	0	0	1172	0	0	0	6815	0
LFQ	31	0	0	0	0	0	0	0	0	0	0	0	0	417	0	0	0	0	0	0	0	0	0	148	0	0	0	0	267	0	0	0	0	288	0	0	0	0	1085	0	0	0	6917	0
LFQ	32	0	0	3	0	0	0	0	0	0	0	0	0	350	0	0	0	0	0	0	0	0	0	166	0	0	0	0	313	0	0	0	0	253	0	0	0	0	1056	0	0	0	6981	0
LFQ	33	0	0	0	0	0	0	0	0	0	0	0	0	403	0	0	0	0	0	0	0	0	0	149	0	0	0	0	261	0	0	0	0	287	0	0	0	0	1085	0	0	0	6937	0
LFQ	34	0	0	0	0	0	0	0	0	0	0	0	0	386	0	0	0	0	0	0	0	0	0	149	0	0	0	0	261	0	0	0	0	246	0	0	0	0	1019	0	0	0	7061	0
LFQ	35	0	0	0	0	0	0	0	0	0	0	0	0	390	0	0	0	0	0	0	0	0	0	161	0	0	0	0	310	0	0	0	0	309	0	0	0	0	1029	0	0	0	6923	0
LFQ	36	0	0	0	0	0	0	0	0	0	0	0	0	420	0	0	0	0	0	0	0	0	0	165	0	0	0	0	295	0	0	0	0	309	0	0	0	0	1156	0	0	0	6777	0
LFQ	37	0	0	1	0	0	0	0	0	0	0	0	0	439	0	0	0	0	0	0	0	0	0	181	0	0	0	0	306	0	0	0	0	350	0	0	0	0	1133	0	0	0	6712	0
LFQ	38	0	0	3	0	0	0	0	0	0	0	0	0	425	0	0	0	0	0	0	0	0	0	198	0	0	0	0	337	0	0	0	0	333	0	0	0	0	1233	0	0	0	6593	0
LFQ	39	0	0	0	0	0	0	0	0	0	0	0	0	433	0	0	0	0	0	0	0	0	0	175	0	0	0	0	330	0	0	0	0	353	0	0	0	0	1213	0	0	0	6618	0
LFQ	40	0	0	0	0	0	0	0	0	0	0	0	0	487	0	0	0	0	0	0	0	0	0	181	0	0	0	0	350	0	0	0	0	350	0	0	0	0	1228	0	0	0	6526	0
LFQ	41	0	0	1	0	0	0	0	0	0	0	0	0	411	0	0	0	0	0	0	0	0	0	185	0	0	0	0	370	0	0	0	0	362	0	0	0	0	1233	0	0	0	6560	0
LFQ	42	0	0	2	0	0	0	0	0	0	0	0	0	438	0	0	0	0	0	0	0	0	0	179	0	0	0	0	350	0	0	0	0	355	0	0	0	0	1210	0	0	0	6588	0
LFQ	43	0	0	0	0	0	0	0	0	0	0	0	0	446	0	0	0	0	0	0	0	0	0	177	0	0	0	0	312	0	0	0	0	366	0	0	0	0	1216	0	0	0	6605	0
LFQ	44	0	0	0	0	0	0	0	0	0	0	0	0	433	0	0	0	0	0	0	0	0	0	172	0	0	0	0	355	0	0	0	0	350	0	0	0	0	1271	0	0	0	6541	0
LFQ	45	0	0	0	0	0	0	0	0	0	0	0	0	427	0	0	0	0	0	0	0	0	0	185	0	0	0	0	321	0	0	0	0	372	0	0	0	0	1271	0	0	0	6546	0
LFQ	46	0	0	1	0	0	0	0	0	0	0	0	0	429	0	0	0	0	0	0	0	0	0	204	0	0	0	0	334	0	0	0	0	359	0	0	0	0	1211	0	0	0	6584	0
LFQ	47	0	0	0	0	0	0	0	0	0	0	0	0	443	0	0	0	0	0	0	0	0	0	172	0	0	0	0	308	0	0	0	0	388	0	0	0	0	1234	0	0	0	6577	0
LFQ	48	0	0	3	0	0	0	0	0	0	0	0	0	451	0	0	0	0	0	0	0	0	0	189	0	0	0	0	330	0	0	0	0	389	0	0	0	0	1210	0	0	0	6550	0
LFQ	49	0	0	0	0	0	0	0	0	0	0	0	0	417	0	0	0	0	0	0	0	0	0	190	0	0	0	0	345	0	0	0	0	364	0	0	0	0	1218	0	0	0	6588	0
LFQ	50	0	0	0	0	0	0	0	0	0	0	0	0	418	0	0	0	0	0	0	0	0	0	208	0	0	0	0	328	0	0	0	0	375	0	0	0	0	1194	0	0	0	6599	0
LFQ	51	0	0	0	0	0	0	0	0	0	0	0	0	431	0	0	0	0	0	0	0	0	0	200	0	0	0	0	322	0	0	0	0	380	0	0	0	0	1180	0	0	0	6609	0
LFQ	52	0	0	4	0	0	0	0	0	0	0	0	0	470	0	0	0	0	0	0	0	0	0	173	0	0	0	0	331	0	0	0	0	379	0	0	0	0	1168	0	0	0	6597	0
LFQ	53	0	0	1	0	0	0	0	0	0	0	0	0	478	0	0	0	0	0	0	0	0	0	191	0	0	0	0	319	0	0	0	0	417	0	0	0	0	1167	0	0	0	6549	0
LFQ	54	0	0	0	0	0	0	0	0	0	0	0	0	455	0	0	0	0	0	0	0	0	0	209	0	0	0	0	331	0	0	0	0	388	0	0	0	0	1125	0	0	0	6614	0
LFQ	55	0	0	0	0	0	0	0	0	0	0	0	0	479	0	0	0	0	0	0	0	0	0	184	0	0	0	0	342	0	0	0	0	399	0	0	0	0	1146	0	0	0	6572	0
LFQ	56	0	0	0	0	0	0	0	0	0	0	0	0	497	0	0	0	0	0	0	0	0	0	217	0	0	0	0	347	0	0	0	0	388	0	0	0	0	1093	0	0	0	6580	0
LFQ	57	0	0	0	0	0	0	0	0	0	0	0	0	460	0	0	0	0	0	0	0	0	0	202	0	0	0	0	393	0	0	0	0	418	0	0	0	0	1078	0	0	0	6571	0
LFQ	58	0	0	0	0	0	0	0	0	0	0	0	0	448	0	0	0	0	0	0	0	0	0	200	0	0	0	0	334	0	0	0	0	425	0	0	0	0	1147	0	0	0	6568	0
LFQ	59	0	0	1	0	0	0	0	0	0	0	0	0	454	0	0	0	0	0	0	0	0	0	199	0	0	0	0	315	0	0	0	0	412	0	0	0	0	1216	0	0	0	6525	0
LFQ	60	0	0	3	0	0	0	0	0	0	0	0	0	457	0	0	0	0	0	0	0	0	0	201	0	0	0	0	307	0	0	0	0	425	0	0	0	0	1131	0	0	0	6598	0
LFQ	61	0	0	0	0	0	0	0	0	0	0	0	0	443	0	0	0	0	0	0	0	0	0	182	0	0	0	0	324	0	0	0	0	481	0	0	0	0	1066	0	0	0	6626	0
LFQ	62	0	0	0	0	0	0	0	0	0	0	0	0	472	0	0	0	0	0	0	0	0	0	200	0	0	0	0	278	0	0	0	0	446	0	0	0	0	1122	0	0	0	6604	0
LFQ	63	0	0	0	0	0	0	0	0	0	0	0	0	481	0	0	0	0	0	0	0	0	0	187	0	0	0	0	327	0	0	0	0	413	0	0	0	0	1054	0	0	0	6660	0
LFQ	64	0	0	0	0	0	0	0	0	0	0	0	0	450	0	0	0	0	0	0	0	0	0	193	0	0	0	0	331	0	0	0	0	457	0	0	0	0	1059	0	0	0	6632	0
LFQ	65	0	0	0	0	0	0	0	0	0	0	0	0	446	0	0	0	0	0	0	0	0	0	198	0	0	0	0	312	0	0	0	0	428	0	0	0	0	1060	0	0	0	6678	0
LFQ	66	0	0	0	0	0	0	0	0	0	0	0	0	438	0	0	0	0	0	0	0	0	0	224	0	0	0	0	338	0	0	0	0	408	0	0	0	0	1092	0	0	0	6622	0
LFQ	67	0	0	0	0	0	0	0	0	0	0	0	0	473	0	0	0	0	0	0	0	0	0	208	0	0	0	0	330	0	0	0	0	416	0	0	0	0	1129	0	0	0	6566	0
LFQ	68	0	0	0	0	0	0	0	0	0	0	0	0	433	0	0	0	0	0	0	0	0	0	230	0	0	0	0	297	0	0	0	0	443	0	0	0	0	1137	0	0	0	6582	0
LFQ	69	0	0	0	0	0	0	0	0	0	0	0	0	443	0	0	0	0	0	0	0	0	0	215	0	0	0	0	306	0	0	0	0	466	0	0	0	0	1107	0	0	0	6585	0
LFQ	70	0	0	0	0	0	0	0	0	0	0	0	0	461	0	0	0	0	0	0	0	0	0	241	0	0	0	0	277	0	0	0	0	424	0	0	0	0	1149	0	0	0	6570	0
LFQ	71	0	0	0	0	0	0	0	0	0	0	0	0	419	0	0	0	0	0	0	0	0	0	275	0	0	0	0	246	0	0	0	0	443	0	0	0	0	1105	0	0	0	6634	0
LFQ	72	0	0	0	0	0	0	0	0	0	0	0	0	423	0	0	0	0	0	0	0	0	0	259	0	0	0	0	280	0	0	0	0	444	0	0	0	0	1188	0	0	0	6528	0
LFQ	73	0	0	1	0	0	0	0	0	0	0	0	0	428	0	0	0	0	0	0	0	0	0	287	0	0	0	0	240	0	0	0	0	446	0	0	0	0	1132	0	0	0	6588	0
LFQ	74	0	0	0	0	0	0	0	0	0	0	0	0	440	0	0	0	0	0	0	0	0	0	257	0	0	0	0	252	0	0	0	0	427	0	0	0	0	1134	0	0	0	6612	0
LFQ	75	0	0	0	0	0	0	0	0	0	0	0	0	436	0	0	0	0	0	0	0	0	0	279	0	0	0	0	244	0	0	0	0	443	0	0	0	0	1157	0	0	0	6563	0
LFQ	76	0	0	0	0	0	0	0	0	0	0	0	0	428	0	0	0	0	0	0	0	0	0	252	0	0	0	0	259	0	0	0	0	482	0	0	0	0	1099	0	0	0	6602	0
LFQ	77	0	0	0	0	0	0	0	0	0	0	0	0	417	0	0	0	0	0	0	0	0	0	453	0	0	0	0	343	0	0	0	0	819	0	0	0	0	2073	0	0	0	5017	0
LFQ	78	0	0	0	0	0	0	0	0	0	0	0	0	429	0	0	0	0	0	0	0	0	0	338	0	0	0	0	246	0	0	0	0	590	0	0	0	0	1500	0	0	0	6019	0
LFQ	79	0	0	0	0	0	0	0	0	0	0	0	0	406	0	0	0	0	0	0	0	0	0	288	0	0	0	0	247	0	0	0	0	460	0	0	0	0	1245	0	0	0	6476	0
LFQ	80	0	0	1	0	0	0	0	0	0	0	0	0	364	0	0	0	0	0	0	0	0	0	262	0	0	0	0	240	0	0	0	0	472	0	0	0	0	1153	0	0	0	6630	0
LFQ	81	0	0	0	0	0	0	0	0	0	0	0	0	427	0	0	0	0	0	0	0	0	0	245	0	0	0	0	213	0	0	0	0	384	0	0	0	0	1123	0	0	0	6730	0
LFQ	82	0	0	0	0	0	0	0	0	0	0	0	0	367	0	0	0	0	0	0	0	0	0	255	0	0	0	0	216	0	0	0	0	389	0	0	0	0	1103	0	0	0	6792	0
LFQ	83	0	0	0	0	0	0	0	0	0	0	0	0	358	0	0	0	0	0	0	0	0	0	246	0	0	0	0	231	0	0	0	0	416	0	0	0	0	1073	0	0	0	6798	0
LFQ	84	0	0	0	0	0	0	0	0	0	0	0	0	387	0	0	0	0	0	0	0	0	0	234	0	0	0	0	198	0	0	0	0	402	0	0	0	0	1064	0	0	0	6837	0
LFQ	85	0	0	0	0	0	0	0	0	0	0	0	0	393	0	0	0	0	0	0	0	0	0	205	0	0	0	0	207	0	0	0	0	386	0	0	0	0	1095	0	0	0	6836	0
LFQ	86	0	0	0	0	0	0	0	0	0	0	0	0	379	0	0	0	0	0	0	0	0	0	225	0	0	0	0	229	0	0	0	0	404	0	0	0	0	1011	0	0	0	6874	0
LFQ	87	0	0	0	0	0	0	0	0	0	0	0	0	397	0	0	0	0	0	0	0	0	0	248	0	0	0	0	186	0	0	0	0	411	0	0	0	0	1070	0	0	0	6810	0
LFQ	88	0	0	0	0	0	0	0	0	0	0	0	0	384	0	0	0	0	0	0	0	0	0	247	0	0	0	0	233	0	0	0	0	445	0	0	0	0	1020	0	0	0	6793	0
LFQ	89	0	0	0	0	0	0	0	0	0	0	0	0	446	0	0	0	0	0	0	0	0	0	239	0	0	0	0	236	0	0	0	0	390	0	0	0	0	1065	0	0	0	6746	0
LFQ	90	0	0	0	0	0	0	0	0	0	0	0	0	380	0	0	0	0	0	0	0	0	0	237	0	0	0	0	251	0	0	0	0	456	0	0	0	0	1055	0	0	0	6743	0
LFQ	91	0	0	0	0	0	0	0	0	0	0	0	0	403	0	0	0	0	0	0	0	0	0	241	0	0	0	0	251	0	0	0	0	445	0	0	0	0	1023	0	0	0	6759	0
LFQ	92	0	0	0	0	0	0	0	0	0	0	0	0	403	0	0	0	0	0	0	0	0	0	242	0	0	0	0	201	0	0	0	0	440	0	0	0	0	1053	0	0	0	6783	0
LFQ	93	0	0	0	0	0	0	0	0	0	0	0	0	432	0	0	0	0	0	0	0	0	0	255	0	0	0	0	218	0	0	0	0	460	0	0	0	0	1053	0	0	0	6704	0
LFQ	94	0	0	3	0	0	0	0	0	0	0	0	0	417	0	0	0	0	0	0	0	0	0	222	0	0	0	0	214	0	0	0	0	473	0	0	0	0	1078	0	0	0	6715	0
LFQ	95	0	0	0	0	0	0	0	0	0	0	0	0	432	0	0	0	0	0	0	0	0	0	250	0	0	0	0	233	0	0	0	0	468	0	0	0	0	1018	0	0	0	6721	0
LFQ	96	0	0	0	0	0	0	0	0	0	0	0	0	415	0	0	0	0	0	0	0	0	0	277	0	0	0	0	257	0	0	0	0	479	0	0	0	0	1086	0	0	0	6608	0
LFQ	97	0	0	0	0	0	0	0	0	0	0	0	0	430	0	0	0	0	0	0	0	0	0	239	0	0	0	0	231	0	0	0	0	515	0	0	0	0	1028	0	0	0	6679	0
LFQ	98	0	0	0	0	0	0	0	0	0	0	0	0	428	0	0	0	0	0	0	0	0	0	236	0	0	0	0	233	0	0	0	0	463	0	0	0	0	1068	0	0	0	6694	0
LFQ	99	0	0	0	0	0	0	0	0	0	0	0	0	461	0	0	0	0	0	0	0	0	0	261	0	0	0	0	247	0	0	0	0	480	0	0	0	0	1045	0	0	0	6628	0
LFQ	100	0	0	0	0	0	0	0	0	0	0	0	0	423	0	0	0	0	0	0	0	0	0	242	0	0	0	0	259	0	0	0	0	492	0	0	0	0	1106	0	0	0	6600	0
LFQ	101	0	0	0	0	0	0	0	0	0	0	0	0	448	0	0	0	0	0	0	0	0	0	244	0	0	0	0	249	0	0	0	0	464	0	0	0	0	1107	0	0	0	6609	0
LFQ	102	0	0	1	0	0	0	0	0	0	0	0	0	444	0	0	0	0	0	0	0	0	0	241	0	0	0	0	258	0	0	0	0	487	0	0	0	0	1099	0	0	0	6591	0
LFQ	103	0	0	0	0	0	0	0	0	0	0	0	0	421	0	0	0	0	0	0	0	0	0	295	0	0	0	0	241	0	0	0	0	478	0	0	0	0	1095	0	0	0	6589	0
LFQ	104	0	0	0	0	0	0	0	0	0	0	0	0	433	0	0	0	0	0	0	0	0	0	267	0	0	0	0	293	0	0	0	0	506	0	0	0	0	1134	0	0	0	6485	0
LFQ	105	0	0	0	0	0	0	0	0	0	0	0	0	447	0	0	0	0	0	0	0	0	0	259	0	0	0	0	249	0	0	0	0	519	0	0	0	0	1154	0	0	0	6490	0
LFQ	106	0	0	4	0	0	0	0	0	0	0	0	0	459	0	0	0	0	0	0	0	0	0	269	0	0	0	0	241	0	0	0	0	523	0	0	0	0	1218	0	0	0	6404	0
LFQ	107	0	0	1	0	0	0	0	0	0	0	0	0	477	0	0	0	0	0	0	0	0	0	269	0	0	0	0	246	0	0	0	0	520	0	0	0	0	1147	0	0	0	6458	0
LFQ	108	0	0	0	0	0	0	0	0	0	0	0	0	441	0	0	0	0	0	0	0	0	0	284	0	0	0	0	253	0	0	0	0	495	0	0	0	0	1331	0	0	0	6314	0
LFQ	109	0	0	0	0	0	0	0	0	0	0	0	0	467	0	0	0	0	0	0	0	0	0	300	0	0	0	0	246	0	0	0	0	554	0	0	0	0	1287	0	0	0	6263	0
LFQ	110	0	0	57	0	0	0	0	0	0	0	0	0	506	0	0	0	0	0	0	0	0	0	308	0	0	0	0	272	0	0	0	0	501	0	0	0	0	1289	0	0	0	6183	0
LFQ	111	0	0	0	0	0	0	0	0	0	0	0	0	482	0	0	0	0	0	0	0	0	0	314	0	0	0	0	231	0	0	0	0	522	0	0	0	0	1436	0	0	0	6131	0
LFQ	112	0	0	2	0	0	0	0	0	0	0	0	0	482	0	0	0	0	0	0	0	0	0	311	0	0	0	0	287	0	0	0	0	574	0	0	0	0	1399	0	0	0	6061	0
LFQ	113	0	0	0	0	0	0	0	0	0	0	0	0	475	0	0	0	0	0	0	0	0	0	326	0	0	0	0	248	0	0	0	0	529	0	0	0	0	1424	0	0	0	6111	0
LFQ	114	0	0	2	0	0	0	0	0	0	0	0	0	496	0	0	0	0	0	0	0	0	0	341	0	0	0	0	271	0	0	0	0	544	0	0	0	0	1472	0	0	0	5986	0
LFQ	115	0	0	0	0	0	0	0	0	0	0	0	0	506	0	0	0	0	0	0	0	0	0	314	0	0	0	0	274	0	0	0	0	560	0	0	0	0	1497	0	0	0	5961	0
LFQ	116	0	0	0	0	0	0	0	0	0	0	0	0	534	0	0	0	0	0	0	0	0	0	337	0	0	0	0	299	0	0	0	0	534	0	0	0	0	1466	0	0	0	5942	0
LFQ	117	0	0	3	0	0	0	0	0	0	0	0	0	570	0	0	0	0	0	0	0	0	0	365	0	0	0	0	334	0	0	0	0	511	0	0	0	0	1481	0	0	0	5848	0
LFQ	118	0	0	0	0	0	0	0	0	0	0	0	0	545	0	0	0	0	0	0	0	0	0	360	0	0	0	0	324	0	0	0	0	537	0	0	0	0	1567	0	0	0	5779	0
LFQ	119	0	0	3	0	0	0	0	0	0	0	0	0	575	0	0	0	0	0	0	0	0	0	326	0	0	0	0	335	0	0	0	0	530	0	0	0	0	1615	0	0	0	5727	0
LFQ	120	0	0	0	0	0	0	0	0	0	0	0	0	584	0	0	0	0	0	0	0	0	0	344	0	0	0	0	325	0	0	0	0	521	0	0	0	0	1651	0	0	0	5686	0
LFQ	121	0	0	0	0	0	0	0	0	0	0	0	0	619	0	0	0	0	0	0	0	0	0	306	0	0	0	0	312	0	0	0	0	545	0	0	0	0	1727	0	0	0	5600	0
LFQ	122	0	0	2	0	0	0	0	0	0	0	0	0	645	0	0	0	0	0	0	0	0	0	324	0	0	0	0	337	0	0	0	0	548	0	0	0	0	1703	0	0	0	5547	0
LFQ	123	0	0	0	0	0	0	0	0	0	0	0	0	636	0	0	0	0	0	0	0	0	0	303	0	0	0	0	316	0	0	0	0	585	0	0	0	0	1726	0	0	0	5539	0
LFQ	124	0	0	3	0	0	0	0	0	11	0	0	0	658	0	0	0	0	0	0	0	0	0	302	0	0	0	0	339	0	0	0	0	565	0	0	0	0	1696	0	0	0	5529	0
LFQ	125	0	0	0	0	0	0	0	0	10	0	0	0	668	0	0	0	0	0	0	0	0	0	291	0	0	0	0	322	0	0	0	0	624	0	0	0	0	1712	0	0	0	5474	0
LFQ	126	0	0	0	0	0	0	0	0	28	0	0	0	672	0	0	0	0	0	0	0	0	0	319	0	0	0	0	350	0	0	0	0	644	0	0	0	0	1721	0	0	0	5364	0
LFQ	127	0	0	2	0	0	0	0	0	19	0	0	0	678	0	0	0	0	0	0	0	0	0	331	0	0	0	0	371	0	0	0	0	625	0	0	0	0	1751	0	0	0	5320	0
LFQ	128	0	0	0	0	0	0	0	0	15	0	0	0	675	0	0	0	0	0	0	0	0	0	337	0	0	0	0	365	0	0	0	0	641	0	0	0	0	1794	0	0	0	5268	0
LFQ	129	0	0	1	0	0	0	0	0	45	0	0	0	686	0	0	0	0	0	0	0	0	0	346	0	0	0	0	361	0	0	0	0	695	0	0	0	0	1679	0	0	0	5279	0
LFQ	130	0	0	0	0	0	0	0	0	58	0	0	0	666	0	0	0	0	0	0	0	0	0	363	0	0	0	0	331	0	0	0	0	791	0	0	0	0	1616	0	0	0	5267	0
LFQ	131	0	0	2	0	0	0	0	0	56	0	0	0	678	0	0	0	0	0	0	0	0	0	357	0	0	0	0	330	0	0	0	0	819	0	0	0	0	1645	0	0	0	5205	0
LFQ	132	0	0	1	0	0	0	0	0	85	0	0	0	662	0	0	0	0	0	0	0	0	0	390	0	0	0	0	336	0	0	0	0	832	0	0	0	0	1632	0	0	0	5153	0
LFQ	133	0	0	1	0	0	0	0	0	91	0	0	0	643	0	0	0	0	0	0	0	0	0	407	0	0	0	0	340	0	0	0	0	860	0	0	0	0	1533	0	0	0	5214	0
LFQ	134	0	0	1	0	0	0	0	0	91	0	0	0	670	0	0	0	0	0	0	0	0	0	374	0	0	0	0	358	0	0	0	0	918	0	0	0	0	1519	0	0	0	5156	0
LFQ	135	0	0	2	0	0	0	0	0	80	0	0	0	696	0	0	0	0	0	0	0	0	0	363	0	0	0	0	369	0	0	0	0	924	0	0	0	0	1511	0	0	0	5139	0
LFQ	136	0	0	0	0	0	0	0	0	92	0	0	0	689	0	0	0	0	0	0	0	0	0	453	0	0	0	0	399	0	0	0	0	912	0	0	0	0	1474	0	0	0	5065	0
LFQ	137	0	0	1	0	0	0	0	0	90	0	0	0	704	0	0	0	0	0	0	0	0	0	392	0	0	0	0	435	0	0	0	0	984	0	0	0	0	1554	0	0	0	4916	0
LFQ	138	0	0	1	0	0	0	0	0	77	0	0	0	729	0	0	0	0	0	0	0	0	0	397	0	0	0	0	417	0	0	0	0	1012	0	0	0	0	1537	0	0	0	4901	0
LFQ	139	0	0	0	0	0	0	0	0	105	0	0	0	711	0	0	0	0	0	0	0	0	0	412	0	0	0	0	385	0	0	0	0	973	0	0	0	0	1559	0	0	0	4919	0
LFQ	140	0	0	2	0	0	0	0	0	126	0	0	0	732	0	0	0	0	0	0	0	0	0	441	0	0	0	0	443	0	0	0	0	950	0	0	0	0	1510	0	0	0	4855	0
LFQ	141	0	0	0	0	0	0	0	0	113	0	0	0	701	0	0	0	0	0	0	0	0	0	459	0	0	0	0	490	0	0	0	0	1019	0	0	0	0	1376	0	0	0	4892	0
LFQ	142	0	0	1	0	0	0	0	0	92	0	0	0	714	0	0	0	0	0	0	0	0	0	411	0	0	0	0	536	0	0	0	0	950	0	0	0	0	1466	0	0	0	4871	0
LFQ	143	0	0	1	0	0	0	0	0	102	0	0	0	699	0	0	0	0	0	0	0	0	0	434	0	0	0	0	543	0	0	0	0	1009	0	0	0	0	1434	0	0	0	4807	0
LFQ	144	0	0	0	0	0	0	0	0	115	0	0	0	747	0	0	0	0	0	0	0	0	0	404	0	0	0	0	531	0	0	0	0	996	0	0	0	0	1419	0	0	0	4807	0
LFQ	145	0	0	0	0	0	0	0	0	101	0	0	0	739	0	0	0	0	0	0	0	0	0	438	0	0	0	0	552	0	0	0	0	939	0	0	0	0	1397	0	0	0	4838	0
LFQ	146	0	0	4	0	0	0	0	0	94	0	0	0	704	0	0	0	0	0	0	0	0	0	452	0	0	0	0	550	0	0	0	0	1012	0	0	0	0	1459	0	0	0	4718	0
LFQ	147	0	0	0	0	0	0	0	0	89	0	0	0	726	0	0	0	0	0	0	0	0	0	465	0	0	0	0	572	0	0	0	0	950	0	0	0	0	1414	0	0	0	4740	0
LFQ	148	0	0	0	0	0	0	0	0	81	0	0	0	702	0	0	0	0	0	0	0	0	0	453	0	0	0	0	589	0	0	0	0	1020	0	0	0	0	1460	0	0	0	4578	0
LFQ	149	0	0	0	0	0	0	0	0	68	0	0	0	596	0	0	0	0	0	0	0	0	0	476	0	0	0	0	633	0	0	0	0	916	0	0	0	0	1478	0	0	0	4489	0
LFQ	150	0	0	3	0	0	0	0	0	36	0	0	0	425	0	0	0	0	0	0	0	0	0	481	0	0	0	0	643	0	0	0	0	963	0	0	0	0	1482	0	0	0	4371	0
LFQ	151	0	0	0	0	0	0	0	0	0	0	0	0	0	0	0	0	0	0	0	0	0	0	828	0	0	0	0	961	0	0	0	0	1253	0	0	0	0	1587	0	0	0	2762	0
# GC Content of first fragments. Use `grep ^GCF | cut -f 2-` to extract this part.
GCF	1.26	0
GCF	2.76	1
GCF	3.77	0
GCF	4.77	1
GCF	9.30	0
GCF	13.82	1
GCF	14.32	2
GCF	14.82	1
GCF	15.33	0
GCF	15.83	2
GCF	16.58	0
GCF	17.34	2
GCF	17.84	9
GCF	18.59	10
GCF	19.35	16
GCF	19.85	20
GCF	20.35	22
GCF	20.85	19
GCF	21.36	33
GCF	21.86	38
GCF	22.36	73
GCF	22.86	71
GCF	23.37	69
GCF	23.87	90
GCF	24.37	92
GCF	24.87	98
GCF	25.38	111
GCF	25.88	174
GCF	26.38	187
GCF	26.88	192
GCF	27.39	218
GCF	27.89	235
GCF	28.39	276
GCF	28.89	256
GCF	29.40	266
GCF	29.90	346
GCF	30.40	354
GCF	30.90	404
GCF	31.41	407
GCF	31.91	419
GCF	32.41	447
GCF	32.91	449
GCF	33.42	450
GCF	34.17	470
GCF	34.92	436
GCF	35.43	426
GCF	35.93	414
GCF	36.43	422
GCF	36.93	398
GCF	37.44	388
GCF	37.94	307
GCF	38.44	267
GCF	38.94	231
GCF	39.45	234
GCF	39.95	201
GCF	40.45	175
GCF	40.95	143
GCF	41.46	133
GCF	41.96	102
GCF	42.46	96
GCF	42.96	76
GCF	43.47	62
GCF	43.97	65
GCF	44.47	51
GCF	44.97	31
GCF	45.48	22
GCF	45.98	20
GCF	46.48	18
GCF	46.98	23
GCF	47.49	22
GCF	47.99	20
GCF	48.49	24
GCF	48.99	16
GCF	49.50	15
GCF	50.00	19
GCF	50.50	20
GCF	51.01	19
GCF	51.51	15
GCF	52.26	10
GCF	53.02	11
GCF	53.52	7
GCF	54.02	4
GCF	54.77	7
GCF	55.53	9
GCF	56.03	8
GCF	56.53	6
GCF	57.04	4
GCF	57.54	7
GCF	58.04	12
GCF	58.54	11
GCF	59.05	6
GCF	59.55	7
GCF	60.05	3
GCF	60.55	5
GCF	61.06	11
GCF	61.56	14
GCF	62.31	12
GCF	63.07	7
GCF	63.57	13
GCF	64.07	10
GCF	64.57	9
GCF	65.08	12
GCF	65.58	15
GCF	66.08	8
GCF	66.58	7
GCF	67.09	3
GCF	67.59	7
GCF	68.09	4
GCF	68.59	3
GCF	69.10	6
GCF	69.60	5
GCF	70.10	4
GCF	70.60	3
GCF	71.61	0
GCF	72.61	1
GCF	73.37	2
GCF	74.12	5
GCF	74.62	3
GCF	75.13	2
GCF	76.13	0
GCF	77.14	1
GCF	78.39	0
GCF	79.65	1
GCF	80.15	0
GCF	80.65	2
GCF	81.16	1
GCF	83.17	0
GCF	85.18	1
# GC Content of last fragments. Use `grep ^GCL | cut -f 2-` to extract this part.
GCL	6.78	0
GCL	13.82	1
GCL	14.32	2
GCL	14.82	1
GCL	15.33	0
GCL	16.08	3
GCL	16.83	1
GCL	17.34	9
GCL	17.84	11
GCL	18.34	21
GCL	18.84	17
GCL	19.35	24
GCL	19.85	12
GCL	20.35	32
GCL	20.85	42
GCL	21.36	44
GCL	21.86	49
GCL	22.36	75
GCL	22.86	70
GCL	23.37	83
GCL	23.87	95
GCL	24.37	119
GCL	24.87	128
GCL	25.38	130
GCL	25.88	184
GCL	26.38	197
GCL	26.88	193
GCL	27.39	197
GCL	27.89	251
GCL	28.39	269
GCL	28.89	286
GCL	29.40	293
GCL	29.90	312
GCL	30.40	353
GCL	30.90	416
GCL	31.41	421
GCL	31.91	403
GCL	32.41	423
GCL	32.91	429
GCL	33.42	436
GCL	33.92	442
GCL	34.42	488
GCL	34.92	430
GCL	35.43	416
GCL	35.93	434
GCL	36.43	371
GCL	36.93	324
GCL	37.44	323
GCL	37.94	303
GCL	38.44	287
GCL	38.94	233
GCL	39.45	234
GCL	39.95	196
GCL	40.45	170
GCL	40.95	146
GCL	41.46	151
GCL	41.96	102
GCL	42.46	91
GCL	43.22	72
GCL	43.97	69
GCL	44.47	35
GCL	44.97	32
GCL	45.48	30
GCL	45.98	28
GCL	46.48	17
GCL	46.98	24
GCL	47.49	19
GCL	47.99	24
GCL	48.74	19
GCL	49.50	24
GCL	50.00	18
GCL	50.50	24
GCL	51.01	16
GCL	51.51	10
GCL	52.01	6
GCL	52.51	8
GCL	53.02	12
GCL	53.52	6
GCL	54.02	5
GCL	54.52	10
GCL	55.28	5
GCL	56.03	4
GCL	56.53	8
GCL	57.04	6
GCL	57.54	10
GCL	58.04	11
GCL	58.54	8
GCL	59.30	6
GCL	60.05	11
GCL	60.55	12
GCL	61.31	10
GCL	62.06	3
GCL	62.81	10
GCL	63.57	14
GCL	64.07	13
GCL	64.57	9
GCL	65.08	3
GCL	65.58	14
GCL	66.08	10
GCL	66.58	6
GCL	67.34	7
GCL	68.09	5
GCL	68.59	2
GCL	69.10	3
GCL	69.60	6
GCL	70.10	2
GCL	70.60	1
GCL	71.11	4
GCL	71.86	1
GCL	72.61	0
GCL	73.12	2
GCL	73.62	3
GCL	74.87	1
GCL	76.13	2
GCL	76.88	1
GCL	77.64	0
GCL	78.14	3
GCL	78.64	1
GCL	79.15	0
GCL	79.65	2
GCL	80.15	3
GCL	80.65	1
GCL	81.16	3
GCL	81.66	2
GCL	82.16	1
GCL	83.42	0
GCL	84.67	2
GCL	85.18	1
GCL	85.68	0
GCL	86.18	2
GCL	86.68	1
GCL	88.44	0
GCL	90.45	1
GCL	91.96	0
GCL	93.47	1
# ACGT content per cycle. Use `grep ^GCC | cut -f 2-` to extract this part. The columns are: cycle; A,C,G,T base counts as a percentage of all A/C/G/T bases [%]; and N and O counts as a percentage of all A/C/G/T bases [%]
GCC	1	30.46	19.36	20.37	29.81	1.06	0.00
GCC	2	33.19	16.76	17.99	32.06	0.01	0.00
GCC	3	33.73	16.33	15.52	34.42	0.01	0.00
GCC	4	33.50	16.33	17.31	32.86	0.00	0.00
GCC	5	34.07	17.01	16.94	31.99	0.00	0.00
GCC	6	34.51	16.08	16.37	33.04	0.00	0.00
GCC	7	33.10	15.84	16.26	34.81	0.00	0.00
GCC	8	32.67	17.48	17.27	32.58	0.00	0.00
GCC	9	32.54	17.36	16.75	33.35	0.02	0.00
GCC	10	34.58	15.80	15.69	33.93	0.01	0.00
GCC	11	31.17	18.59	18.98	31.26	0.01	0.00
GCC	12	32.14	17.85	18.03	31.97	0.01	0.00
GCC	13	31.89	17.75	17.64	32.72	0.00	0.00
GCC	14	31.27	17.54	17.84	33.36	0.00	0.00
GCC	15	32.77	16.81	16.70	33.72	0.01	0.00
GCC	16	33.18	16.81	16.86	33.15	0.00	0.00
GCC	17	32.14	17.23	17.64	32.99	0.00	0.00
GCC	18	32.70	16.82	17.06	33.42	0.01	0.00
GCC	19	33.07	16.73	17.17	33.02	0.00	0.00
GCC	20	32.30	17.33	17.58	32.79	0.00	0.00
GCC	21	33.20	16.94	16.55	33.32	0.00	0.00
GCC	22	32.66	17.06	17.28	33.00	0.02	0.00
GCC	23	32.68	16.71	17.26	33.35	0.00	0.00
GCC	24	34.06	16.66	16.76	32.53	0.00	0.00
GCC	25	33.15	17.09	17.27	32.49	0.01	0.00
GCC	26	32.45	17.09	17.56	32.91	0.01	0.00
GCC	27	33.27	16.46	17.34	32.93	0.61	0.00
GCC	28	34.02	17.39	16.01	32.58	0.09	0.00
GCC	29	32.43	17.38	17.71	32.48	0.03	0.00
GCC	30	33.16	17.44	16.75	32.65	0.00	0.00
GCC	31	33.04	16.53	16.78	33.65	0.00	0.00
GCC	32	32.52	16.61	17.83	33.03	0.03	0.00
GCC	33	32.53	17.04	17.47	32.96	0.00	0.00
GCC	34	32.96	16.81	17.25	32.98	0.00	0.00
GCC	35	32.79	17.16	17.57	32.48	0.00	0.00
GCC	36	33.34	16.93	16.61	33.12	0.03	0.00
GCC	37	33.07	17.22	17.22	32.49	0.01	0.00
GCC	38	31.92	17.12	17.92	33.05	0.02	0.00
GCC	39	32.21	17.13	17.27	33.39	0.03	0.00
GCC	40	32.66	16.89	17.29	33.16	0.08	0.00
GCC	41	32.67	17.70	16.46	33.17	0.01	0.00
GCC	42	33.81	16.09	16.74	33.36	0.01	0.00
GCC	43	32.92	16.93	17.04	33.12	0.00	0.00
GCC	44	32.76	17.56	16.90	32.78	0.13	0.00
GCC	45	32.29	16.63	17.38	33.70	0.00	0.00
GCC	46	32.53	17.05	17.19	33.23	0.09	0.00
GCC	47	32.40	16.92	17.39	33.29	0.10	0.00
GCC	48	33.37	16.38	16.73	33.53	0.08	0.00
GCC	49	32.42	17.22	16.87	33.49	0.03	0.00
GCC	50	32.68	16.64	17.00	33.68	0.00	0.00
GCC	51	33.26	17.14	17.10	32.50	0.00	0.00
GCC	52	32.66	16.86	16.95	33.53	0.03	0.00
GCC	53	32.97	17.73	16.93	32.38	0.03	0.00
GCC	54	32.91	16.78	17.26	33.05	0.01	0.00
GCC	55	33.59	17.34	16.81	32.26	0.00	0.00
GCC	56	32.20	17.19	17.20	33.41	0.00	0.00
GCC	57	33.06	16.82	17.09	33.03	0.00	0.00
GCC	58	32.84	17.17	17.41	32.57	0.01	0.00
GCC	59	32.00	17.48	17.96	32.56	0.01	0.00
GCC	60	33.55	16.88	16.46	33.10	0.03	0.00
GCC	61	33.20	16.69	16.93	33.19	0.01	0.00
GCC	62	32.30	17.21	17.60	32.89	0.00	0.00
GCC	63	32.62	16.78	16.71	33.89	0.01	0.00
GCC	64	32.93	17.22	17.56	32.29	0.01	0.00
GCC	65	33.04	16.81	17.58	32.56	0.01	0.00
GCC	66	33.25	16.78	17.07	32.89	0.00	0.00
GCC	67	32.75	16.93	17.53	32.79	0.00	0.00
GCC	68	32.73	17.03	17.57	32.67	0.00	0.00
GCC	69	32.77	16.56	17.63	33.04	0.00	0.00
GCC	70	32.98	17.33	17.17	32.53	0.00	0.00
GCC	71	32.49	17.76	17.41	32.34	0.00	0.00
GCC	72	33.28	16.42	16.98	33.32	0.00	0.00
GCC	73	32.72	17.29	17.52	32.47	0.01	0.00
GCC	74	32.22	17.36	17.99	32.42	0.00	0.00
GCC	75	32.73	17.13	17.47	32.66	0.00	0.00
GCC	76	33.32	16.65	16.88	33.15	0.01	0.00
GCC	77	32.60	16.72	17.76	32.92	0.00	0.00
GCC	78	32.50	17.70	17.07	32.72	0.00	0.00
GCC	79	32.96	17.16	16.59	33.29	0.00	0.00
GCC	80	32.75	18.06	17.00	32.19	0.01	0.00
GCC	81	32.58	17.05	17.19	33.18	0.00	0.00
GCC	82	31.91	17.48	17.09	33.53	0.00	0.00
GCC	83	33.10	17.19	17.12	32.59	0.00	0.00
GCC	84	32.98	17.38	16.59	33.05	0.01	0.00
GCC	85	33.20	17.16	16.56	33.08	0.00	0.00
GCC	86	32.59	17.04	18.03	32.34	0.00	0.00
GCC	87	33.40	17.12	16.74	32.74	0.00	0.00
GCC	88	32.55	17.23	17.01	33.22	0.00	0.00
GCC	89	33.34	17.13	17.44	32.09	0.00	0.00
GCC	90	32.91	17.36	16.73	33.00	0.00	0.00
GCC	91	33.28	16.80	16.95	32.97	0.01	0.00
GCC	92	32.17	17.59	17.81	32.42	0.00	0.00
GCC	93	33.02	16.75	17.17	33.06	0.02	0.00
GCC	94	32.39	16.90	17.09	33.62	0.02	0.00
GCC	95	32.24	17.68	17.27	32.81	0.01	0.00
GCC	96	33.74	16.99	16.61	32.66	0.00	0.00
GCC	97	33.09	17.06	16.95	32.89	0.00	0.00
GCC	98	32.71	17.69	16.88	32.71	0.01	0.00
GCC	99	33.49	16.54	17.17	32.80	0.00	0.00
GCC	100	33.21	17.79	16.51	32.49	0.00	0.00
GCC	101	33.35	17.53	16.99	32.13	0.01	0.00
GCC	102	33.37	17.17	16.90	32.56	0.01	0.00
GCC	103	32.65	16.64	17.36	33.35	0.00	0.00
GCC	104	32.95	16.93	17.52	32.59	0.01	0.00
GCC	105	32.85	16.70	16.97	33.48	0.01	0.00
GCC	106	32.84	17.36	16.71	33.09	0.03	0.00
GCC	107	32.89	17.65	16.68	32.77	0.01	0.00
GCC	108	32.67	16.77	16.95	33.60	0.01	0.00
GCC	109	32.53	17.07	17.23	33.17	0.00	0.00
GCC	110	32.94	17.42	17.68	31.95	0.31	0.00
GCC	111	32.94	16.63	16.93	33.50	0.01	0.00
GCC	112	33.43	17.22	16.99	32.36	0.02	0.00
GCC	113	33.31	17.14	17.25	32.29	0.00	0.00
GCC	114	32.97	17.08	16.12	33.83	0.01	0.00
GCC	115	32.93	17.27	16.88	32.92	0.01	0.00
GCC	116	32.68	17.20	17.26	32.86	0.01	0.00
GCC	117	34.06	16.65	16.62	32.68	0.02	0.00
GCC	118	32.07	17.70	17.31	32.93	0.01	0.00
GCC	119	31.82	17.51	17.28	33.39	0.02	0.00
GCC	120	32.45	17.18	17.10	33.27	0.01	0.00
GCC	121	32.71	17.12	17.30	32.87	0.00	0.00
GCC	122	32.84	16.95	17.39	32.83	0.01	0.00
GCC	123	33.35	16.89	17.01	32.76	0.01	0.00
GCC	124	32.66	17.59	16.96	32.79	0.02	0.00
GCC	125	33.50	16.43	17.75	32.31	0.00	0.00
GCC	126	33.53	16.38	17.02	33.08	0.01	0.00
GCC	127	33.59	16.64	16.63	33.14	0.01	0.00
GCC	128	32.41	17.37	17.24	32.99	0.02	0.00
GCC	129	32.61	17.15	17.21	33.03	0.01	0.00
GCC	130	32.71	16.88	17.34	33.07	0.01	0.00
GCC	131	32.97	16.84	17.46	32.73	0.02	0.00
GCC	132	33.19	16.78	16.96	33.07	0.01	0.00
GCC	133	32.64	16.85	16.92	33.58	0.01	0.00
GCC	134	32.49	16.96	17.36	33.20	0.01	0.00
GCC	135	32.74	16.50	16.76	34.00	0.01	0.00
GCC	136	32.85	17.31	16.98	32.87	0.01	0.00
GCC	137	32.75	17.28	17.11	32.85	0.01	0.00
GCC	138	33.59	16.34	17.18	32.89	0.01	0.00
GCC	139	33.12	16.96	16.69	33.23	0.01	0.00
GCC	140	32.93	17.23	17.06	32.78	0.02	0.00
GCC	141	32.66	17.34	17.37	32.63	0.01	0.00
GCC	142	32.41	17.14	17.53	32.92	0.01	0.00
GCC	143	32.95	16.98	17.20	32.87	0.01	0.00
GCC	144	33.36	16.76	17.24	32.63	0.00	0.00
GCC	145	32.50	16.89	17.22	33.39	0.01	0.00
GCC	146	32.69	17.33	17.44	32.54	0.07	0.00
GCC	147	33.11	16.65	17.38	32.86	0.00	0.00
GCC	148	32.69	16.93	17.43	32.95	0.00	0.00
GCC	149	32.96	16.99	16.17	33.88	0.00	0.00
GCC	150	32.29	17.07	17.31	33.33	0.02	0.00
GCC	151	32.73	16.76	17.24	33.28	0.00	0.00
# ACGT content per cycle, read oriented. Use `grep ^GCT | cut -f 2-` to extract this part. The columns are: cycle; A,C,G,T base counts as a percentage of all A/C/G/T bases [%]
GCT	1	29.93	18.58	21.15	30.34
GCT	2	36.64	14.94	19.81	28.61
GCT	3	34.14	17.53	14.32	34.00
GCT	4	35.04	16.50	17.15	31.32
GCT	5	35.80	16.42	17.53	30.25
GCT	6	38.64	15.98	16.47	28.91
GCT	7	31.07	15.97	16.12	36.84
GCT	8	31.94	17.79	16.96	33.31
GCT	9	30.65	17.78	16.34	35.24
GCT	10	36.05	15.39	16.10	32.46
GCT	11	32.89	18.67	18.89	29.54
GCT	12	31.43	18.46	17.43	32.69
GCT	13	32.04	17.02	18.37	32.57
GCT	14	31.56	17.51	17.86	33.06
GCT	15	33.24	17.00	16.51	33.25
GCT	16	33.54	16.54	17.12	32.79
GCT	17	32.27	18.04	16.83	32.85
GCT	18	32.81	17.15	16.73	33.31
GCT	19	32.82	16.02	17.88	33.28
GCT	20	31.86	17.78	17.13	33.23
GCT	21	32.73	17.09	16.39	33.78
GCT	22	32.89	16.89	17.46	32.77
GCT	23	32.96	16.84	17.12	33.07
GCT	24	33.74	16.69	16.73	32.84
GCT	25	32.59	17.16	17.20	33.05
GCT	26	32.94	17.54	17.10	32.42
GCT	27	33.28	16.93	16.87	32.92
GCT	28	33.52	16.64	16.75	33.08
GCT	29	31.77	17.81	17.28	33.14
GCT	30	32.41	17.21	16.99	33.40
GCT	31	33.74	16.47	16.84	32.95
GCT	32	32.83	17.40	17.05	32.73
GCT	33	32.25	17.18	17.33	33.24
GCT	34	32.88	16.66	17.40	33.06
GCT	35	33.14	17.25	17.47	32.13
GCT	36	33.60	17.07	16.48	32.85
GCT	37	33.04	16.99	17.45	32.52
GCT	38	32.26	17.29	17.74	32.71
GCT	39	32.41	17.25	17.15	33.19
GCT	40	32.93	16.89	17.29	32.89
GCT	41	32.70	17.32	16.83	33.14
GCT	42	33.78	16.51	16.32	33.38
GCT	43	33.07	16.48	17.49	32.97
GCT	44	32.52	17.19	17.27	33.02
GCT	45	32.73	16.98	17.03	33.25
GCT	46	32.86	16.67	17.57	32.90
GCT	47	33.20	17.09	17.22	32.49
GCT	48	33.36	16.62	16.48	33.53
GCT	49	33.06	16.90	17.19	32.85
GCT	50	33.10	16.26	17.39	33.25
GCT	51	32.71	17.28	16.96	33.05
GCT	52	32.87	16.71	17.10	33.32
GCT	53	32.86	16.99	17.66	32.49
GCT	54	32.36	16.88	17.16	33.60
GCT	55	32.70	16.80	17.35	33.15
GCT	56	32.84	17.05	17.35	32.76
GCT	57	33.19	17.33	16.59	32.89
GCT	58	32.42	17.08	17.51	33.00
GCT	59	32.24	17.78	17.67	32.31
GCT	60	33.52	16.80	16.54	33.14
GCT	61	33.50	16.78	16.83	32.88
GCT	62	32.09	17.39	17.41	33.11
GCT	63	32.77	16.60	16.89	33.74
GCT	64	32.64	16.93	17.85	32.58
GCT	65	33.38	17.22	17.18	32.23
GCT	66	32.84	17.23	16.62	33.30
GCT	67	32.54	16.82	17.64	33.00
GCT	68	32.32	17.39	17.21	33.08
GCT	69	33.41	17.07	17.12	32.41
GCT	70	32.42	17.52	16.98	33.08
GCT	71	32.33	16.87	18.30	32.50
GCT	72	32.84	16.70	16.70	33.76
GCT	73	32.09	17.43	17.38	33.10
GCT	74	32.47	17.50	17.86	32.17
GCT	75	32.92	17.07	17.53	32.48
GCT	76	33.34	16.28	17.24	33.13
GCT	77	32.42	17.04	17.45	33.10
GCT	78	33.19	17.19	17.58	32.03
GCT	79	33.44	17.25	16.49	32.81
GCT	80	32.81	17.85	17.21	32.13
GCT	81	32.76	17.57	16.67	33.00
GCT	82	32.62	16.73	17.84	32.82
GCT	83	33.09	17.11	17.20	32.60
GCT	84	32.85	17.37	16.60	33.18
GCT	85	33.50	17.15	16.58	32.78
GCT	86	33.32	17.16	17.91	31.61
GCT	87	33.77	17.17	16.68	32.37
GCT	88	32.95	16.71	17.53	32.81
GCT	89	32.45	17.42	17.15	32.98
GCT	90	32.88	17.34	16.75	33.04
GCT	91	33.13	16.64	17.11	33.12
GCT	92	32.25	18.01	17.39	32.34
GCT	93	33.16	17.45	16.47	32.92
GCT	94	32.68	16.82	17.16	33.33
GCT	95	32.41	17.53	17.42	32.64
GCT	96	33.17	17.16	16.44	33.23
GCT	97	32.44	16.92	17.10	33.54
GCT	98	33.11	17.63	16.94	32.32
GCT	99	32.61	17.05	16.66	33.68
GCT	100	32.87	17.05	17.25	32.83
GCT	101	33.45	18.02	16.49	32.04
GCT	102	32.57	17.20	16.86	33.37
GCT	103	32.91	16.45	17.55	33.09
GCT	104	32.40	17.20	17.25	33.15
GCT	105	33.35	17.12	16.55	32.98
GCT	106	32.39	17.47	16.60	33.54
GCT	107	32.88	17.59	16.75	32.79
GCT	108	32.92	16.56	17.17	33.36
GCT	109	32.95	17.51	16.79	32.75
GCT	110	33.10	17.31	17.79	31.79
GCT	111	33.30	16.97	16.59	33.13
GCT	112	33.25	16.83	17.38	32.55
GCT	113	32.85	17.48	16.91	32.75
GCT	114	33.30	16.89	16.31	33.50
GCT	115	32.83	16.99	17.16	33.02
GCT	116	33.37	16.83	17.63	32.17
GCT	117	33.37	16.75	16.51	33.37
GCT	118	32.68	17.23	17.77	32.32
GCT	119	31.89	17.67	17.12	33.33
GCT	120	33.29	16.98	17.30	32.43
GCT	121	33.42	17.08	17.35	32.15
GCT	122	32.94	17.11	17.22	32.73
GCT	123	32.69	17.07	16.83	33.42
GCT	124	32.21	17.45	17.10	33.24
GCT	125	33.10	17.37	16.82	32.71
GCT	126	33.16	17.06	16.33	33.44
GCT	127	33.35	16.42	16.84	33.38
GCT	128	32.88	17.21	17.40	32.51
GCT	129	32.55	17.10	17.25	33.10
GCT	130	32.55	16.83	17.39	33.23
GCT	131	33.22	17.14	17.16	32.48
GCT	132	32.82	16.74	17.00	33.44
GCT	133	33.17	17.04	16.73	33.06
GCT	134	32.72	17.26	17.05	32.97
GCT	135	32.87	16.59	16.67	33.86
GCT	136	32.69	16.98	17.31	33.02
GCT	137	33.05	16.69	17.70	32.56
GCT	138	33.22	16.85	16.67	33.26
GCT	139	33.54	16.81	16.84	32.81
GCT	140	32.37	17.12	17.16	33.35
GCT	141	32.38	17.26	17.44	32.91
GCT	142	32.88	17.13	17.54	32.45
GCT	143	33.32	16.76	17.42	32.50
GCT	144	32.76	17.24	16.77	33.24
GCT	145	32.71	16.69	17.42	33.18
GCT	146	32.04	17.58	17.19	33.19
GCT	147	32.26	16.85	17.18	33.71
GCT	148	32.70	17.06	17.30	32.94
GCT	149	33.08	17.43	15.73	33.75
GCT	150	32.49	17.29	17.09	33.12
GCT	151	34.45	17.15	16.84	31.56
# ACGT content per cycle for first fragments. Use `grep ^FBC | cut -f 2-` to extract this part. The columns are: cycle; A,C,G,T base counts as a percentage of all A/C/G/T bases [%]; and N and O counts as a percentage of all A/C/G/T bases [%]
FBC	1	29.19	20.11	21.08	29.61	0.53	0.00
FBC	2	32.98	17.01	18.04	31.97	0.00	0.00
FBC	3	33.56	16.29	15.70	34.46	0.00	0.00
FBC	4	33.49	16.51	17.08	32.92	0.00	0.00
FBC	5	34.17	17.54	16.68	31.60	0.00	0.00
FBC	6	34.24	16.31	16.44	33.01	0.00	0.00
FBC	7	32.75	16.38	16.49	34.39	0.00	0.00
FBC	8	33.01	16.95	17.68	32.36	0.00	0.00
FBC	9	32.64	17.35	16.88	33.13	0.00	0.00
FBC	10	35.10	15.74	15.72	33.44	0.00	0.00
FBC	11	31.19	18.65	18.96	31.20	0.01	0.00
FBC	12	32.22	17.75	18.48	31.55	0.00	0.00
FBC	13	31.58	17.62	18.03	32.77	0.00	0.00
FBC	14	30.97	17.87	18.45	32.71	0.00	0.00
FBC	15	33.10	16.79	16.48	33.63	0.00	0.00
FBC	16	33.44	16.87	16.90	32.79	0.00	0.00
FBC	17	31.99	16.99	18.48	32.54	0.00	0.00
FBC	18	32.55	16.94	17.15	33.36	0.01	0.00
FBC	19	32.99	17.31	16.95	32.76	0.00	0.00
FBC	20	32.61	17.28	17.99	32.12	0.00	0.00
FBC	21	33.67	16.86	16.71	32.77	0.00	0.00
FBC	22	32.15	17.39	17.72	32.75	0.00	0.00
FBC	23	32.11	16.54	17.65	33.70	0.00	0.00
FBC	24	33.86	16.42	16.81	32.91	0.00	0.00
FBC	25	32.78	16.92	16.97	33.34	0.00	0.00
FBC	26	32.78	17.09	17.20	32.93	0.00	0.00
FBC	27	33.27	16.20	16.95	33.58	0.26	0.00
FBC	28	34.55	17.71	15.31	32.43	0.18	0.00
FBC	29	31.85	17.74	18.09	32.33	0.07	0.00
FBC	30	33.55	17.56	16.85	32.04	0.00	0.00
FBC	31	33.29	16.38	16.56	33.76	0.00	0.00
FBC	32	32.20	16.63	18.08	33.08	0.02	0.00
FBC	33	31.69	16.59	18.23	33.49	0.00	0.00
FBC	34	32.77	17.07	17.05	33.12	0.00	0.00
FBC	35	32.47	17.49	17.98	32.07	0.00	0.00
FBC	36	33.11	16.06	17.11	33.72	0.05	0.00
FBC	37	33.02	16.68	17.56	32.73	0.00	0.00
FBC	38	32.01	17.32	17.49	33.18	0.00	0.00
FBC	39	32.07	17.37	17.23	33.32	0.05	0.00
FBC	40	33.04	16.80	17.31	32.85	0.16	0.00
FBC	41	32.72	18.20	16.24	32.85	0.01	0.00
FBC	42	33.85	16.70	17.17	32.28	0.00	0.00
FBC	43	33.24	16.77	17.21	32.78	0.00	0.00
FBC	44	32.95	17.50	16.68	32.87	0.25	0.00
FBC	45	32.84	16.21	17.15	33.80	0.00	0.00
FBC	46	32.45	16.83	17.23	33.49	0.16	0.00
FBC	47	31.96	16.98	17.63	33.43	0.21	0.00
FBC	48	33.58	16.02	16.59	33.82	0.13	0.00
FBC	49	33.02	16.80	16.72	33.46	0.05	0.00
FBC	50	32.69	16.79	17.19	33.33	0.00	0.00
FBC	51	32.93	16.73	17.17	33.17	0.00	0.00
FBC	52	32.77	16.52	17.16	33.55	0.01	0.00
FBC	53	32.98	17.85	16.69	32.47	0.04	0.00
FBC	54	32.75	16.63	17.33	33.29	0.01	0.00
FBC	55	33.17	17.41	17.13	32.28	0.00	0.00
FBC	56	31.08	17.49	17.27	34.17	0.00	0.00
FBC	57	32.81	16.63	17.35	33.21	0.00	0.00
FBC	58	33.12	16.86	17.49	32.52	0.02	0.00
FBC	59	31.65	17.57	18.29	32.49	0.00	0.00
FBC	60	33.49	17.02	16.51	32.98	0.02	0.00
FBC	61	33.25	16.76	16.81	33.18	0.01	0.00
FBC	62	32.82	16.97	17.90	32.31	0.00	0.00
FBC	63	32.77	16.96	16.64	33.63	0.01	0.00
FBC	64	33.14	17.13	18.45	31.28	0.01	0.00
FBC	65	33.22	16.36	17.43	32.99	0.01	0.00
FBC	66	33.39	16.61	17.76	32.24	0.00	0.00
FBC	67	32.79	17.22	17.56	32.43	0.00	0.00
FBC	68	33.12	16.87	17.42	32.59	0.00	0.00
FBC	69	33.39	16.76	17.21	32.64	0.00	0.00
FBC	70	33.35	16.93	17.23	32.49	0.00	0.00
FBC	71	31.88	18.04	17.41	32.67	0.00	0.00
FBC	72	33.39	16.22	17.08	33.30	0.00	0.00
FBC	73	33.64	17.39	17.07	31.90	0.00	0.00
FBC	74	32.47	17.52	17.87	32.14	0.00	0.00
FBC	75	32.50	17.29	17.53	32.68	0.00	0.00
FBC	76	32.91	16.65	16.82	33.61	0.01	0.00
FBC	77	32.20	16.15	18.07	33.59	0.00	0.00
FBC	78	32.30	18.49	16.65	32.56	0.00	0.00
FBC	79	33.29	17.04	16.51	33.16	0.00	0.00
FBC	80	32.53	17.95	17.24	32.28	0.00	0.00
FBC	81	32.88	16.72	17.27	33.14	0.00	0.00
FBC	82	31.85	17.61	16.85	33.70	0.00	0.00
FBC	83	32.80	17.29	17.62	32.30	0.00	0.00
FBC	84	33.06	17.23	16.95	32.76	0.01	0.00
FBC	85	33.11	16.55	17.00	33.34	0.00	0.00
FBC	86	32.25	17.15	18.16	32.44	0.00	0.00
FBC	87	33.48	17.15	17.02	32.35	0.00	0.00
FBC	88	32.31	17.35	16.92	33.42	0.00	0.00
FBC	89	33.02	17.40	17.16	32.43	0.00	0.00
FBC	90	32.25	17.92	17.09	32.73	0.00	0.00
FBC	91	32.73	16.50	17.04	33.74	0.01	0.00
FBC	92	32.15	17.77	17.68	32.39	0.00	0.00
FBC	93	32.53	17.15	17.30	33.02	0.04	0.00
FBC	94	32.12	17.51	17.35	33.02	0.00	0.00
FBC	95	31.82	17.37	17.63	33.19	0.01	0.00
FBC	96	34.40	16.79	16.78	32.02	0.00	0.00
FBC	97	33.35	16.67	16.92	33.06	0.00	0.00
FBC	98	32.75	17.64	16.68	32.93	0.01	0.00
FBC	99	33.03	16.75	17.33	32.89	0.00	0.00
FBC	100	33.30	17.62	16.55	32.53	0.00	0.00
FBC	101	33.15	17.67	17.20	31.97	0.01	0.00
FBC	102	33.29	17.31	16.74	32.66	0.00	0.00
FBC	103	32.82	16.12	17.54	33.52	0.00	0.00
FBC	104	32.79	17.37	17.59	32.25	0.01	0.00
FBC	105	32.65	17.04	17.05	33.26	0.01	0.00
FBC	106	32.67	17.64	16.51	33.17	0.01	0.00
FBC	107	32.40	17.91	16.23	33.46	0.00	0.00
FBC	108	32.61	17.44	16.96	32.99	0.01	0.00
FBC	109	32.38	17.01	17.03	33.59	0.00	0.00
FBC	110	32.89	17.55	17.29	32.26	0.00	0.00
FBC	111	32.85	16.57	16.59	33.98	0.01	0.00
FBC	112	33.02	17.37	16.89	32.72	0.01	0.00
FBC	113	33.38	17.02	17.23	32.38	0.00	0.00
FBC	114	32.92	16.94	16.38	33.76	0.00	0.00
FBC	115	32.66	16.94	17.27	33.13	0.01	0.00
FBC	116	33.11	16.98	17.36	32.56	0.01	0.00
FBC	117	34.80	16.35	16.88	31.98	0.01	0.00
FBC	118	31.51	17.91	17.51	33.07	0.01	0.00
FBC	119	32.01	17.06	17.35	33.59	0.00	0.00
FBC	120	32.01	17.35	17.21	33.44	0.01	0.00
FBC	121	32.88	17.24	17.18	32.70	0.00	0.00
FBC	122	32.10	17.21	17.96	32.73	0.00	0.00
FBC	123	33.29	16.46	17.29	32.96	0.01	0.00
FBC	124	32.88	17.66	17.30	32.16	0.00	0.00
FBC	125	34.13	16.69	17.23	31.94	0.00	0.00
FBC	126	34.16	15.93	17.03	32.88	0.01	0.00
FBC	127	33.67	16.42	16.86	33.05	0.00	0.00
FBC	128	31.90	17.24	17.64	33.22	0.04	0.00
FBC	129	32.68	16.59	17.10	33.63	0.00	0.00
FBC	130	31.98	17.11	17.76	33.14	0.01	0.00
FBC	131	32.61	16.95	17.69	32.75	0.01	0.00
FBC	132	32.80	16.72	16.64	33.83	0.00	0.00
FBC	133	32.46	16.66	17.25	33.64	0.01	0.00
FBC	134	32.69	17.38	16.74	33.19	0.00	0.00
FBC	135	32.84	16.05	16.79	34.32	0.00	0.00
FBC	136	33.17	16.96	17.35	32.51	0.01	0.00
FBC	137	33.21	17.31	16.76	32.72	0.00	0.00
FBC	138	33.80	16.45	17.22	32.52	0.01	0.00
FBC	139	33.35	16.24	16.79	33.63	0.01	0.00
FBC	140	32.28	17.24	17.54	32.94	0.01	0.00
FBC	141	32.14	17.52	17.92	32.42	0.01	0.00
FBC	142	31.92	16.70	18.03	33.36	0.01	0.00
FBC	143	32.66	16.55	17.68	33.11	0.01	0.00
FBC	144	33.76	16.10	17.08	33.06	0.00	0.00
FBC	145	32.58	16.94	16.95	33.54	0.01	0.00
FBC	146	32.57	17.32	17.65	32.45	0.09	0.00
FBC	147	32.75	16.49	17.65	33.11	0.00	0.00
FBC	148	31.62	16.96	17.78	33.64	0.00	0.00
FBC	149	32.84	16.57	16.24	34.35	0.00	0.00
FBC	150	32.28	16.95	17.75	33.03	0.00	0.00
FBC	151	32.86	16.81	17.15	33.18	0.00	0.00
# ACGT raw counters for first fragments. Use `grep ^FTC | cut -f 2-` to extract this part. The columns are: A,C,G,T,N base counters
FTC	451042	234344	237112	452748	258
# ACGT content per cycle for last fragments. Use `grep ^LBC | cut -f 2-` to extract this part. The columns are: cycle; A,C,G,T base counts as a percentage of all A/C/G/T bases [%]; and N and O counts as a percentage of all A/C/G/T bases [%]
LBC	1	31.74	18.60	19.66	30.00	1.59	0.00
LBC	2	33.40	16.50	17.94	32.16	0.02	0.00
LBC	3	33.90	16.37	15.35	34.38	0.01	0.00
LBC	4	33.50	16.16	17.54	32.80	0.00	0.00
LBC	5	33.96	16.48	17.19	32.37	0.00	0.00
LBC	6	34.78	15.84	16.30	33.07	0.00	0.00
LBC	7	33.45	15.29	16.03	35.23	0.00	0.00
LBC	8	32.34	18.01	16.85	32.80	0.00	0.00
LBC	9	32.44	17.37	16.62	33.57	0.03	0.00
LBC	10	34.06	15.85	15.67	34.42	0.01	0.00
LBC	11	31.16	18.53	19.00	31.32	0.00	0.00
LBC	12	32.07	17.96	17.59	32.39	0.01	0.00
LBC	13	32.20	17.88	17.24	32.68	0.00	0.00
LBC	14	31.56	17.21	17.22	34.01	0.00	0.00
LBC	15	32.44	16.82	16.93	33.81	0.01	0.00
LBC	16	32.93	16.74	16.82	33.51	0.00	0.00
LBC	17	32.28	17.47	16.81	33.44	0.00	0.00
LBC	18	32.85	16.70	16.98	33.47	0.00	0.00
LBC	19	33.16	16.15	17.40	33.29	0.00	0.00
LBC	20	31.99	17.38	17.18	33.46	0.00	0.00
LBC	21	32.73	17.01	16.39	33.86	0.00	0.00
LBC	22	33.16	16.73	16.84	33.26	0.03	0.00
LBC	23	33.26	16.87	16.87	33.00	0.00	0.00
LBC	24	34.25	16.90	16.71	32.14	0.00	0.00
LBC	25	33.52	17.27	17.57	31.64	0.01	0.00
LBC	26	32.12	17.08	17.91	32.88	0.01	0.00
LBC	27	33.27	16.72	17.73	32.28	0.95	0.00
LBC	28	33.49	17.06	16.72	32.73	0.00	0.00
LBC	29	33.02	17.02	17.33	32.62	0.00	0.00
LBC	30	32.77	17.32	16.65	33.26	0.00	0.00
LBC	31	32.78	16.68	16.99	33.55	0.00	0.00
LBC	32	32.84	16.59	17.58	32.99	0.03	0.00
LBC	33	33.37	17.49	16.72	32.43	0.00	0.00
LBC	34	33.16	16.54	17.46	32.83	0.00	0.00
LBC	35	33.11	16.84	17.16	32.90	0.00	0.00
LBC	36	33.56	17.80	16.11	32.53	0.00	0.00
LBC	37	33.12	17.75	16.88	32.24	0.01	0.00
LBC	38	31.83	16.91	18.35	32.91	0.03	0.00
LBC	39	32.35	16.89	17.30	33.46	0.00	0.00
LBC	40	32.28	16.98	17.28	33.46	0.00	0.00
LBC	41	32.63	17.20	16.68	33.49	0.01	0.00
LBC	42	33.76	15.49	16.30	34.44	0.02	0.00
LBC	43	32.60	17.08	16.86	33.46	0.00	0.00
LBC	44	32.57	17.63	17.11	32.69	0.00	0.00
LBC	45	31.74	17.05	17.62	33.60	0.00	0.00
LBC	46	32.62	17.26	17.16	32.97	0.01	0.00
LBC	47	32.84	16.85	17.15	33.16	0.00	0.00
LBC	48	33.16	16.73	16.87	33.24	0.03	0.00
LBC	49	31.82	17.63	17.02	33.52	0.00	0.00
LBC	50	32.67	16.49	16.82	34.03	0.00	0.00
LBC	51	33.59	17.55	17.04	31.82	0.00	0.00
LBC	52	32.55	17.21	16.74	33.51	0.04	0.00
LBC	53	32.97	17.60	17.16	32.28	0.01	0.00
LBC	54	33.06	16.94	17.18	32.82	0.00	0.00
LBC	55	34.02	17.27	16.49	32.23	0.00	0.00
LBC	56	33.32	16.90	17.13	32.65	0.00	0.00
LBC	57	33.30	17.01	16.83	32.85	0.00	0.00
LBC	58	32.56	17.49	17.33	32.62	0.00	0.00
LBC	59	32.34	17.39	17.64	32.63	0.01	0.00
LBC	60	33.62	16.75	16.41	33.23	0.03	0.00
LBC	61	33.14	16.61	17.05	33.21	0.00	0.00
LBC	62	31.78	17.44	17.30	33.48	0.00	0.00
LBC	63	32.47	16.60	16.78	34.15	0.00	0.00
LBC	64	32.72	17.31	16.67	33.29	0.00	0.00
LBC	65	32.87	17.27	17.74	32.13	0.00	0.00
LBC	66	33.12	16.96	16.38	33.55	0.00	0.00
LBC	67	32.70	16.64	17.50	33.16	0.00	0.00
LBC	68	32.35	17.19	17.72	32.75	0.00	0.00
LBC	69	32.15	16.36	18.04	33.45	0.00	0.00
LBC	70	32.61	17.73	17.10	32.56	0.00	0.00
LBC	71	33.10	17.47	17.42	32.01	0.00	0.00
LBC	72	33.17	16.61	16.88	33.34	0.00	0.00
LBC	73	31.81	17.19	17.97	33.03	0.01	0.00
LBC	74	31.98	17.21	18.12	32.69	0.00	0.00
LBC	75	32.96	16.97	17.42	32.65	0.00	0.00
LBC	76	33.73	16.64	16.94	32.69	0.00	0.00
LBC	77	33.00	17.30	17.45	32.25	0.00	0.00
LBC	78	32.71	16.92	17.50	32.88	0.00	0.00
LBC	79	32.64	17.28	16.67	33.41	0.00	0.00
LBC	80	32.98	18.17	16.75	32.10	0.01	0.00
LBC	81	32.28	17.39	17.11	33.22	0.00	0.00
LBC	82	31.97	17.35	17.32	33.36	0.00	0.00
LBC	83	33.39	17.09	16.63	32.89	0.00	0.00
LBC	84	32.91	17.52	16.24	33.34	0.00	0.00
LBC	85	33.29	17.76	16.13	32.82	0.00	0.00
LBC	86	32.92	16.94	17.90	32.24	0.00	0.00
LBC	87	33.33	17.09	16.45	33.13	0.00	0.00
LBC	88	32.79	17.10	17.10	33.01	0.00	0.00
LBC	89	33.65	16.86	17.73	31.76	0.00	0.00
LBC	90	33.57	16.79	16.37	33.27	0.00	0.00
LBC	91	33.84	17.09	16.87	32.20	0.00	0.00
LBC	92	32.20	17.41	17.95	32.45	0.00	0.00
LBC	93	33.51	16.36	17.04	33.10	0.00	0.00
LBC	94	32.67	16.28	16.83	34.21	0.03	0.00
LBC	95	32.66	17.99	16.92	32.44	0.00	0.00
LBC	96	33.07	17.19	16.44	33.29	0.00	0.00
LBC	97	32.83	17.45	16.99	32.72	0.00	0.00
LBC	98	32.68	17.75	17.08	32.49	0.00	0.00
LBC	99	33.95	16.33	17.00	32.71	0.00	0.00
LBC	100	33.12	17.97	16.47	32.45	0.00	0.00
LBC	101	33.55	17.38	16.77	32.30	0.00	0.00
LBC	102	33.45	17.03	17.05	32.47	0.01	0.00
LBC	103	32.48	17.16	17.18	33.17	0.00	0.00
LBC	104	33.12	16.49	17.45	32.93	0.00	0.00
LBC	105	33.06	16.36	16.89	33.69	0.00	0.00
LBC	106	33.00	17.07	16.91	33.02	0.04	0.00
LBC	107	33.39	17.40	17.13	32.08	0.01	0.00
LBC	108	32.73	16.11	16.94	34.22	0.00	0.00
LBC	109	32.68	17.13	17.43	32.76	0.00	0.00
LBC	110	32.99	17.29	18.07	31.65	0.63	0.00
LBC	111	33.02	16.70	17.28	33.01	0.00	0.00
LBC	112	33.85	17.06	17.08	32.01	0.02	0.00
LBC	113	33.25	17.27	17.27	32.21	0.00	0.00
LBC	114	33.02	17.22	15.86	33.90	0.02	0.00
LBC	115	33.21	17.60	16.48	32.70	0.00	0.00
LBC	116	32.24	17.43	17.16	33.17	0.00	0.00
LBC	117	33.32	16.95	16.36	33.37	0.03	0.00
LBC	118	32.64	17.48	17.10	32.78	0.00	0.00
LBC	119	31.63	17.96	17.20	33.20	0.03	0.00
LBC	120	32.88	17.01	16.99	33.11	0.00	0.00
LBC	121	32.53	17.01	17.42	33.04	0.00	0.00
LBC	122	33.58	16.68	16.81	32.93	0.02	0.00
LBC	123	33.41	17.31	16.73	32.55	0.00	0.00
LBC	124	32.43	17.52	16.63	33.43	0.03	0.00
LBC	125	32.86	16.17	18.27	32.69	0.00	0.00
LBC	126	32.90	16.83	17.00	33.27	0.00	0.00
LBC	127	33.51	16.86	16.39	33.24	0.02	0.00
LBC	128	32.91	17.50	16.83	32.75	0.00	0.00
LBC	129	32.55	17.71	17.31	32.43	0.01	0.00
LBC	130	33.45	16.64	16.92	33.00	0.00	0.00
LBC	131	33.33	16.73	17.23	32.71	0.02	0.00
LBC	132	33.58	16.84	17.28	32.30	0.01	0.00
LBC	133	32.83	17.04	16.59	33.53	0.01	0.00
LBC	134	32.28	16.53	17.97	33.22	0.01	0.00
LBC	135	32.64	16.96	16.74	33.67	0.02	0.00
LBC	136	32.52	17.66	16.60	33.22	0.00	0.00
LBC	137	32.29	17.26	17.47	32.99	0.01	0.00
LBC	138	33.37	16.23	17.13	33.26	0.01	0.00
LBC	139	32.89	17.70	16.59	32.82	0.00	0.00
LBC	140	33.59	17.21	16.57	32.63	0.02	0.00
LBC	141	33.19	17.16	16.81	32.84	0.00	0.00
LBC	142	32.90	17.59	17.04	32.48	0.01	0.00
LBC	143	33.24	17.41	16.71	32.63	0.01	0.00
LBC	144	32.96	17.43	17.41	32.20	0.00	0.00
LBC	145	32.42	16.85	17.49	33.24	0.00	0.00
LBC	146	32.81	17.33	17.23	32.63	0.04	0.00
LBC	147	33.47	16.80	17.11	32.62	0.00	0.00
LBC	148	33.77	16.91	17.07	32.25	0.00	0.00
LBC	149	33.08	17.42	16.10	33.40	0.00	0.00
LBC	150	32.31	17.20	16.86	33.64	0.04	0.00
LBC	151	32.59	16.70	17.33	33.38	0.00	0.00
# ACGT raw counters for last fragments. Use `grep ^LTC | cut -f 2-` to extract this part. The columns are: A,C,G,T,N base counters
LTC	451729	234316	234171	452144	372
# Insert sizes. Use `grep ^IS | cut -f 2-` to extract this part. The columns are: insert size, pairs total, inward oriented pairs, outward oriented pairs, other pairs
IS	0	15	4	5	6
IS	1	0	0	0	0
IS	2	0	0	0	0
IS	3	0	0	0	0
IS	4	0	0	0	0
IS	5	0	0	0	0
IS	6	0	0	0	0
IS	7	0	0	0	0
IS	8	0	0	0	0
IS	9	0	0	0	0
IS	10	0	0	0	0
IS	11	0	0	0	0
IS	12	0	0	0	0
IS	13	0	0	0	0
IS	14	0	0	0	0
IS	15	0	0	0	0
IS	16	0	0	0	0
IS	17	0	0	0	0
IS	18	0	0	0	0
IS	19	0	0	0	0
IS	20	0	0	0	0
IS	21	0	0	0	0
IS	22	0	0	0	0
IS	23	0	0	0	0
IS	24	0	0	0	0
IS	25	0	0	0	0
IS	26	0	0	0	0
IS	27	0	0	0	0
IS	28	0	0	0	0
IS	29	0	0	0	0
IS	30	0	0	0	0
IS	31	0	0	0	0
IS	32	0	0	0	0
IS	33	0	0	0	0
IS	34	0	0	0	0
IS	35	0	0	0	0
IS	36	0	0	0	0
IS	37	0	0	0	0
IS	38	0	0	0	0
IS	39	0	0	0	0
IS	40	0	0	0	0
IS	41	0	0	0	0
IS	42	0	0	0	0
IS	43	0	0	0	0
IS	44	0	0	0	0
IS	45	0	0	0	0
IS	46	0	0	0	0
IS	47	0	0	0	0
IS	48	0	0	0	0
IS	49	0	0	0	0
IS	50	0	0	0	0
IS	51	0	0	0	0
IS	52	0	0	0	0
IS	53	0	0	0	0
IS	54	0	0	0	0
IS	55	0	0	0	0
IS	56	0	0	0	0
IS	57	0	0	0	0
IS	58	0	0	0	0
IS	59	0	0	0	0
IS	60	0	0	0	0
IS	61	0	0	0	0
IS	62	0	0	0	0
IS	63	0	0	0	0
IS	64	0	0	0	0
IS	65	0	0	0	0
IS	66	0	0	0	0
IS	67	0	0	0	0
IS	68	0	0	0	0
IS	69	0	0	0	0
IS	70	0	0	0	0
IS	71	0	0	0	0
IS	72	0	0	0	0
IS	73	0	0	0	0
IS	74	0	0	0	0
IS	75	0	0	0	0
IS	76	0	0	0	0
IS	77	0	0	0	0
IS	78	0	0	0	0
IS	79	0	0	0	0
IS	80	0	0	0	0
IS	81	0	0	0	0
IS	82	0	0	0	0
IS	83	0	0	0	0
IS	84	0	0	0	0
IS	85	0	0	0	0
IS	86	0	0	0	0
IS	87	0	0	0	0
IS	88	0	0	0	0
IS	89	0	0	0	0
IS	90	0	0	0	0
IS	91	0	0	0	0
IS	92	0	0	0	0
IS	93	0	0	0	0
IS	94	0	0	0	0
IS	95	0	0	0	0
IS	96	0	0	0	0
IS	97	0	0	0	0
IS	98	0	0	0	0
IS	99	0	0	0	0
IS	100	0	0	0	0
IS	101	0	0	0	0
IS	102	0	0	0	0
IS	103	0	0	0	0
IS	104	0	0	0	0
IS	105	0	0	0	0
IS	106	0	0	0	0
IS	107	0	0	0	0
IS	108	0	0	0	0
IS	109	0	0	0	0
IS	110	0	0	0	0
IS	111	0	0	0	0
IS	112	0	0	0	0
IS	113	0	0	0	0
IS	114	0	0	0	0
IS	115	0	0	0	0
IS	116	0	0	0	0
IS	117	0	0	0	0
IS	118	0	0	0	0
IS	119	0	0	0	0
IS	120	0	0	0	0
IS	121	0	0	0	0
IS	122	0	0	0	0
IS	123	0	0	0	0
IS	124	0	0	0	0
IS	125	0	0	0	0
IS	126	0	0	0	0
IS	127	0	0	0	0
IS	128	0	0	0	0
IS	129	0	0	0	0
IS	130	0	0	0	0
IS	131	0	0	0	0
IS	132	0	0	0	0
IS	133	0	0	0	0
IS	134	0	0	0	0
IS	135	0	0	0	0
IS	136	0	0	0	0
IS	137	1	0	1	0
IS	138	0	0	0	0
IS	139	1	0	1	0
IS	140	0	0	0	0
IS	141	0	0	0	0
IS	142	1	0	1	0
IS	143	0	0	0	0
IS	144	0	0	0	0
IS	145	0	0	0	0
IS	146	0	0	0	0
IS	147	1	0	1	0
IS	148	0	0	0	0
IS	149	1	0	1	0
IS	150	0	0	0	0
IS	151	1	1	0	0
IS	152	1	1	0	0
IS	153	0	0	0	0
IS	154	0	0	0	0
IS	155	0	0	0	0
IS	156	0	0	0	0
IS	157	0	0	0	0
IS	158	1	1	0	0
IS	159	0	0	0	0
IS	160	0	0	0	0
IS	161	0	0	0	0
IS	162	0	0	0	0
IS	163	0	0	0	0
IS	164	0	0	0	0
IS	165	0	0	0	0
IS	166	0	0	0	0
IS	167	0	0	0	0
IS	168	0	0	0	0
IS	169	2	2	0	0
IS	170	2	2	0	0
IS	171	1	1	0	0
IS	172	2	2	0	0
IS	173	2	2	0	0
IS	174	1	1	0	0
IS	175	0	0	0	0
IS	176	2	2	0	0
IS	177	0	0	0	0
IS	178	0	0	0	0
IS	179	2	2	0	0
IS	180	2	2	0	0
IS	181	1	1	0	0
IS	182	1	1	0	0
IS	183	1	1	0	0
IS	184	3	3	0	0
IS	185	1	1	0	0
IS	186	4	4	0	0
IS	187	1	1	0	0
IS	188	2	2	0	0
IS	189	2	2	0	0
IS	190	3	3	0	0
IS	191	4	4	0	0
IS	192	7	7	0	0
IS	193	1	1	0	0
IS	194	9	9	0	0
IS	195	7	7	0	0
IS	196	4	4	0	0
IS	197	9	9	0	0
IS	198	4	4	0	0
IS	199	8	8	0	0
IS	200	11	11	0	0
IS	201	8	8	0	0
IS	202	14	14	0	0
IS	203	16	16	0	0
IS	204	11	11	0	0
IS	205	17	17	0	0
IS	206	12	12	0	0
IS	207	16	16	0	0
IS	208	10	10	0	0
IS	209	12	12	0	0
IS	210	21	21	0	0
IS	211	14	14	0	0
IS	212	14	14	0	0
IS	213	25	25	0	0
IS	214	16	16	0	0
IS	215	17	17	0	0
IS	216	18	18	0	0
IS	217	18	18	0	0
IS	218	23	23	0	0
IS	219	18	18	0	0
IS	220	24	24	0	0
IS	221	12	12	0	0
IS	222	22	22	0	0
IS	223	17	17	0	0
IS	224	22	22	0	0
IS	225	15	15	0	0
IS	226	18	18	0	0
IS	227	18	18	0	0
IS	228	31	31	0	0
IS	229	21	21	0	0
IS	230	22	22	0	0
IS	231	20	20	0	0
IS	232	20	20	0	0
IS	233	20	20	0	0
IS	234	20	20	0	0
IS	235	17	17	0	0
IS	236	25	25	0	0
IS	237	24	24	0	0
IS	238	18	18	0	0
IS	239	19	19	0	0
IS	240	28	28	0	0
IS	241	20	20	0	0
IS	242	29	29	0	0
IS	243	21	21	0	0
IS	244	23	23	0	0
IS	245	22	22	0	0
IS	246	18	18	0	0
IS	247	8	8	0	0
IS	248	29	29	0	0
IS	249	23	23	0	0
IS	250	20	20	0	0
IS	251	21	21	0	0
IS	252	30	30	0	0
IS	253	16	16	0	0
IS	254	19	19	0	0
IS	255	10	10	0	0
IS	256	35	35	0	0
IS	257	32	32	0	0
IS	258	13	13	0	0
IS	259	21	21	0	0
IS	260	20	20	0	0
IS	261	16	16	0	0
IS	262	26	26	0	0
IS	263	26	26	0	0
IS	264	27	27	0	0
IS	265	30	30	0	0
IS	266	20	20	0	0
IS	267	20	20	0	0
IS	268	30	30	0	0
IS	269	13	13	0	0
IS	270	20	20	0	0
IS	271	24	24	0	0
IS	272	21	21	0	0
IS	273	21	21	0	0
IS	274	26	26	0	0
IS	275	15	15	0	0
IS	276	19	19	0	0
IS	277	21	21	0	0
IS	278	26	26	0	0
IS	279	24	24	0	0
IS	280	32	32	0	0
IS	281	21	21	0	0
IS	282	17	17	0	0
IS	283	22	22	0	0
IS	284	20	20	0	0
IS	285	29	29	0	0
IS	286	21	21	0	0
IS	287	33	33	0	0
IS	288	34	34	0	0
IS	289	23	23	0	0
IS	290	22	22	0	0
IS	291	38	38	0	0
IS	292	20	20	0	0
IS	293	20	19	0	1
IS	294	15	15	0	0
IS	295	16	16	0	0
IS	296	15	15	0	0
IS	297	23	23	0	0
IS	298	12	12	0	0
IS	299	28	28	0	0
IS	300	28	28	0	0
IS	301	19	19	0	0
IS	302	28	28	0	0
IS	303	36	36	0	0
IS	304	19	19	0	0
IS	305	19	19	0	0
IS	306	25	25	0	0
IS	307	18	18	0	0
IS	308	32	32	0	0
IS	309	21	21	0	0
IS	310	17	17	0	0
IS	311	22	22	0	0
IS	312	26	26	0	0
IS	313	26	26	0	0
IS	314	33	33	0	0
IS	315	29	29	0	0
IS	316	24	24	0	0
IS	317	13	13	0	0
IS	318	21	21	0	0
IS	319	26	26	0	0
IS	320	25	25	0	0
IS	321	24	24	0	0
IS	322	32	32	0	0
IS	323	20	20	0	0
IS	324	28	28	0	0
IS	325	17	17	0	0
IS	326	29	29	0	0
IS	327	23	23	0	0
IS	328	28	28	0	0
IS	329	25	25	0	0
IS	330	24	24	0	0
IS	331	31	31	0	0
IS	332	12	12	0	0
IS	333	24	24	0	0
IS	334	21	21	0	0
IS	335	19	19	0	0
IS	336	23	23	0	0
IS	337	40	40	0	0
IS	338	38	38	0	0
IS	339	21	21	0	0
IS	340	17	17	0	0
IS	341	15	15	0	0
IS	342	26	26	0	0
IS	343	15	15	0	0
IS	344	24	24	0	0
IS	345	29	29	0	0
IS	346	22	22	0	0
IS	347	25	25	0	0
IS	348	40	40	0	0
IS	349	27	27	0	0
IS	350	29	29	0	0
IS	351	31	31	0	0
IS	352	19	19	0	0
IS	353	29	29	0	0
IS	354	24	24	0	0
IS	355	27	27	0	0
IS	356	27	27	0	0
IS	357	19	19	0	0
IS	358	27	27	0	0
IS	359	28	28	0	0
IS	360	32	32	0	0
IS	361	16	16	0	0
IS	362	34	34	0	0
IS	363	30	30	0	0
IS	364	15	15	0	0
IS	365	17	17	0	0
IS	366	20	20	0	0
IS	367	31	31	0	0
IS	368	22	22	0	0
IS	369	35	35	0	0
IS	370	30	30	0	0
IS	371	35	35	0	0
IS	372	28	28	0	0
IS	373	33	33	0	0
IS	374	24	24	0	0
IS	375	27	27	0	0
IS	376	17	17	0	0
IS	377	30	30	0	0
IS	378	24	24	0	0
IS	379	30	30	0	0
IS	380	18	18	0	0
IS	381	30	30	0	0
IS	382	23	23	0	0
IS	383	19	19	0	0
IS	384	26	26	0	0
IS	385	28	28	0	0
IS	386	24	24	0	0
IS	387	20	20	0	0
IS	388	17	17	0	0
IS	389	27	27	0	0
IS	390	23	23	0	0
IS	391	23	23	0	0
IS	392	21	21	0	0
IS	393	30	30	0	0
IS	394	27	27	0	0
IS	395	34	34	0	0
IS	396	16	16	0	0
IS	397	27	27	0	0
IS	398	29	29	0	0
IS	399	24	24	0	0
IS	400	25	25	0	0
IS	401	31	31	0	0
IS	402	21	21	0	0
IS	403	32	32	0	0
IS	404	25	25	0	0
IS	405	21	21	0	0
IS	406	33	33	0	0
IS	407	29	29	0	0
IS	408	27	27	0	0
IS	409	33	33	0	0
IS	410	31	31	0	0
IS	411	27	27	0	0
IS	412	34	34	0	0
IS	413	20	20	0	0
IS	414	30	30	0	0
IS	415	45	45	0	0
IS	416	33	33	0	0
IS	417	25	25	0	0
IS	418	22	22	0	0
IS	419	30	30	0	0
IS	420	31	31	0	0
IS	421	37	37	0	0
IS	422	31	31	0	0
IS	423	16	16	0	0
IS	424	37	37	0	0
IS	425	28	28	0	0
IS	426	26	26	0	0
IS	427	23	23	0	0
IS	428	42	42	0	0
IS	429	25	25	0	0
IS	430	32	32	0	0
IS	431	21	21	0	0
IS	432	25	25	0	0
IS	433	34	34	0	0
IS	434	29	29	0	0
IS	435	22	22	0	0
IS	436	25	25	0	0
IS	437	32	32	0	0
IS	438	26	26	0	0
IS	439	42	42	0	0
IS	440	29	29	0	0
IS	441	24	24	0	0
IS	442	42	42	0	0
IS	443	38	38	0	0
IS	444	31	31	0	0
IS	445	26	26	0	0
IS	446	27	27	0	0
IS	447	20	20	0	0
IS	448	41	41	0	0
IS	449	32	32	0	0
IS	450	34	34	0	0
IS	451	41	41	0	0
IS	452	19	19	0	0
IS	453	31	31	0	0
IS	454	35	35	0	0
IS	455	21	21	0	0
IS	456	30	30	0	0
IS	457	21	21	0	0
IS	458	17	17	0	0
IS	459	20	20	0	0
IS	460	21	21	0	0
IS	461	22	22	0	0
IS	462	23	23	0	0
IS	463	27	27	0	0
IS	464	31	31	0	0
IS	465	16	16	0	0
IS	466	12	12	0	0
IS	467	23	23	0	0
IS	468	30	30	0	0
IS	469	14	14	0	0
IS	470	19	19	0	0
IS	471	17	17	0	0
IS	472	13	13	0	0
IS	473	20	20	0	0
IS	474	20	20	0	0
IS	475	12	12	0	0
IS	476	11	11	0	0
IS	477	13	13	0	0
IS	478	4	4	0	0
IS	479	11	11	0	0
IS	480	4	4	0	0
IS	481	8	8	0	0
IS	482	8	8	0	0
# Read lengths. Use `grep ^RL | cut -f 2-` to extract this part. The columns are: read length, count
RL	100	1
RL	102	4
RL	103	1
RL	108	1
RL	109	1
RL	112	3
RL	113	1
RL	118	1
RL	120	2
RL	121	5
RL	122	1
RL	123	3
RL	124	2
RL	125	4
RL	126	1
RL	127	2
RL	128	3
RL	130	1
RL	131	1
RL	132	2
RL	133	2
RL	134	4
RL	136	11
RL	137	5
RL	138	8
RL	139	7
RL	140	11
RL	141	10
RL	142	13
RL	143	11
RL	144	18
RL	145	16
RL	146	55
RL	147	105
RL	148	418
RL	149	344
RL	150	1524
RL	151	15642
# Read lengths - first fragments. Use `grep ^FRL | cut -f 2-` to extract this part. The columns are: read length, count
FRL	102	2
FRL	121	2
FRL	123	1
FRL	125	1
FRL	130	1
FRL	134	1
FRL	136	3
FRL	138	1
FRL	139	2
FRL	140	2
FRL	141	1
FRL	142	1
FRL	143	1
FRL	144	3
FRL	145	5
FRL	146	18
FRL	147	32
FRL	148	191
FRL	149	92
FRL	150	511
FRL	151	8251
# Read lengths - last fragments. Use `grep ^LRL | cut -f 2-` to extract this part. The columns are: read length, count
LRL	100	1
LRL	102	2
LRL	103	1
LRL	108	1
LRL	109	1
LRL	112	3
LRL	113	1
LRL	118	1
LRL	120	2
LRL	121	3
LRL	122	1
LRL	123	2
LRL	124	2
LRL	125	3
LRL	126	1
LRL	127	2
LRL	128	3
LRL	131	1
LRL	132	2
LRL	133	2
LRL	134	3
LRL	136	8
LRL	137	5
LRL	138	7
LRL	139	5
LRL	140	9
LRL	141	9
LRL	142	12
LRL	143	10
LRL	144	15
LRL	145	11
LRL	146	37
LRL	147	73
LRL	148	227
LRL	149	252
LRL	150	1013
LRL	151	7391
# Mapping qualities for reads !(UNMAP|SECOND|SUPPL|QCFAIL|DUP). Use `grep ^MAPQ | cut -f 2-` to extract this part. The columns are: mapq, count
MAPQ	0	220
MAPQ	1	376
MAPQ	2	12
MAPQ	3	175
MAPQ	4	2
MAPQ	6	8
MAPQ	7	9
MAPQ	8	251
MAPQ	11	5
MAPQ	12	6
MAPQ	14	2
MAPQ	15	8
MAPQ	18	2
MAPQ	21	1
MAPQ	22	1
MAPQ	23	585
MAPQ	24	883
MAPQ	25	1
MAPQ	32	2
MAPQ	36	2
MAPQ	40	1727
MAPQ	42	9792
# Indel distribution. Use `grep ^ID | cut -f 2-` to extract this part. The columns are: length, number of insertions, number of deletions
ID	1	311	242
ID	2	61	46
ID	3	32	11
ID	4	14	6
ID	5	16	4
ID	6	25	6
ID	7	5	0
ID	8	1	0
ID	9	5	0
ID	10	4	1
ID	11	2	1
ID	12	5	1
ID	13	3	1
ID	14	0	6
ID	15	0	1
ID	16	0	3
ID	19	0	1
# Indels per cycle. Use `grep ^IC | cut -f 2-` to extract this part. The columns are: cycle, number of insertions (fwd), .. (rev) , number of deletions (fwd), .. (rev)
IC	2	0	0	0	1
IC	4	1	1	0	0
IC	5	7	6	1	0
IC	6	7	6	1	0
IC	7	7	5	1	1
IC	8	3	6	1	0
IC	9	4	1	2	2
IC	10	6	4	3	1
IC	11	4	3	1	1
IC	12	1	2	2	3
IC	13	6	4	2	1
IC	14	3	3	0	5
IC	15	2	1	4	2
IC	16	5	2	0	1
IC	17	4	4	3	3
IC	18	4	6	0	1
IC	19	4	1	1	0
IC	20	1	0	2	1
IC	21	1	1	2	0
IC	22	3	1	2	0
IC	23	1	2	1	2
IC	24	2	2	0	0
IC	25	1	4	2	2
IC	26	3	3	4	0
IC	27	1	2	0	2
IC	28	2	3	2	0
IC	29	4	6	0	2
IC	30	1	3	1	2
IC	31	2	3	1	3
IC	32	1	1	2	3
IC	33	1	1	0	1
IC	34	0	1	1	2
IC	35	0	0	6	4
IC	36	2	0	2	0
IC	37	0	2	1	1
IC	38	2	0	1	2
IC	39	1	3	0	1
IC	40	0	0	1	2
IC	41	0	1	3	1
IC	42	1	1	2	0
IC	43	2	2	2	1
IC	44	2	2	0	0
IC	45	1	1	2	2
IC	46	3	0	3	0
IC	47	2	0	0	1
IC	48	3	0	0	2
IC	49	1	4	1	1
IC	50	1	0	0	1
IC	51	0	2	0	0
IC	52	1	1	1	0
IC	53	1	1	2	1
IC	54	0	4	1	0
IC	55	3	2	3	2
IC	56	0	3	0	1
IC	57	0	6	0	0
IC	58	3	3	2	1
IC	59	0	1	2	1
IC	60	1	1	3	2
IC	61	2	0	0	3
IC	62	1	2	1	0
IC	63	2	1	0	1
IC	64	0	3	0	2
IC	65	1	1	2	2
IC	66	1	0	2	1
IC	67	2	1	1	0
IC	68	2	2	1	0
IC	69	0	1	0	1
IC	70	0	1	0	0
IC	71	0	0	2	0
IC	72	1	1	1	0
IC	73	0	0	3	1
IC	74	0	2	0	0
IC	75	1	0	1	1
IC	76	0	3	1	1
IC	77	1	1	0	0
IC	78	0	3	0	2
IC	79	1	1	0	0
IC	80	0	1	0	0
IC	81	2	2	2	0
IC	82	1	0	1	3
IC	83	2	1	2	1
IC	84	0	2	0	1
IC	85	1	1	1	0
IC	86	3	1	0	2
IC	87	0	2	2	0
IC	88	0	0	2	0
IC	89	2	1	0	1
IC	90	3	1	2	0
IC	91	0	0	1	1
IC	92	0	0	1	0
IC	93	1	0	1	1
IC	94	3	2	1	2
IC	95	1	3	0	2
IC	96	2	1	5	4
IC	97	2	1	1	1
IC	98	1	2	0	0
IC	99	1	0	0	2
IC	100	3	1	1	1
IC	101	1	2	0	0
IC	102	1	1	0	0
IC	103	1	0	3	2
IC	104	0	0	1	0
IC	105	0	1	1	0
IC	106	0	1	0	0
IC	107	0	1	1	1
IC	108	1	1	2	1
IC	109	0	1	2	1
IC	110	0	0	2	1
IC	111	0	1	1	0
IC	112	0	0	0	1
IC	113	2	2	1	0
IC	114	2	1	0	1
IC	115	2	2	1	1
IC	116	1	0	3	0
IC	117	3	0	3	0
IC	118	1	3	2	1
IC	119	4	1	1	0
IC	120	2	1	2	0
IC	121	3	1	2	0
IC	122	1	0	1	1
IC	123	1	0	1	0
IC	124	3	1	4	1
IC	125	1	1	1	1
IC	126	3	1	1	5
IC	127	0	1	2	3
IC	128	0	1	0	2
IC	129	0	2	1	0
IC	130	2	1	0	3
IC	131	4	1	5	1
IC	132	0	0	2	1
IC	133	2	1	3	1
IC	134	2	4	3	0
IC	135	1	3	0	1
IC	136	0	2	3	0
IC	137	3	3	4	3
IC	138	1	2	1	1
IC	139	2	1	1	0
IC	140	7	4	0	0
IC	141	2	4	2	1
IC	142	2	1	1	0
IC	143	2	2	0	1
IC	144	3	3	1	1
IC	145	3	5	2	0
IC	146	2	3	2	0
IC	147	2	3	0	0
IC	148	1	1	0	0
IC	149	1	0	0	0
# Coverage distribution. Use `grep ^COV | cut -f 2-` to extract this part.
COV	[1-1]	1	660569
COV	[2-2]	2	325227
COV	[3-3]	3	133111
COV	[4-4]	4	58770
COV	[5-5]	5	19975
COV	[6-6]	6	7422
COV	[7-7]	7	2685
COV	[8-8]	8	922
COV	[9-9]	9	158
COV	[10-10]	10	153
COV	[11-11]	11	41
# GC-depth. Use `grep ^GCD | cut -f 2-` to extract this part. The columns are: GC%, unique sequence percentiles, 10th, 25th, 50th, 75th and 90th depth percentile
GCD	0.0	1.504	0.000	0.000	0.000	0.000	0.000
GCD	7.9	2.256	0.181	0.181	0.181	0.181	0.181
GCD	30.0	3.008	0.550	0.550	0.550	0.550	0.550
GCD	31.0	8.271	0.467	0.572	0.685	0.836	1.009
GCD	32.0	33.083	0.557	0.655	0.738	0.862	0.996
GCD	33.0	58.647	0.508	0.684	0.802	0.876	0.990
GCD	34.0	81.203	0.511	0.691	0.870	0.985	1.182
GCD	35.0	91.729	0.610	0.766	0.919	1.024	1.100
GCD	36.0	96.241	0.505	0.663	0.855	1.006	1.062
GCD	37.0	97.744	1.092	1.092	1.134	1.175	1.175
GCD	38.0	99.248	0.851	0.851	0.877	0.904	0.904
GCD	41.0	100.000	0.896	0.896	0.896	0.896	0.896
