# This file was produced by samtools stats (1.21+htslib-1.21) and can be plotted using plot-bamstats
# This file contains statistics for all reads.
# The command line was:  stats NC.Staphy1.6D_sorted.bam
# CHK, Checksum	[2]Read Names	[3]Sequences	[4]Qualities
# CHK, CRC32 of reads which passed filtering followed by addition (32bit overflow)
CHK	c3d8afb4	e802d216	e8f6b3f6
# Summary Numbers. Use `grep ^SN | cut -f 2-` to extract this part.
SN	raw total sequences:	1136	# excluding supplementary and secondary reads
SN	filtered sequences:	0
SN	sequences:	1136
SN	is sorted:	1
SN	1st fragments:	568
SN	last fragments:	568
SN	reads mapped:	407
SN	reads mapped and paired:	390	# paired-end technology bit set + both mates mapped
SN	reads unmapped:	729
SN	reads properly paired:	386	# proper-pair bit set
SN	reads paired:	1136	# paired-end technology bit set
SN	reads duplicated:	0	# PCR or optical duplicate bit set
SN	reads MQ0:	3	# mapped and MQ=0
SN	reads QC failed:	0
SN	non-primary alignments:	0
SN	supplementary alignments:	0
SN	total length:	170572	# ignores clipping
SN	total first fragment length:	85480	# ignores clipping
SN	total last fragment length:	85092	# ignores clipping
SN	bases mapped:	61335	# ignores clipping
SN	bases mapped (cigar):	61335	# more accurate
SN	bases trimmed:	0
SN	bases duplicated:	0
SN	mismatches:	1260	# from NM fields
SN	error rate:	2.054292e-02	# mismatches / bases mapped (cigar)
SN	average length:	150
SN	average first fragment length:	150
SN	average last fragment length:	150
SN	maximum length:	151
SN	maximum first fragment length:	151
SN	maximum last fragment length:	151
SN	average quality:	37.0
SN	insert size average:	377.3
SN	insert size standard deviation:	76.3
SN	inward oriented pairs:	195
SN	outward oriented pairs:	0
SN	pairs with other orientation:	0
SN	pairs on different chromosomes:	0
SN	percentage of properly paired reads (%):	34.0
# First Fragment Qualities. Use `grep ^FFQ | cut -f 2-` to extract this part.
# Columns correspond to qualities and rows to cycles. First column is the cycle number.
FFQ	1	0	0	3	0	0	0	0	0	0	0	0	0	12	0	0	0	0	0	0	0	0	0	0	0	0	0	0	16	0	0	0	0	537	0	0	0	0	0	0	0	0	0	0
FFQ	2	0	0	0	0	0	0	0	0	0	0	0	0	11	0	0	0	0	0	0	0	0	0	0	0	0	0	0	15	0	0	0	0	542	0	0	0	0	0	0	0	0	0	0
FFQ	3	0	0	0	0	0	0	0	0	0	0	0	0	9	0	0	0	0	0	0	0	0	0	0	0	0	0	0	13	0	0	0	0	125	0	0	0	0	421	0	0	0	0	0
FFQ	4	0	0	0	0	0	0	0	0	0	0	0	0	10	0	0	0	0	0	0	0	0	0	2	0	0	0	0	15	0	0	0	0	56	0	0	0	0	485	0	0	0	0	0
FFQ	5	0	0	0	0	0	0	0	0	0	0	0	0	3	0	0	0	0	0	0	0	0	0	3	0	0	0	0	14	0	0	0	0	24	0	0	0	0	524	0	0	0	0	0
FFQ	6	0	0	0	0	0	0	0	0	0	0	0	0	6	0	0	0	0	0	0	0	0	0	2	0	0	0	0	8	0	0	0	0	17	0	0	0	0	55	0	0	0	480	0
FFQ	7	0	0	0	0	0	0	0	0	0	0	0	0	1	0	0	0	0	0	0	0	0	0	1	0	0	0	0	5	0	0	0	0	21	0	0	0	0	55	0	0	0	485	0
FFQ	8	0	0	0	0	0	0	0	0	0	0	0	0	6	0	0	0	0	0	0	0	0	0	2	0	0	0	0	5	0	0	0	0	17	0	0	0	0	47	0	0	0	491	0
FFQ	9	0	0	0	0	0	0	0	0	0	0	0	0	5	0	0	0	0	0	0	0	0	0	5	0	0	0	0	6	0	0	0	0	21	0	0	0	0	40	0	0	0	491	0
FFQ	10	0	0	0	0	0	0	0	0	0	0	0	0	5	0	0	0	0	0	0	0	0	0	3	0	0	0	0	9	0	0	0	0	18	0	0	0	0	40	0	0	0	493	0
FFQ	11	0	0	0	0	0	0	0	0	0	0	0	0	6	0	0	0	0	0	0	0	0	0	0	0	0	0	0	2	0	0	0	0	18	0	0	0	0	48	0	0	0	494	0
FFQ	12	0	0	0	0	0	0	0	0	0	0	0	0	5	0	0	0	0	0	0	0	0	0	3	0	0	0	0	5	0	0	0	0	21	0	0	0	0	53	0	0	0	481	0
FFQ	13	0	0	0	0	0	0	0	0	0	0	0	0	1	0	0	0	0	0	0	0	0	0	4	0	0	0	0	8	0	0	0	0	18	0	0	0	0	45	0	0	0	492	0
FFQ	14	0	0	0	0	0	0	0	0	0	0	0	0	7	0	0	0	0	0	0	0	0	0	1	0	0	0	0	5	0	0	0	0	17	0	0	0	0	53	0	0	0	485	0
FFQ	15	0	0	0	0	0	0	0	0	0	0	0	0	4	0	0	0	0	0	0	0	0	0	2	0	0	0	0	3	0	0	0	0	19	0	0	0	0	48	0	0	0	492	0
FFQ	16	0	0	0	0	0	0	0	0	0	0	0	0	1	0	0	0	0	0	0	0	0	0	2	0	0	0	0	7	0	0	0	0	15	0	0	0	0	41	0	0	0	502	0
FFQ	17	0	0	0	0	0	0	0	0	0	0	0	0	8	0	0	0	0	0	0	0	0	0	3	0	0	0	0	1	0	0	0	0	9	0	0	0	0	37	0	0	0	510	0
FFQ	18	0	0	0	0	0	0	0	0	0	0	0	0	5	0	0	0	0	0	0	0	0	0	4	0	0	0	0	3	0	0	0	0	17	0	0	0	0	49	0	0	0	490	0
FFQ	19	0	0	0	0	0	0	0	0	0	0	0	0	4	0	0	0	0	0	0	0	0	0	6	0	0	0	0	7	0	0	0	0	11	0	0	0	0	40	0	0	0	500	0
FFQ	20	0	0	0	0	0	0	0	0	0	0	0	0	5	0	0	0	0	0	0	0	0	0	8	0	0	0	0	6	0	0	0	0	12	0	0	0	0	44	0	0	0	493	0
FFQ	21	0	0	0	0	0	0	0	0	0	0	0	0	3	0	0	0	0	0	0	0	0	0	3	0	0	0	0	6	0	0	0	0	12	0	0	0	0	48	0	0	0	496	0
FFQ	22	0	0	0	0	0	0	0	0	0	0	0	0	7	0	0	0	0	0	0	0	0	0	3	0	0	0	0	2	0	0	0	0	11	0	0	0	0	42	0	0	0	503	0
FFQ	23	0	0	0	0	0	0	0	0	0	0	0	0	3	0	0	0	0	0	0	0	0	0	1	0	0	0	0	6	0	0	0	0	12	0	0	0	0	49	0	0	0	497	0
FFQ	24	0	0	0	0	0	0	0	0	0	0	0	0	5	0	0	0	0	0	0	0	0	0	5	0	0	0	0	2	0	0	0	0	17	0	0	0	0	40	0	0	0	499	0
FFQ	25	0	0	0	0	0	0	0	0	0	0	0	0	8	0	0	0	0	0	0	0	0	0	7	0	0	0	0	7	0	0	0	0	15	0	0	0	0	49	0	0	0	482	0
FFQ	26	0	0	0	0	0	0	0	0	0	0	0	0	8	0	0	0	0	0	0	0	0	0	6	0	0	0	0	7	0	0	0	0	12	0	0	0	0	40	0	0	0	495	0
FFQ	27	0	0	1	0	0	0	0	0	0	0	0	0	8	0	0	0	0	0	0	0	0	0	4	0	0	0	0	11	0	0	0	0	15	0	0	0	0	47	0	0	0	482	0
FFQ	28	0	0	0	0	0	0	0	0	0	0	0	0	6	0	0	0	0	0	0	0	0	0	7	0	0	0	0	13	0	0	0	0	11	0	0	0	0	42	0	0	0	489	0
FFQ	29	0	0	0	0	0	0	0	0	0	0	0	0	8	0	0	0	0	0	0	0	0	0	8	0	0	0	0	9	0	0	0	0	13	0	0	0	0	51	0	0	0	479	0
FFQ	30	0	0	0	0	0	0	0	0	0	0	0	0	10	0	0	0	0	0	0	0	0	0	6	0	0	0	0	6	0	0	0	0	13	0	0	0	0	52	0	0	0	481	0
FFQ	31	0	0	0	0	0	0	0	0	0	0	0	0	6	0	0	0	0	0	0	0	0	0	6	0	0	0	0	13	0	0	0	0	14	0	0	0	0	49	0	0	0	480	0
FFQ	32	0	0	0	0	0	0	0	0	0	0	0	0	10	0	0	0	0	0	0	0	0	0	1	0	0	0	0	7	0	0	0	0	11	0	0	0	0	50	0	0	0	489	0
FFQ	33	0	0	0	0	0	0	0	0	0	0	0	0	7	0	0	0	0	0	0	0	0	0	5	0	0	0	0	17	0	0	0	0	14	0	0	0	0	35	0	0	0	490	0
FFQ	34	0	0	0	0	0	0	0	0	0	0	0	0	10	0	0	0	0	0	0	0	0	0	6	0	0	0	0	14	0	0	0	0	8	0	0	0	0	51	0	0	0	479	0
FFQ	35	0	0	0	0	0	0	0	0	0	0	0	0	8	0	0	0	0	0	0	0	0	0	6	0	0	0	0	12	0	0	0	0	11	0	0	0	0	56	0	0	0	475	0
FFQ	36	0	0	0	0	0	0	0	0	0	0	0	0	12	0	0	0	0	0	0	0	0	0	8	0	0	0	0	11	0	0	0	0	10	0	0	0	0	48	0	0	0	479	0
FFQ	37	0	0	0	0	0	0	0	0	0	0	0	0	11	0	0	0	0	0	0	0	0	0	5	0	0	0	0	11	0	0	0	0	18	0	0	0	0	53	0	0	0	470	0
FFQ	38	0	0	0	0	0	0	0	0	0	0	0	0	7	0	0	0	0	0	0	0	0	0	10	0	0	0	0	9	0	0	0	0	20	0	0	0	0	41	0	0	0	481	0
FFQ	39	0	0	0	0	0	0	0	0	0	0	0	0	21	0	0	0	0	0	0	0	0	0	6	0	0	0	0	9	0	0	0	0	15	0	0	0	0	50	0	0	0	467	0
FFQ	40	0	0	1	0	0	0	0	0	0	0	0	0	15	0	0	0	0	0	0	0	0	0	5	0	0	0	0	12	0	0	0	0	16	0	0	0	0	56	0	0	0	463	0
FFQ	41	0	0	0	0	0	0	0	0	0	0	0	0	18	0	0	0	0	0	0	0	0	0	15	0	0	0	0	9	0	0	0	0	15	0	0	0	0	60	0	0	0	451	0
FFQ	42	0	0	0	0	0	0	0	0	0	0	0	0	16	0	0	0	0	0	0	0	0	0	4	0	0	0	0	19	0	0	0	0	16	0	0	0	0	50	0	0	0	463	0
FFQ	43	0	0	0	0	0	0	0	0	0	0	0	0	13	0	0	0	0	0	0	0	0	0	7	0	0	0	0	18	0	0	0	0	21	0	0	0	0	60	0	0	0	449	0
FFQ	44	0	0	1	0	0	0	0	0	0	0	0	0	8	0	0	0	0	0	0	0	0	0	6	0	0	0	0	18	0	0	0	0	16	0	0	0	0	70	0	0	0	449	0
FFQ	45	0	0	0	0	0	0	0	0	0	0	0	0	16	0	0	0	0	0	0	0	0	0	11	0	0	0	0	11	0	0	0	0	23	0	0	0	0	42	0	0	0	465	0
FFQ	46	0	0	1	0	0	0	0	0	0	0	0	0	14	0	0	0	0	0	0	0	0	0	11	0	0	0	0	12	0	0	0	0	16	0	0	0	0	48	0	0	0	466	0
FFQ	47	0	0	1	0	0	0	0	0	0	0	0	0	12	0	0	0	0	0	0	0	0	0	9	0	0	0	0	10	0	0	0	0	13	0	0	0	0	51	0	0	0	472	0
FFQ	48	0	0	1	0	0	0	0	0	0	0	0	0	21	0	0	0	0	0	0	0	0	0	4	0	0	0	0	8	0	0	0	0	12	0	0	0	0	56	0	0	0	466	0
FFQ	49	0	0	0	0	0	0	0	0	0	0	0	0	12	0	0	0	0	0	0	0	0	0	9	0	0	0	0	13	0	0	0	0	8	0	0	0	0	66	0	0	0	460	0
FFQ	50	0	0	0	0	0	0	0	0	0	0	0	0	15	0	0	0	0	0	0	0	0	0	11	0	0	0	0	15	0	0	0	0	9	0	0	0	0	44	0	0	0	474	0
FFQ	51	0	0	0	0	0	0	0	0	0	0	0	0	11	0	0	0	0	0	0	0	0	0	14	0	0	0	0	11	0	0	0	0	20	0	0	0	0	53	0	0	0	459	0
FFQ	52	0	0	0	0	0	0	0	0	0	0	0	0	12	0	0	0	0	0	0	0	0	0	8	0	0	0	0	13	0	0	0	0	23	0	0	0	0	54	0	0	0	458	0
FFQ	53	0	0	0	0	0	0	0	0	0	0	0	0	24	0	0	0	0	0	0	0	0	0	6	0	0	0	0	12	0	0	0	0	16	0	0	0	0	56	0	0	0	454	0
FFQ	54	0	0	0	0	0	0	0	0	0	0	0	0	21	0	0	0	0	0	0	0	0	0	7	0	0	0	0	16	0	0	0	0	18	0	0	0	0	47	0	0	0	459	0
FFQ	55	0	0	0	0	0	0	0	0	0	0	0	0	17	0	0	0	0	0	0	0	0	0	8	0	0	0	0	13	0	0	0	0	14	0	0	0	0	55	0	0	0	461	0
FFQ	56	0	0	0	0	0	0	0	0	0	0	0	0	11	0	0	0	0	0	0	0	0	0	9	0	0	0	0	19	0	0	0	0	20	0	0	0	0	57	0	0	0	452	0
FFQ	57	0	0	0	0	0	0	0	0	0	0	0	0	17	0	0	0	0	0	0	0	0	0	9	0	0	0	0	8	0	0	0	0	23	0	0	0	0	57	0	0	0	454	0
FFQ	58	0	0	0	0	0	0	0	0	0	0	0	0	17	0	0	0	0	0	0	0	0	0	14	0	0	0	0	15	0	0	0	0	24	0	0	0	0	50	0	0	0	448	0
FFQ	59	0	0	0	0	0	0	0	0	0	0	0	0	20	0	0	0	0	0	0	0	0	0	10	0	0	0	0	14	0	0	0	0	21	0	0	0	0	62	0	0	0	441	0
FFQ	60	0	0	0	0	0	0	0	0	0	0	0	0	18	0	0	0	0	0	0	0	0	0	13	0	0	0	0	7	0	0	0	0	25	0	0	0	0	52	0	0	0	453	0
FFQ	61	0	0	0	0	0	0	0	0	0	0	0	0	29	0	0	0	0	0	0	0	0	0	7	0	0	0	0	15	0	0	0	0	10	0	0	0	0	62	0	0	0	445	0
FFQ	62	0	0	0	0	0	0	0	0	0	0	0	0	21	0	0	0	0	0	0	0	0	0	10	0	0	0	0	15	0	0	0	0	22	0	0	0	0	67	0	0	0	433	0
FFQ	63	0	0	0	0	0	0	0	0	0	0	0	0	21	0	0	0	0	0	0	0	0	0	10	0	0	0	0	17	0	0	0	0	10	0	0	0	0	72	0	0	0	438	0
FFQ	64	0	0	0	0	0	0	0	0	0	0	0	0	23	0	0	0	0	0	0	0	0	0	10	0	0	0	0	12	0	0	0	0	19	0	0	0	0	50	0	0	0	454	0
FFQ	65	0	0	0	0	0	0	0	0	0	0	0	0	19	0	0	0	0	0	0	0	0	0	9	0	0	0	0	18	0	0	0	0	14	0	0	0	0	62	0	0	0	446	0
FFQ	66	0	0	0	0	0	0	0	0	0	0	0	0	18	0	0	0	0	0	0	0	0	0	12	0	0	0	0	23	0	0	0	0	17	0	0	0	0	60	0	0	0	438	0
FFQ	67	0	0	0	0	0	0	0	0	0	0	0	0	21	0	0	0	0	0	0	0	0	0	10	0	0	0	0	19	0	0	0	0	16	0	0	0	0	57	0	0	0	445	0
FFQ	68	0	0	0	0	0	0	0	0	0	0	0	0	23	0	0	0	0	0	0	0	0	0	15	0	0	0	0	16	0	0	0	0	20	0	0	0	0	57	0	0	0	437	0
FFQ	69	0	0	0	0	0	0	0	0	0	0	0	0	22	0	0	0	0	0	0	0	0	0	12	0	0	0	0	18	0	0	0	0	18	0	0	0	0	54	0	0	0	444	0
FFQ	70	0	0	0	0	0	0	0	0	0	0	0	0	21	0	0	0	0	0	0	0	0	0	8	0	0	0	0	17	0	0	0	0	25	0	0	0	0	43	0	0	0	454	0
FFQ	71	0	0	0	0	0	0	0	0	0	0	0	0	20	0	0	0	0	0	0	0	0	0	8	0	0	0	0	15	0	0	0	0	18	0	0	0	0	53	0	0	0	454	0
FFQ	72	0	0	0	0	0	0	0	0	0	0	0	0	16	0	0	0	0	0	0	0	0	0	7	0	0	0	0	15	0	0	0	0	18	0	0	0	0	55	0	0	0	457	0
FFQ	73	0	0	0	0	0	0	0	0	0	0	0	0	28	0	0	0	0	0	0	0	0	0	8	0	0	0	0	13	0	0	0	0	16	0	0	0	0	47	0	0	0	456	0
FFQ	74	0	0	0	0	0	0	0	0	0	0	0	0	32	0	0	0	0	0	0	0	0	0	10	0	0	0	0	17	0	0	0	0	15	0	0	0	0	50	0	0	0	444	0
FFQ	75	0	0	0	0	0	0	0	0	0	0	0	0	19	0	0	0	0	0	0	0	0	0	17	0	0	0	0	13	0	0	0	0	21	0	0	0	0	65	0	0	0	433	0
FFQ	76	0	0	0	0	0	0	0	0	0	0	0	0	32	0	0	0	0	0	0	0	0	0	12	0	0	0	0	13	0	0	0	0	18	0	0	0	0	63	0	0	0	430	0
FFQ	77	0	0	0	0	0	0	0	0	0	0	0	0	26	0	0	0	0	0	0	0	0	0	21	0	0	0	0	24	0	0	0	0	41	0	0	0	0	99	0	0	0	357	0
FFQ	78	0	0	0	0	0	0	0	0	0	0	0	0	20	0	0	0	0	0	0	0	0	0	17	0	0	0	0	16	0	0	0	0	37	0	0	0	0	71	0	0	0	407	0
FFQ	79	0	0	0	0	0	0	0	0	0	0	0	0	31	0	0	0	0	0	0	0	0	0	8	0	0	0	0	20	0	0	0	0	29	0	0	0	0	66	0	0	0	414	0
FFQ	80	0	0	0	0	0	0	0	0	0	0	0	0	31	0	0	0	0	0	0	0	0	0	10	0	0	0	0	23	0	0	0	0	26	0	0	0	0	71	0	0	0	407	0
FFQ	81	0	0	0	0	0	0	0	0	0	0	0	0	28	0	0	0	0	0	0	0	0	0	10	0	0	0	0	20	0	0	0	0	21	0	0	0	0	58	0	0	0	431	0
FFQ	82	0	0	0	0	0	0	0	0	0	0	0	0	31	0	0	0	0	0	0	0	0	0	7	0	0	0	0	17	0	0	0	0	25	0	0	0	0	52	0	0	0	436	0
FFQ	83	0	0	0	0	0	0	0	0	0	0	0	0	30	0	0	0	0	0	0	0	0	0	10	0	0	0	0	17	0	0	0	0	24	0	0	0	0	52	0	0	0	435	0
FFQ	84	0	0	0	0	0	0	0	0	0	0	0	0	23	0	0	0	0	0	0	0	0	0	23	0	0	0	0	20	0	0	0	0	34	0	0	0	0	53	0	0	0	415	0
FFQ	85	0	0	0	0	0	0	0	0	0	0	0	0	20	0	0	0	0	0	0	0	0	0	16	0	0	0	0	11	0	0	0	0	36	0	0	0	0	62	0	0	0	423	0
FFQ	86	0	0	0	0	0	0	0	0	0	0	0	0	25	0	0	0	0	0	0	0	0	0	16	0	0	0	0	16	0	0	0	0	29	0	0	0	0	55	0	0	0	427	0
FFQ	87	0	0	0	0	0	0	0	0	0	0	0	0	29	0	0	0	0	0	0	0	0	0	9	0	0	0	0	14	0	0	0	0	24	0	0	0	0	51	0	0	0	441	0
FFQ	88	0	0	0	0	0	0	0	0	0	0	0	0	34	0	0	0	0	0	0	0	0	0	20	0	0	0	0	13	0	0	0	0	18	0	0	0	0	43	0	0	0	440	0
FFQ	89	0	0	0	0	0	0	0	0	0	0	0	0	24	0	0	0	0	0	0	0	0	0	12	0	0	0	0	16	0	0	0	0	29	0	0	0	0	64	0	0	0	423	0
FFQ	90	0	0	0	0	0	0	0	0	0	0	0	0	23	0	0	0	0	0	0	0	0	0	18	0	0	0	0	19	0	0	0	0	20	0	0	0	0	48	0	0	0	440	0
FFQ	91	0	0	0	0	0	0	0	0	0	0	0	0	25	0	0	0	0	0	0	0	0	0	21	0	0	0	0	14	0	0	0	0	24	0	0	0	0	51	0	0	0	433	0
FFQ	92	0	0	0	0	0	0	0	0	0	0	0	0	25	0	0	0	0	0	0	0	0	0	19	0	0	0	0	14	0	0	0	0	16	0	0	0	0	48	0	0	0	446	0
FFQ	93	0	0	0	0	0	0	0	0	0	0	0	0	26	0	0	0	0	0	0	0	0	0	19	0	0	0	0	15	0	0	0	0	30	0	0	0	0	53	0	0	0	425	0
FFQ	94	0	0	0	0	0	0	0	0	0	0	0	0	39	0	0	0	0	0	0	0	0	0	16	0	0	0	0	19	0	0	0	0	19	0	0	0	0	52	0	0	0	423	0
FFQ	95	0	0	0	0	0	0	0	0	0	0	0	0	31	0	0	0	0	0	0	0	0	0	21	0	0	0	0	17	0	0	0	0	23	0	0	0	0	46	0	0	0	430	0
FFQ	96	0	0	0	0	0	0	0	0	0	0	0	0	28	0	0	0	0	0	0	0	0	0	28	0	0	0	0	7	0	0	0	0	35	0	0	0	0	58	0	0	0	412	0
FFQ	97	0	0	0	0	0	0	0	0	0	0	0	0	23	0	0	0	0	0	0	0	0	0	26	0	0	0	0	18	0	0	0	0	25	0	0	0	0	66	0	0	0	410	0
FFQ	98	0	0	0	0	0	0	0	0	0	0	0	0	31	0	0	0	0	0	0	0	0	0	19	0	0	0	0	15	0	0	0	0	21	0	0	0	0	51	0	0	0	431	0
FFQ	99	0	0	0	0	0	0	0	0	0	0	0	0	33	0	0	0	0	0	0	0	0	0	25	0	0	0	0	10	0	0	0	0	22	0	0	0	0	55	0	0	0	423	0
FFQ	100	0	0	0	0	0	0	0	0	0	0	0	0	23	0	0	0	0	0	0	0	0	0	14	0	0	0	0	17	0	0	0	0	31	0	0	0	0	55	0	0	0	428	0
FFQ	101	0	0	0	0	0	0	0	0	0	0	0	0	33	0	0	0	0	0	0	0	0	0	12	0	0	0	0	7	0	0	0	0	30	0	0	0	0	58	0	0	0	428	0
FFQ	102	0	0	0	0	0	0	0	0	0	0	0	0	25	0	0	0	0	0	0	0	0	0	25	0	0	0	0	8	0	0	0	0	23	0	0	0	0	60	0	0	0	427	0
FFQ	103	0	0	0	0	0	0	0	0	0	0	0	0	31	0	0	0	0	0	0	0	0	0	18	0	0	0	0	17	0	0	0	0	21	0	0	0	0	67	0	0	0	414	0
FFQ	104	0	0	0	0	0	0	0	0	0	0	0	0	33	0	0	0	0	0	0	0	0	0	19	0	0	0	0	14	0	0	0	0	21	0	0	0	0	65	0	0	0	416	0
FFQ	105	0	0	0	0	0	0	0	0	0	0	0	0	37	0	0	0	0	0	0	0	0	0	17	0	0	0	0	13	0	0	0	0	16	0	0	0	0	70	0	0	0	415	0
FFQ	106	0	0	0	0	0	0	0	0	0	0	0	0	22	0	0	0	0	0	0	0	0	0	22	0	0	0	0	13	0	0	0	0	33	0	0	0	0	55	0	0	0	423	0
FFQ	107	0	0	0	0	0	0	0	0	0	0	0	0	35	0	0	0	0	0	0	0	0	0	21	0	0	0	0	12	0	0	0	0	29	0	0	0	0	53	0	0	0	418	0
FFQ	108	0	0	0	0	0	0	0	0	0	0	0	0	26	0	0	0	0	0	0	0	0	0	20	0	0	0	0	11	0	0	0	0	28	0	0	0	0	56	0	0	0	427	0
FFQ	109	0	0	0	0	0	0	0	0	0	0	0	0	34	0	0	0	0	0	0	0	0	0	19	0	0	0	0	8	0	0	0	0	26	0	0	0	0	56	0	0	0	425	0
FFQ	110	0	0	0	0	0	0	0	0	0	0	0	0	27	0	0	0	0	0	0	0	0	0	21	0	0	0	0	9	0	0	0	0	28	0	0	0	0	62	0	0	0	421	0
FFQ	111	0	0	0	0	0	0	0	0	0	0	0	0	31	0	0	0	0	0	0	0	0	0	15	0	0	0	0	15	0	0	0	0	26	0	0	0	0	67	0	0	0	414	0
FFQ	112	0	0	0	0	0	0	0	0	0	0	0	0	26	0	0	0	0	0	0	0	0	0	23	0	0	0	0	12	0	0	0	0	33	0	0	0	0	53	0	0	0	421	0
FFQ	113	0	0	0	0	0	0	0	0	0	0	0	0	26	0	0	0	0	0	0	0	0	0	19	0	0	0	0	11	0	0	0	0	24	0	0	0	0	69	0	0	0	418	0
FFQ	114	0	0	0	0	0	0	0	0	0	0	0	0	26	0	0	0	0	0	0	0	0	0	20	0	0	0	0	15	0	0	0	0	32	0	0	0	0	56	0	0	0	418	0
FFQ	115	0	0	0	0	0	0	0	0	0	0	0	0	31	0	0	0	0	0	0	0	0	0	23	0	0	0	0	8	0	0	0	0	24	0	0	0	0	71	0	0	0	410	0
FFQ	116	0	0	0	0	0	0	0	0	0	0	0	0	26	0	0	0	0	0	0	0	0	0	19	0	0	0	0	17	0	0	0	0	36	0	0	0	0	56	0	0	0	413	0
FFQ	117	0	0	0	0	0	0	0	0	0	0	0	0	24	0	0	0	0	0	0	0	0	0	21	0	0	0	0	14	0	0	0	0	30	0	0	0	0	75	0	0	0	403	0
FFQ	118	0	0	0	0	0	0	0	0	0	0	0	0	37	0	0	0	0	0	0	0	0	0	23	0	0	0	0	13	0	0	0	0	31	0	0	0	0	61	0	0	0	401	0
FFQ	119	0	0	0	0	0	0	0	0	0	0	0	0	32	0	0	0	0	0	0	0	0	0	17	0	0	0	0	16	0	0	0	0	39	0	0	0	0	53	0	0	0	409	0
FFQ	120	0	0	0	0	0	0	0	0	0	0	0	0	27	0	0	0	0	0	0	0	0	0	19	0	0	0	0	11	0	0	0	0	36	0	0	0	0	69	0	0	0	404	0
FFQ	121	0	0	0	0	0	0	0	0	0	0	0	0	31	0	0	0	0	0	0	0	0	0	21	0	0	0	0	15	0	0	0	0	40	0	0	0	0	71	0	0	0	388	0
FFQ	122	0	0	0	0	0	0	0	0	0	0	0	0	22	0	0	0	0	0	0	0	0	0	19	0	0	0	0	12	0	0	0	0	26	0	0	0	0	61	0	0	0	425	0
FFQ	123	0	0	0	0	0	0	0	0	0	0	0	0	36	0	0	0	0	0	0	0	0	0	24	0	0	0	0	12	0	0	0	0	30	0	0	0	0	63	0	0	0	400	0
FFQ	124	0	0	0	0	0	0	0	0	0	0	0	0	37	0	0	0	0	0	0	0	0	0	23	0	0	0	0	15	0	0	0	0	29	0	0	0	0	66	0	0	0	395	0
FFQ	125	0	0	0	0	0	0	0	0	0	0	0	0	31	0	0	0	0	0	0	0	0	0	17	0	0	0	0	17	0	0	0	0	39	0	0	0	0	76	0	0	0	385	0
FFQ	126	0	0	0	0	0	0	0	0	0	0	0	0	37	0	0	0	0	0	0	0	0	0	14	0	0	0	0	14	0	0	0	0	29	0	0	0	0	66	0	0	0	405	0
FFQ	127	0	0	0	0	0	0	0	0	0	0	0	0	26	0	0	0	0	0	0	0	0	0	27	0	0	0	0	9	0	0	0	0	31	0	0	0	0	75	0	0	0	397	0
FFQ	128	0	0	0	0	0	0	0	0	0	0	0	0	38	0	0	0	0	0	0	0	0	0	22	0	0	0	0	15	0	0	0	0	27	0	0	0	0	86	0	0	0	377	0
FFQ	129	0	0	0	0	0	0	0	0	0	0	0	0	29	0	0	0	0	0	0	0	0	0	39	0	0	0	0	14	0	0	0	0	27	0	0	0	0	76	0	0	0	380	0
FFQ	130	0	0	0	0	0	0	0	0	0	0	0	0	37	0	0	0	0	0	0	0	0	0	27	0	0	0	0	9	0	0	0	0	43	0	0	0	0	75	0	0	0	374	0
FFQ	131	0	0	0	0	0	0	0	0	0	0	0	0	37	0	0	0	0	0	0	0	0	0	23	0	0	0	0	11	0	0	0	0	39	0	0	0	0	77	0	0	0	378	0
FFQ	132	0	0	0	0	0	0	0	0	0	0	0	0	36	0	0	0	0	0	0	0	0	0	29	0	0	0	0	18	0	0	0	0	39	0	0	0	0	85	0	0	0	358	0
FFQ	133	0	0	0	0	0	0	0	0	0	0	0	0	35	0	0	0	0	0	0	0	0	0	23	0	0	0	0	24	0	0	0	0	29	0	0	0	0	82	0	0	0	372	0
FFQ	134	0	0	0	0	0	0	0	0	0	0	0	0	41	0	0	0	0	0	0	0	0	0	29	0	0	0	0	18	0	0	0	0	33	0	0	0	0	82	0	0	0	362	0
FFQ	135	0	0	0	0	0	0	0	0	0	0	0	0	37	0	0	0	0	0	0	0	0	0	32	0	0	0	0	10	0	0	0	0	44	0	0	0	0	85	0	0	0	356	0
FFQ	136	0	0	0	0	0	0	0	0	0	0	0	0	35	0	0	0	0	0	0	0	0	0	18	0	0	0	0	24	0	0	0	0	42	0	0	0	0	100	0	0	0	345	0
FFQ	137	0	0	0	0	0	0	0	0	0	0	0	0	41	0	0	0	0	0	0	0	0	0	22	0	0	0	0	21	0	0	0	0	30	0	0	0	0	89	0	0	0	361	0
FFQ	138	0	0	0	0	0	0	0	0	0	0	0	0	29	0	0	0	0	0	0	0	0	0	22	0	0	0	0	23	0	0	0	0	34	0	0	0	0	101	0	0	0	355	0
FFQ	139	0	0	0	0	0	0	0	0	0	0	0	0	25	0	0	0	0	0	0	0	0	0	30	0	0	0	0	14	0	0	0	0	43	0	0	0	0	112	0	0	0	339	0
FFQ	140	0	0	0	0	0	0	0	0	0	0	0	0	35	0	0	0	0	0	0	0	0	0	25	0	0	0	0	17	0	0	0	0	34	0	0	0	0	99	0	0	0	353	0
FFQ	141	0	0	0	0	0	0	0	0	0	0	0	0	29	0	0	0	0	0	0	0	0	0	28	0	0	0	0	11	0	0	0	0	39	0	0	0	0	105	0	0	0	351	0
FFQ	142	0	0	0	0	0	0	0	0	0	0	0	0	33	0	0	0	0	0	0	0	0	0	23	0	0	0	0	19	0	0	0	0	34	0	0	0	0	105	0	0	0	349	0
FFQ	143	0	0	0	0	0	0	0	0	0	0	0	0	33	0	0	0	0	0	0	0	0	0	24	0	0	0	0	19	0	0	0	0	38	0	0	0	0	96	0	0	0	353	0
FFQ	144	0	0	0	0	0	0	0	0	0	0	0	0	31	0	0	0	0	0	0	0	0	0	19	0	0	0	0	21	0	0	0	0	33	0	0	0	0	104	0	0	0	352	0
FFQ	145	0	0	0	0	0	0	0	0	0	0	0	0	33	0	0	0	0	0	0	0	0	0	21	0	0	0	0	28	0	0	0	0	34	0	0	0	0	91	0	0	0	352	0
FFQ	146	0	0	0	0	0	0	0	0	0	0	0	0	41	0	0	0	0	0	0	0	0	0	20	0	0	0	0	24	0	0	0	0	36	0	0	0	0	90	0	0	0	347	0
FFQ	147	0	0	0	0	0	0	0	0	0	0	0	0	31	0	0	0	0	0	0	0	0	0	21	0	0	0	0	29	0	0	0	0	36	0	0	0	0	97	0	0	0	343	0
FFQ	148	0	0	0	0	0	0	0	0	0	0	0	0	40	0	0	0	0	0	0	0	0	0	24	0	0	0	0	18	0	0	0	0	38	0	0	0	0	88	0	0	0	347	0
FFQ	149	0	0	0	0	0	0	0	0	0	0	0	0	31	0	0	0	0	0	0	0	0	0	23	0	0	0	0	20	0	0	0	0	41	0	0	0	0	97	0	0	0	327	0
FFQ	150	0	0	0	0	0	0	0	0	0	0	0	0	22	0	0	0	0	0	0	0	0	0	17	0	0	0	0	19	0	0	0	0	45	0	0	0	0	95	0	0	0	333	0
FFQ	151	0	0	0	0	0	0	0	0	0	0	0	0	0	0	0	0	0	0	0	0	0	0	30	0	0	0	0	39	0	0	0	0	70	0	0	0	0	128	0	0	0	223	0
# Last Fragment Qualities. Use `grep ^LFQ | cut -f 2-` to extract this part.
# Columns correspond to qualities and rows to cycles. First column is the cycle number.
LFQ	1	0	0	8	0	0	0	0	0	0	0	0	0	26	0	0	0	0	0	0	0	0	0	0	0	0	0	0	26	0	0	0	0	508	0	0	0	0	0	0	0	0	0	0
LFQ	2	0	0	0	0	0	0	0	0	0	0	0	0	29	0	0	0	0	0	0	0	0	0	0	0	0	0	0	32	0	0	0	0	507	0	0	0	0	0	0	0	0	0	0
LFQ	3	0	0	0	0	0	0	0	0	0	0	0	0	33	0	0	0	0	0	0	0	0	0	0	0	0	0	0	29	0	0	0	0	173	0	0	0	0	333	0	0	0	0	0
LFQ	4	0	0	0	0	0	0	0	0	0	0	0	0	31	0	0	0	0	0	0	0	0	0	2	0	0	0	0	15	0	0	0	0	71	0	0	0	0	449	0	0	0	0	0
LFQ	5	0	0	0	0	0	0	0	0	0	0	0	0	20	0	0	0	0	0	0	0	0	0	6	0	0	0	0	17	0	0	0	0	44	0	0	0	0	481	0	0	0	0	0
LFQ	6	0	0	0	0	0	0	0	0	0	0	0	0	18	0	0	0	0	0	0	0	0	0	3	0	0	0	0	14	0	0	0	0	44	0	0	0	0	101	0	0	0	388	0
LFQ	7	0	0	0	0	0	0	0	0	0	0	0	0	22	0	0	0	0	0	0	0	0	0	3	0	0	0	0	12	0	0	0	0	29	0	0	0	0	80	0	0	0	422	0
LFQ	8	0	0	0	0	0	0	0	0	0	0	0	0	25	0	0	0	0	0	0	0	0	0	8	0	0	0	0	10	0	0	0	0	38	0	0	0	0	73	0	0	0	414	0
LFQ	9	0	0	0	0	0	0	0	0	0	0	0	0	17	0	0	0	0	0	0	0	0	0	9	0	0	0	0	10	0	0	0	0	34	0	0	0	0	62	0	0	0	436	0
LFQ	10	0	0	0	0	0	0	0	0	0	0	0	0	17	0	0	0	0	0	0	0	0	0	9	0	0	0	0	8	0	0	0	0	21	0	0	0	0	75	0	0	0	438	0
LFQ	11	0	0	0	0	0	0	0	0	0	0	0	0	15	0	0	0	0	0	0	0	0	0	10	0	0	0	0	10	0	0	0	0	22	0	0	0	0	62	0	0	0	449	0
LFQ	12	0	0	0	0	0	0	0	0	0	0	0	0	16	0	0	0	0	0	0	0	0	0	5	0	0	0	0	7	0	0	0	0	34	0	0	0	0	62	0	0	0	444	0
LFQ	13	0	0	0	0	0	0	0	0	0	0	0	0	14	0	0	0	0	0	0	0	0	0	8	0	0	0	0	10	0	0	0	0	27	0	0	0	0	69	0	0	0	440	0
LFQ	14	0	0	0	0	0	0	0	0	0	0	0	0	18	0	0	0	0	0	0	0	0	0	6	0	0	0	0	8	0	0	0	0	14	0	0	0	0	64	0	0	0	458	0
LFQ	15	0	0	0	0	0	0	0	0	0	0	0	0	12	0	0	0	0	0	0	0	0	0	3	0	0	0	0	16	0	0	0	0	15	0	0	0	0	80	0	0	0	442	0
LFQ	16	0	0	0	0	0	0	0	0	0	0	0	0	21	0	0	0	0	0	0	0	0	0	9	0	0	0	0	11	0	0	0	0	7	0	0	0	0	58	0	0	0	462	0
LFQ	17	0	0	0	0	0	0	0	0	0	0	0	0	18	0	0	0	0	0	0	0	0	0	10	0	0	0	0	12	0	0	0	0	28	0	0	0	0	70	0	0	0	430	0
LFQ	18	0	0	0	0	0	0	0	0	0	0	0	0	19	0	0	0	0	0	0	0	0	0	8	0	0	0	0	9	0	0	0	0	26	0	0	0	0	86	0	0	0	420	0
LFQ	19	0	0	0	0	0	0	0	0	0	0	0	0	25	0	0	0	0	0	0	0	0	0	10	0	0	0	0	12	0	0	0	0	20	0	0	0	0	72	0	0	0	429	0
LFQ	20	0	0	0	0	0	0	0	0	0	0	0	0	18	0	0	0	0	0	0	0	0	0	16	0	0	0	0	18	0	0	0	0	17	0	0	0	0	64	0	0	0	435	0
LFQ	21	0	0	0	0	0	0	0	0	0	0	0	0	18	0	0	0	0	0	0	0	0	0	12	0	0	0	0	18	0	0	0	0	23	0	0	0	0	55	0	0	0	442	0
LFQ	22	0	0	0	0	0	0	0	0	0	0	0	0	20	0	0	0	0	0	0	0	0	0	14	0	0	0	0	26	0	0	0	0	17	0	0	0	0	74	0	0	0	417	0
LFQ	23	0	0	0	0	0	0	0	0	0	0	0	0	38	0	0	0	0	0	0	0	0	0	12	0	0	0	0	15	0	0	0	0	23	0	0	0	0	60	0	0	0	420	0
LFQ	24	0	0	0	0	0	0	0	0	0	0	0	0	20	0	0	0	0	0	0	0	0	0	16	0	0	0	0	19	0	0	0	0	23	0	0	0	0	68	0	0	0	422	0
LFQ	25	0	0	0	0	0	0	0	0	0	0	0	0	14	0	0	0	0	0	0	0	0	0	14	0	0	0	0	23	0	0	0	0	23	0	0	0	0	76	0	0	0	418	0
LFQ	26	0	0	0	0	0	0	0	0	0	0	0	0	23	0	0	0	0	0	0	0	0	0	8	0	0	0	0	20	0	0	0	0	15	0	0	0	0	79	0	0	0	423	0
LFQ	27	0	0	4	0	0	0	0	0	0	0	0	0	19	0	0	0	0	0	0	0	0	0	16	0	0	0	0	12	0	0	0	0	19	0	0	0	0	71	0	0	0	427	0
LFQ	28	0	0	0	0	0	0	0	0	0	0	0	0	21	0	0	0	0	0	0	0	0	0	16	0	0	0	0	16	0	0	0	0	27	0	0	0	0	81	0	0	0	407	0
LFQ	29	0	0	0	0	0	0	0	0	0	0	0	0	26	0	0	0	0	0	0	0	0	0	12	0	0	0	0	14	0	0	0	0	26	0	0	0	0	79	0	0	0	411	0
LFQ	30	0	0	0	0	0	0	0	0	0	0	0	0	20	0	0	0	0	0	0	0	0	0	20	0	0	0	0	15	0	0	0	0	26	0	0	0	0	88	0	0	0	399	0
LFQ	31	0	0	0	0	0	0	0	0	0	0	0	0	28	0	0	0	0	0	0	0	0	0	11	0	0	0	0	14	0	0	0	0	19	0	0	0	0	82	0	0	0	414	0
LFQ	32	0	0	0	0	0	0	0	0	0	0	0	0	28	0	0	0	0	0	0	0	0	0	18	0	0	0	0	14	0	0	0	0	21	0	0	0	0	61	0	0	0	426	0
LFQ	33	0	0	0	0	0	0	0	0	0	0	0	0	25	0	0	0	0	0	0	0	0	0	14	0	0	0	0	16	0	0	0	0	17	0	0	0	0	66	0	0	0	430	0
LFQ	34	0	0	0	0	0	0	0	0	0	0	0	0	24	0	0	0	0	0	0	0	0	0	19	0	0	0	0	12	0	0	0	0	18	0	0	0	0	70	0	0	0	425	0
LFQ	35	0	0	0	0	0	0	0	0	0	0	0	0	33	0	0	0	0	0	0	0	0	0	14	0	0	0	0	28	0	0	0	0	25	0	0	0	0	76	0	0	0	392	0
LFQ	36	0	0	0	0	0	0	0	0	0	0	0	0	37	0	0	0	0	0	0	0	0	0	16	0	0	0	0	22	0	0	0	0	33	0	0	0	0	82	0	0	0	378	0
LFQ	37	0	0	0	0	0	0	0	0	0	0	0	0	29	0	0	0	0	0	0	0	0	0	19	0	0	0	0	20	0	0	0	0	34	0	0	0	0	84	0	0	0	382	0
LFQ	38	0	0	0	0	0	0	0	0	0	0	0	0	41	0	0	0	0	0	0	0	0	0	15	0	0	0	0	35	0	0	0	0	21	0	0	0	0	77	0	0	0	379	0
LFQ	39	0	0	0	0	0	0	0	0	0	0	0	0	34	0	0	0	0	0	0	0	0	0	20	0	0	0	0	28	0	0	0	0	28	0	0	0	0	85	0	0	0	373	0
LFQ	40	0	0	0	0	0	0	0	0	0	0	0	0	43	0	0	0	0	0	0	0	0	0	22	0	0	0	0	17	0	0	0	0	29	0	0	0	0	86	0	0	0	371	0
LFQ	41	0	0	0	0	0	0	0	0	0	0	0	0	36	0	0	0	0	0	0	0	0	0	21	0	0	0	0	32	0	0	0	0	23	0	0	0	0	82	0	0	0	374	0
LFQ	42	0	0	0	0	0	0	0	0	0	0	0	0	30	0	0	0	0	0	0	0	0	0	18	0	0	0	0	26	0	0	0	0	36	0	0	0	0	85	0	0	0	373	0
LFQ	43	0	0	0	0	0	0	0	0	0	0	0	0	39	0	0	0	0	0	0	0	0	0	13	0	0	0	0	25	0	0	0	0	38	0	0	0	0	69	0	0	0	384	0
LFQ	44	0	0	0	0	0	0	0	0	0	0	0	0	33	0	0	0	0	0	0	0	0	0	23	0	0	0	0	32	0	0	0	0	38	0	0	0	0	80	0	0	0	362	0
LFQ	45	0	0	0	0	0	0	0	0	0	0	0	0	36	0	0	0	0	0	0	0	0	0	17	0	0	0	0	30	0	0	0	0	32	0	0	0	0	76	0	0	0	377	0
LFQ	46	0	0	0	0	0	0	0	0	0	0	0	0	48	0	0	0	0	0	0	0	0	0	21	0	0	0	0	24	0	0	0	0	23	0	0	0	0	79	0	0	0	373	0
LFQ	47	0	0	0	0	0	0	0	0	0	0	0	0	44	0	0	0	0	0	0	0	0	0	23	0	0	0	0	34	0	0	0	0	31	0	0	0	0	84	0	0	0	352	0
LFQ	48	0	0	0	0	0	0	0	0	0	0	0	0	47	0	0	0	0	0	0	0	0	0	19	0	0	0	0	24	0	0	0	0	33	0	0	0	0	99	0	0	0	346	0
LFQ	49	0	0	0	0	0	0	0	0	0	0	0	0	42	0	0	0	0	0	0	0	0	0	20	0	0	0	0	27	0	0	0	0	30	0	0	0	0	90	0	0	0	359	0
LFQ	50	0	0	0	0	0	0	0	0	0	0	0	0	51	0	0	0	0	0	0	0	0	0	20	0	0	0	0	20	0	0	0	0	22	0	0	0	0	96	0	0	0	359	0
LFQ	51	0	0	0	0	0	0	0	0	0	0	0	0	45	0	0	0	0	0	0	0	0	0	21	0	0	0	0	16	0	0	0	0	44	0	0	0	0	92	0	0	0	350	0
LFQ	52	0	0	0	0	0	0	0	0	0	0	0	0	43	0	0	0	0	0	0	0	0	0	33	0	0	0	0	23	0	0	0	0	34	0	0	0	0	87	0	0	0	348	0
LFQ	53	0	0	0	0	0	0	0	0	0	0	0	0	43	0	0	0	0	0	0	0	0	0	23	0	0	0	0	21	0	0	0	0	43	0	0	0	0	76	0	0	0	362	0
LFQ	54	0	0	0	0	0	0	0	0	0	0	0	0	44	0	0	0	0	0	0	0	0	0	21	0	0	0	0	27	0	0	0	0	33	0	0	0	0	80	0	0	0	363	0
LFQ	55	0	0	0	0	0	0	0	0	0	0	0	0	38	0	0	0	0	0	0	0	0	0	17	0	0	0	0	18	0	0	0	0	36	0	0	0	0	102	0	0	0	357	0
LFQ	56	0	0	0	0	0	0	0	0	0	0	0	0	37	0	0	0	0	0	0	0	0	0	26	0	0	0	0	28	0	0	0	0	34	0	0	0	0	85	0	0	0	358	0
LFQ	57	0	0	0	0	0	0	0	0	0	0	0	0	39	0	0	0	0	0	0	0	0	0	21	0	0	0	0	27	0	0	0	0	45	0	0	0	0	65	0	0	0	371	0
LFQ	58	0	0	0	0	0	0	0	0	0	0	0	0	49	0	0	0	0	0	0	0	0	0	23	0	0	0	0	35	0	0	0	0	32	0	0	0	0	75	0	0	0	354	0
LFQ	59	0	0	0	0	0	0	0	0	0	0	0	0	45	0	0	0	0	0	0	0	0	0	19	0	0	0	0	26	0	0	0	0	34	0	0	0	0	85	0	0	0	359	0
LFQ	60	0	0	0	0	0	0	0	0	0	0	0	0	33	0	0	0	0	0	0	0	0	0	15	0	0	0	0	32	0	0	0	0	36	0	0	0	0	73	0	0	0	379	0
LFQ	61	0	0	0	0	0	0	0	0	0	0	0	0	42	0	0	0	0	0	0	0	0	0	23	0	0	0	0	23	0	0	0	0	34	0	0	0	0	78	0	0	0	368	0
LFQ	62	0	0	0	0	0	0	0	0	0	0	0	0	51	0	0	0	0	0	0	0	0	0	17	0	0	0	0	21	0	0	0	0	36	0	0	0	0	82	0	0	0	361	0
LFQ	63	0	0	0	0	0	0	0	0	0	0	0	0	38	0	0	0	0	0	0	0	0	0	20	0	0	0	0	34	0	0	0	0	32	0	0	0	0	73	0	0	0	371	0
LFQ	64	0	0	0	0	0	0	0	0	0	0	0	0	50	0	0	0	0	0	0	0	0	0	21	0	0	0	0	19	0	0	0	0	36	0	0	0	0	76	0	0	0	366	0
LFQ	65	0	0	0	0	0	0	0	0	0	0	0	0	43	0	0	0	0	0	0	0	0	0	27	0	0	0	0	26	0	0	0	0	39	0	0	0	0	72	0	0	0	361	0
LFQ	66	0	0	0	0	0	0	0	0	0	0	0	0	44	0	0	0	0	0	0	0	0	0	25	0	0	0	0	35	0	0	0	0	32	0	0	0	0	77	0	0	0	355	0
LFQ	67	0	0	0	0	0	0	0	0	0	0	0	0	34	0	0	0	0	0	0	0	0	0	33	0	0	0	0	20	0	0	0	0	44	0	0	0	0	73	0	0	0	364	0
LFQ	68	0	0	0	0	0	0	0	0	0	0	0	0	45	0	0	0	0	0	0	0	0	0	18	0	0	0	0	23	0	0	0	0	43	0	0	0	0	83	0	0	0	356	0
LFQ	69	0	0	0	0	0	0	0	0	0	0	0	0	43	0	0	0	0	0	0	0	0	0	24	0	0	0	0	30	0	0	0	0	35	0	0	0	0	99	0	0	0	337	0
LFQ	70	0	0	0	0	0	0	0	0	0	0	0	0	45	0	0	0	0	0	0	0	0	0	21	0	0	0	0	24	0	0	0	0	43	0	0	0	0	85	0	0	0	350	0
LFQ	71	0	0	0	0	0	0	0	0	0	0	0	0	39	0	0	0	0	0	0	0	0	0	33	0	0	0	0	21	0	0	0	0	39	0	0	0	0	91	0	0	0	345	0
LFQ	72	0	0	0	0	0	0	0	0	0	0	0	0	48	0	0	0	0	0	0	0	0	0	30	0	0	0	0	21	0	0	0	0	41	0	0	0	0	88	0	0	0	340	0
LFQ	73	0	0	0	0	0	0	0	0	0	0	0	0	46	0	0	0	0	0	0	0	0	0	33	0	0	0	0	25	0	0	0	0	33	0	0	0	0	71	0	0	0	360	0
LFQ	74	0	0	0	0	0	0	0	0	0	0	0	0	46	0	0	0	0	0	0	0	0	0	32	0	0	0	0	18	0	0	0	0	55	0	0	0	0	64	0	0	0	353	0
LFQ	75	0	0	0	0	0	0	0	0	0	0	0	0	37	0	0	0	0	0	0	0	0	0	34	0	0	0	0	20	0	0	0	0	42	0	0	0	0	77	0	0	0	358	0
LFQ	76	0	0	0	0	0	0	0	0	0	0	0	0	56	0	0	0	0	0	0	0	0	0	27	0	0	0	0	17	0	0	0	0	31	0	0	0	0	80	0	0	0	357	0
LFQ	77	0	0	0	0	0	0	0	0	0	0	0	0	44	0	0	0	0	0	0	0	0	0	52	0	0	0	0	32	0	0	0	0	61	0	0	0	0	123	0	0	0	256	0
LFQ	78	0	0	0	0	0	0	0	0	0	0	0	0	50	0	0	0	0	0	0	0	0	0	31	0	0	0	0	20	0	0	0	0	43	0	0	0	0	107	0	0	0	317	0
LFQ	79	0	0	0	0	0	0	0	0	0	0	0	0	50	0	0	0	0	0	0	0	0	0	29	0	0	0	0	21	0	0	0	0	43	0	0	0	0	96	0	0	0	329	0
LFQ	80	0	0	0	0	0	0	0	0	0	0	0	0	50	0	0	0	0	0	0	0	0	0	25	0	0	0	0	16	0	0	0	0	47	0	0	0	0	70	0	0	0	360	0
LFQ	81	0	0	0	0	0	0	0	0	0	0	0	0	40	0	0	0	0	0	0	0	0	0	24	0	0	0	0	19	0	0	0	0	38	0	0	0	0	74	0	0	0	373	0
LFQ	82	0	0	0	0	0	0	0	0	0	0	0	0	48	0	0	0	0	0	0	0	0	0	31	0	0	0	0	18	0	0	0	0	24	0	0	0	0	82	0	0	0	365	0
LFQ	83	0	0	0	0	0	0	0	0	0	0	0	0	30	0	0	0	0	0	0	0	0	0	31	0	0	0	0	23	0	0	0	0	39	0	0	0	0	72	0	0	0	373	0
LFQ	84	0	0	0	0	0	0	0	0	0	0	0	0	35	0	0	0	0	0	0	0	0	0	27	0	0	0	0	21	0	0	0	0	29	0	0	0	0	88	0	0	0	368	0
LFQ	85	0	0	0	0	0	0	0	0	0	0	0	0	45	0	0	0	0	0	0	0	0	0	17	0	0	0	0	24	0	0	0	0	32	0	0	0	0	77	0	0	0	373	0
LFQ	86	0	0	0	0	0	0	0	0	0	0	0	0	54	0	0	0	0	0	0	0	0	0	28	0	0	0	0	13	0	0	0	0	29	0	0	0	0	86	0	0	0	358	0
LFQ	87	0	0	0	0	0	0	0	0	0	0	0	0	41	0	0	0	0	0	0	0	0	0	22	0	0	0	0	21	0	0	0	0	48	0	0	0	0	68	0	0	0	368	0
LFQ	88	0	0	0	0	0	0	0	0	0	0	0	0	40	0	0	0	0	0	0	0	0	0	28	0	0	0	0	16	0	0	0	0	44	0	0	0	0	80	0	0	0	360	0
LFQ	89	0	0	0	0	0	0	0	0	0	0	0	0	42	0	0	0	0	0	0	0	0	0	28	0	0	0	0	20	0	0	0	0	37	0	0	0	0	78	0	0	0	363	0
LFQ	90	0	0	0	0	0	0	0	0	0	0	0	0	44	0	0	0	0	0	0	0	0	0	24	0	0	0	0	29	0	0	0	0	37	0	0	0	0	70	0	0	0	364	0
LFQ	91	0	0	0	0	0	0	0	0	0	0	0	0	41	0	0	0	0	0	0	0	0	0	28	0	0	0	0	25	0	0	0	0	37	0	0	0	0	78	0	0	0	359	0
LFQ	92	0	0	0	0	0	0	0	0	0	0	0	0	32	0	0	0	0	0	0	0	0	0	29	0	0	0	0	22	0	0	0	0	29	0	0	0	0	72	0	0	0	384	0
LFQ	93	0	0	0	0	0	0	0	0	0	0	0	0	30	0	0	0	0	0	0	0	0	0	39	0	0	0	0	23	0	0	0	0	45	0	0	0	0	71	0	0	0	360	0
LFQ	94	0	0	0	0	0	0	0	0	0	0	0	0	54	0	0	0	0	0	0	0	0	0	24	0	0	0	0	17	0	0	0	0	40	0	0	0	0	75	0	0	0	358	0
LFQ	95	0	0	0	0	0	0	0	0	0	0	0	0	42	0	0	0	0	0	0	0	0	0	29	0	0	0	0	18	0	0	0	0	39	0	0	0	0	90	0	0	0	350	0
LFQ	96	0	0	0	0	0	0	0	0	0	0	0	0	58	0	0	0	0	0	0	0	0	0	24	0	0	0	0	22	0	0	0	0	29	0	0	0	0	88	0	0	0	347	0
LFQ	97	0	0	0	0	0	0	0	0	0	0	0	0	55	0	0	0	0	0	0	0	0	0	24	0	0	0	0	20	0	0	0	0	40	0	0	0	0	81	0	0	0	348	0
LFQ	98	0	0	0	0	0	0	0	0	0	0	0	0	41	0	0	0	0	0	0	0	0	0	36	0	0	0	0	17	0	0	0	0	42	0	0	0	0	89	0	0	0	343	0
LFQ	99	0	0	0	0	0	0	0	0	0	0	0	0	37	0	0	0	0	0	0	0	0	0	27	0	0	0	0	21	0	0	0	0	50	0	0	0	0	74	0	0	0	359	0
LFQ	100	0	0	0	0	0	0	0	0	0	0	0	0	49	0	0	0	0	0	0	0	0	0	24	0	0	0	0	19	0	0	0	0	46	0	0	0	0	80	0	0	0	350	0
LFQ	101	0	0	0	0	0	0	0	0	0	0	0	0	47	0	0	0	0	0	0	0	0	0	31	0	0	0	0	19	0	0	0	0	46	0	0	0	0	78	0	0	0	347	0
LFQ	102	0	0	0	0	0	0	0	0	0	0	0	0	45	0	0	0	0	0	0	0	0	0	32	0	0	0	0	22	0	0	0	0	52	0	0	0	0	74	0	0	0	343	0
LFQ	103	0	0	0	0	0	0	0	0	0	0	0	0	51	0	0	0	0	0	0	0	0	0	34	0	0	0	0	21	0	0	0	0	38	0	0	0	0	72	0	0	0	352	0
LFQ	104	0	0	0	0	0	0	0	0	0	0	0	0	48	0	0	0	0	0	0	0	0	0	28	0	0	0	0	18	0	0	0	0	51	0	0	0	0	78	0	0	0	345	0
LFQ	105	0	0	0	0	0	0	0	0	0	0	0	0	35	0	0	0	0	0	0	0	0	0	42	0	0	0	0	23	0	0	0	0	40	0	0	0	0	87	0	0	0	341	0
LFQ	106	0	0	0	0	0	0	0	0	0	0	0	0	38	0	0	0	0	0	0	0	0	0	35	0	0	0	0	26	0	0	0	0	39	0	0	0	0	96	0	0	0	334	0
LFQ	107	0	0	0	0	0	0	0	0	0	0	0	0	56	0	0	0	0	0	0	0	0	0	28	0	0	0	0	18	0	0	0	0	38	0	0	0	0	98	0	0	0	330	0
LFQ	108	0	0	0	0	0	0	0	0	0	0	0	0	47	0	0	0	0	0	0	0	0	0	30	0	0	0	0	20	0	0	0	0	38	0	0	0	0	99	0	0	0	333	0
LFQ	109	0	0	0	0	0	0	0	0	0	0	0	0	51	0	0	0	0	0	0	0	0	0	25	0	0	0	0	22	0	0	0	0	40	0	0	0	0	90	0	0	0	339	0
LFQ	110	0	0	4	0	0	0	0	0	0	0	0	0	47	0	0	0	0	0	0	0	0	0	45	0	0	0	0	18	0	0	0	0	48	0	0	0	0	96	0	0	0	309	0
LFQ	111	0	0	0	0	0	0	0	0	0	0	0	0	59	0	0	0	0	0	0	0	0	0	34	0	0	0	0	13	0	0	0	0	39	0	0	0	0	99	0	0	0	323	0
LFQ	112	0	0	0	0	0	0	0	0	0	0	0	0	48	0	0	0	0	0	0	0	0	0	37	0	0	0	0	16	0	0	0	0	53	0	0	0	0	85	0	0	0	328	0
LFQ	113	0	0	0	0	0	0	0	0	0	0	0	0	57	0	0	0	0	0	0	0	0	0	28	0	0	0	0	21	0	0	0	0	38	0	0	0	0	92	0	0	0	331	0
LFQ	114	0	0	0	0	0	0	0	0	0	0	0	0	51	0	0	0	0	0	0	0	0	0	48	0	0	0	0	14	0	0	0	0	40	0	0	0	0	105	0	0	0	309	0
LFQ	115	0	0	0	0	0	0	0	0	0	0	0	0	65	0	0	0	0	0	0	0	0	0	42	0	0	0	0	24	0	0	0	0	37	0	0	0	0	84	0	0	0	315	0
LFQ	116	0	0	0	0	0	0	0	0	0	0	0	0	49	0	0	0	0	0	0	0	0	0	35	0	0	0	0	26	0	0	0	0	41	0	0	0	0	105	0	0	0	310	0
LFQ	117	0	0	0	0	0	0	0	0	0	0	0	0	55	0	0	0	0	0	0	0	0	0	30	0	0	0	0	25	0	0	0	0	48	0	0	0	0	98	0	0	0	310	0
LFQ	118	0	0	0	0	0	0	0	0	0	0	0	0	64	0	0	0	0	0	0	0	0	0	34	0	0	0	0	23	0	0	0	0	46	0	0	0	0	102	0	0	0	296	0
LFQ	119	0	0	0	0	0	0	0	0	0	0	0	0	62	0	0	0	0	0	0	0	0	0	39	0	0	0	0	27	0	0	0	0	36	0	0	0	0	119	0	0	0	282	0
LFQ	120	0	0	0	0	0	0	0	0	0	0	0	0	69	0	0	0	0	0	0	0	0	0	18	0	0	0	0	31	0	0	0	0	39	0	0	0	0	121	0	0	0	287	0
LFQ	121	0	0	0	0	0	0	0	0	0	0	0	0	72	0	0	0	0	0	0	0	0	0	35	0	0	0	0	27	0	0	0	0	36	0	0	0	0	104	0	0	0	291	0
LFQ	122	0	0	0	0	0	0	0	0	0	0	0	0	68	0	0	0	0	0	0	0	0	0	29	0	0	0	0	25	0	0	0	0	33	0	0	0	0	85	0	0	0	325	0
LFQ	123	0	0	0	0	0	0	0	0	0	0	0	0	58	0	0	0	0	0	0	0	0	0	33	0	0	0	0	28	0	0	0	0	34	0	0	0	0	125	0	0	0	285	0
LFQ	124	0	0	0	0	0	0	0	0	1	0	0	0	76	0	0	0	0	0	0	0	0	0	29	0	0	0	0	20	0	0	0	0	42	0	0	0	0	108	0	0	0	287	0
LFQ	125	0	0	0	0	0	0	0	0	2	0	0	0	61	0	0	0	0	0	0	0	0	0	43	0	0	0	0	27	0	0	0	0	42	0	0	0	0	120	0	0	0	266	0
LFQ	126	0	0	0	0	0	0	0	0	3	0	0	0	73	0	0	0	0	0	0	0	0	0	29	0	0	0	0	31	0	0	0	0	52	0	0	0	0	125	0	0	0	248	0
LFQ	127	0	0	0	0	0	0	0	0	1	0	0	0	66	0	0	0	0	0	0	0	0	0	31	0	0	0	0	22	0	0	0	0	51	0	0	0	0	117	0	0	0	273	0
LFQ	128	0	0	0	0	0	0	0	0	4	0	0	0	69	0	0	0	0	0	0	0	0	0	21	0	0	0	0	31	0	0	0	0	41	0	0	0	0	117	0	0	0	277	0
LFQ	129	0	0	0	0	0	0	0	0	12	0	0	0	67	0	0	0	0	0	0	0	0	0	30	0	0	0	0	29	0	0	0	0	44	0	0	0	0	92	0	0	0	285	0
LFQ	130	0	0	0	0	0	0	0	0	16	0	0	0	56	0	0	0	0	0	0	0	0	0	34	0	0	0	0	33	0	0	0	0	57	0	0	0	0	115	0	0	0	248	0
LFQ	131	0	0	0	0	0	0	0	0	17	0	0	0	57	0	0	0	0	0	0	0	0	0	39	0	0	0	0	27	0	0	0	0	65	0	0	0	0	106	0	0	0	248	0
LFQ	132	0	0	0	0	0	0	0	0	16	0	0	0	63	0	0	0	0	0	0	0	0	0	24	0	0	0	0	30	0	0	0	0	66	0	0	0	0	95	0	0	0	263	0
LFQ	133	0	0	0	0	0	0	0	0	22	0	0	0	56	0	0	0	0	0	0	0	0	0	31	0	0	0	0	25	0	0	0	0	66	0	0	0	0	89	0	0	0	268	0
LFQ	134	0	0	0	0	0	0	0	0	26	0	0	0	53	0	0	0	0	0	0	0	0	0	29	0	0	0	0	34	0	0	0	0	63	0	0	0	0	103	0	0	0	248	0
LFQ	135	0	0	0	0	0	0	0	0	18	0	0	0	48	0	0	0	0	0	0	0	0	0	41	0	0	0	0	22	0	0	0	0	65	0	0	0	0	102	0	0	0	260	0
LFQ	136	0	0	0	0	0	0	0	0	27	0	0	0	68	0	0	0	0	0	0	0	0	0	22	0	0	0	0	27	0	0	0	0	68	0	0	0	0	107	0	0	0	236	0
LFQ	137	0	0	0	0	0	0	0	0	20	0	0	0	57	0	0	0	0	0	0	0	0	0	38	0	0	0	0	25	0	0	0	0	78	0	0	0	0	102	0	0	0	235	0
LFQ	138	0	0	0	0	0	0	0	0	26	0	0	0	50	0	0	0	0	0	0	0	0	0	29	0	0	0	0	45	0	0	0	0	93	0	0	0	0	94	0	0	0	218	0
LFQ	139	0	0	0	0	0	0	0	0	32	0	0	0	61	0	0	0	0	0	0	0	0	0	27	0	0	0	0	28	0	0	0	0	73	0	0	0	0	113	0	0	0	221	0
LFQ	140	0	0	0	0	0	0	0	0	25	0	0	0	69	0	0	0	0	0	0	0	0	0	38	0	0	0	0	23	0	0	0	0	51	0	0	0	0	107	0	0	0	241	0
LFQ	141	0	0	0	0	0	0	0	0	26	0	0	0	70	0	0	0	0	0	0	0	0	0	39	0	0	0	0	40	0	0	0	0	65	0	0	0	0	79	0	0	0	234	0
LFQ	142	0	0	0	0	0	0	0	0	19	0	0	0	61	0	0	0	0	0	0	0	0	0	33	0	0	0	0	40	0	0	0	0	89	0	0	0	0	65	0	0	0	245	0
LFQ	143	0	0	0	0	0	0	0	0	22	0	0	0	54	0	0	0	0	0	0	0	0	0	43	0	0	0	0	44	0	0	0	0	66	0	0	0	0	81	0	0	0	241	0
LFQ	144	0	0	0	0	0	0	0	0	24	0	0	0	52	0	0	0	0	0	0	0	0	0	40	0	0	0	0	39	0	0	0	0	63	0	0	0	0	93	0	0	0	238	0
LFQ	145	0	0	0	0	0	0	0	0	17	0	0	0	58	0	0	0	0	0	0	0	0	0	36	0	0	0	0	54	0	0	0	0	72	0	0	0	0	90	0	0	0	220	0
LFQ	146	0	0	0	0	0	0	0	0	22	0	0	0	47	0	0	0	0	0	0	0	0	0	41	0	0	0	0	43	0	0	0	0	86	0	0	0	0	83	0	0	0	224	0
LFQ	147	0	0	0	0	0	0	0	0	24	0	0	0	51	0	0	0	0	0	0	0	0	0	39	0	0	0	0	51	0	0	0	0	74	0	0	0	0	68	0	0	0	235	0
LFQ	148	0	0	0	0	0	0	0	0	21	0	0	0	60	0	0	0	0	0	0	0	0	0	39	0	0	0	0	37	0	0	0	0	75	0	0	0	0	79	0	0	0	223	0
LFQ	149	0	0	0	0	0	0	0	0	20	0	0	0	48	0	0	0	0	0	0	0	0	0	33	0	0	0	0	39	0	0	0	0	54	0	0	0	0	83	0	0	0	236	0
LFQ	150	0	0	0	0	0	0	0	0	13	0	0	0	23	0	0	0	0	0	0	0	0	0	43	0	0	0	0	52	0	0	0	0	67	0	0	0	0	76	0	0	0	215	0
LFQ	151	0	0	0	0	0	0	0	0	0	0	0	0	0	0	0	0	0	0	0	0	0	0	64	0	0	0	0	66	0	0	0	0	71	0	0	0	0	84	0	0	0	116	0
# GC Content of first fragments. Use `grep ^GCF | cut -f 2-` to extract this part.
GCF	9.05	0
GCF	18.59	2
GCF	19.35	1
GCF	19.85	2
GCF	20.35	0
GCF	20.85	1
GCF	21.36	3
GCF	21.86	2
GCF	22.61	3
GCF	23.37	0
GCF	24.37	5
GCF	25.38	4
GCF	25.88	8
GCF	26.38	5
GCF	26.88	6
GCF	27.39	3
GCF	27.89	16
GCF	28.39	12
GCF	28.89	9
GCF	29.40	8
GCF	29.90	6
GCF	30.40	10
GCF	30.90	9
GCF	31.41	8
GCF	31.91	17
GCF	32.41	4
GCF	32.91	15
GCF	33.42	17
GCF	33.92	16
GCF	34.42	11
GCF	34.92	18
GCF	35.43	16
GCF	35.93	26
GCF	36.43	15
GCF	36.93	18
GCF	37.44	16
GCF	37.94	3
GCF	38.44	12
GCF	38.94	18
GCF	39.45	17
GCF	39.95	8
GCF	40.45	7
GCF	41.21	5
GCF	41.96	13
GCF	42.46	6
GCF	42.96	3
GCF	43.47	5
GCF	44.22	6
GCF	44.97	5
GCF	45.73	6
GCF	46.73	7
GCF	47.49	4
GCF	47.99	3
GCF	48.49	6
GCF	49.25	3
GCF	50.00	5
GCF	50.50	8
GCF	51.01	2
GCF	51.76	1
GCF	52.76	5
GCF	53.52	4
GCF	54.02	6
GCF	54.52	3
GCF	55.28	2
GCF	56.28	4
GCF	57.04	6
GCF	57.54	3
GCF	58.04	2
GCF	58.54	3
GCF	59.05	4
GCF	59.55	7
GCF	60.05	10
GCF	60.80	8
GCF	61.56	9
GCF	62.31	10
GCF	63.07	13
GCF	63.57	2
GCF	64.07	9
GCF	64.57	7
GCF	65.08	11
GCF	65.58	5
GCF	66.33	7
GCF	67.09	9
GCF	67.59	4
GCF	68.09	7
GCF	68.84	6
GCF	69.60	3
GCF	70.35	4
GCF	71.11	0
GCF	71.61	3
GCF	72.11	2
GCF	72.86	4
GCF	73.62	3
GCF	74.12	1
GCF	74.87	0
GCF	75.63	1
GCF	76.63	0
GCF	77.64	1
GCF	78.14	0
GCF	78.89	1
# GC Content of last fragments. Use `grep ^GCL | cut -f 2-` to extract this part.
GCL	8.04	0
GCL	16.58	1
GCL	17.34	0
GCL	17.84	1
GCL	18.59	0
GCL	19.35	1
GCL	19.85	2
GCL	20.60	3
GCL	21.36	4
GCL	21.86	1
GCL	22.61	2
GCL	23.87	3
GCL	24.87	2
GCL	25.63	8
GCL	26.38	9
GCL	26.88	11
GCL	27.39	4
GCL	27.89	9
GCL	28.39	8
GCL	28.89	9
GCL	29.40	11
GCL	29.90	9
GCL	30.40	5
GCL	30.90	16
GCL	31.41	21
GCL	31.91	14
GCL	32.41	17
GCL	32.91	15
GCL	33.42	13
GCL	33.92	8
GCL	34.42	7
GCL	34.92	15
GCL	35.43	14
GCL	35.93	16
GCL	36.43	17
GCL	37.19	8
GCL	37.94	9
GCL	38.44	10
GCL	38.94	12
GCL	39.45	10
GCL	39.95	6
GCL	40.45	9
GCL	40.95	5
GCL	41.46	7
GCL	41.96	16
GCL	42.46	9
GCL	42.96	12
GCL	43.47	6
GCL	43.97	5
GCL	44.47	10
GCL	44.97	6
GCL	45.73	3
GCL	46.48	7
GCL	46.98	6
GCL	47.49	2
GCL	47.99	3
GCL	48.49	6
GCL	48.99	4
GCL	49.50	2
GCL	50.00	4
GCL	50.75	5
GCL	51.51	3
GCL	52.26	4
GCL	53.02	2
GCL	53.77	5
GCL	54.52	6
GCL	55.03	7
GCL	55.53	2
GCL	56.28	3
GCL	57.04	6
GCL	57.54	1
GCL	58.04	10
GCL	58.54	8
GCL	59.05	5
GCL	59.55	6
GCL	60.30	8
GCL	61.06	3
GCL	61.56	5
GCL	62.06	10
GCL	62.56	12
GCL	63.32	9
GCL	64.07	4
GCL	64.82	5
GCL	65.58	9
GCL	66.08	11
GCL	66.58	6
GCL	67.09	4
GCL	67.59	7
GCL	68.09	6
GCL	68.84	3
GCL	70.10	2
GCL	71.11	3
GCL	71.61	4
GCL	72.11	6
GCL	72.61	3
GCL	73.62	2
GCL	74.87	0
GCL	75.63	1
GCL	76.13	4
GCL	76.88	2
GCL	78.89	0
GCL	81.16	1
GCL	82.16	0
GCL	82.91	2
GCL	83.67	1
GCL	84.17	0
GCL	84.92	1
GCL	85.68	0
GCL	86.43	1
GCL	88.69	0
GCL	90.70	1
# ACGT content per cycle. Use `grep ^GCC | cut -f 2-` to extract this part. The columns are: cycle; A,C,G,T base counts as a percentage of all A/C/G/T bases [%]; and N and O counts as a percentage of all A/C/G/T bases [%]
GCC	1	22.67	26.49	29.16	21.69	0.98	0.00
GCC	2	27.73	23.24	21.39	27.64	0.00	0.00
GCC	3	27.38	24.65	20.77	27.20	0.00	0.00
GCC	4	30.90	20.16	23.77	25.18	0.00	0.00
GCC	5	30.72	22.45	19.45	27.38	0.00	0.00
GCC	6	29.84	22.01	20.25	27.90	0.00	0.00
GCC	7	29.31	18.75	22.98	28.96	0.00	0.00
GCC	8	28.26	22.71	20.51	28.52	0.00	0.00
GCC	9	23.50	23.50	22.62	30.37	0.00	0.00
GCC	10	34.24	19.63	20.07	26.06	0.00	0.00
GCC	11	28.08	23.59	22.18	26.14	0.00	0.00
GCC	12	26.85	23.68	23.06	26.41	0.00	0.00
GCC	13	26.32	23.15	22.89	27.64	0.00	0.00
GCC	14	29.67	20.69	22.54	27.11	0.00	0.00
GCC	15	29.58	23.15	21.57	25.70	0.00	0.00
GCC	16	26.32	21.04	21.39	31.25	0.00	0.00
GCC	17	26.23	22.18	27.29	24.30	0.00	0.00
GCC	18	27.55	23.68	21.21	27.55	0.00	0.00
GCC	19	30.19	23.68	20.77	25.35	0.00	0.00
GCC	20	28.79	22.54	20.07	28.61	0.00	0.00
GCC	21	25.97	22.36	22.36	29.31	0.00	0.00
GCC	22	29.49	21.48	21.74	27.29	0.00	0.00
GCC	23	28.87	22.45	21.30	27.38	0.00	0.00
GCC	24	27.02	23.68	23.06	26.23	0.00	0.00
GCC	25	30.46	19.81	23.86	25.88	0.00	0.00
GCC	26	30.37	22.01	19.89	27.73	0.00	0.00
GCC	27	28.03	23.25	20.95	27.76	0.44	0.00
GCC	28	30.90	21.48	20.51	27.11	0.00	0.00
GCC	29	28.17	19.98	21.39	30.46	0.00	0.00
GCC	30	27.55	20.25	22.62	29.58	0.00	0.00
GCC	31	26.94	23.59	21.39	28.08	0.00	0.00
GCC	32	26.41	24.12	20.07	29.40	0.00	0.00
GCC	33	26.06	24.12	22.62	27.20	0.00	0.00
GCC	34	28.26	20.77	22.10	28.87	0.00	0.00
GCC	35	29.93	21.83	21.92	26.32	0.00	0.00
GCC	36	27.46	24.38	22.27	25.88	0.00	0.00
GCC	37	28.17	20.42	22.89	28.52	0.00	0.00
GCC	38	27.38	21.65	24.91	26.06	0.00	0.00
GCC	39	28.17	23.42	21.21	27.20	0.00	0.00
GCC	40	30.48	22.82	19.56	27.14	0.09	0.00
GCC	41	30.37	20.07	21.39	28.17	0.00	0.00
GCC	42	28.52	22.01	21.48	27.99	0.00	0.00
GCC	43	29.75	19.89	24.65	25.70	0.00	0.00
GCC	44	26.26	19.56	24.41	29.78	0.09	0.00
GCC	45	25.53	24.82	20.77	28.87	0.00	0.00
GCC	46	29.16	20.62	23.96	26.26	0.09	0.00
GCC	47	25.81	22.73	22.20	29.25	0.09	0.00
GCC	48	27.05	23.61	21.94	27.40	0.09	0.00
GCC	49	27.02	22.01	22.89	28.08	0.00	0.00
GCC	50	26.06	24.65	20.33	28.96	0.00	0.00
GCC	51	26.76	20.60	24.91	27.73	0.00	0.00
GCC	52	29.75	21.57	20.69	27.99	0.00	0.00
GCC	53	29.05	23.42	22.62	24.91	0.00	0.00
GCC	54	25.97	22.18	22.98	28.87	0.00	0.00
GCC	55	29.05	22.98	22.71	25.26	0.00	0.00
GCC	56	30.81	21.65	23.06	24.47	0.00	0.00
GCC	57	27.29	22.01	21.57	29.14	0.00	0.00
GCC	58	28.35	21.83	22.45	27.38	0.00	0.00
GCC	59	29.75	21.39	21.21	27.64	0.00	0.00
GCC	60	29.14	22.89	22.62	25.35	0.00	0.00
GCC	61	28.52	19.72	23.86	27.90	0.00	0.00
GCC	62	26.06	22.36	24.21	27.38	0.00	0.00
GCC	63	27.64	23.94	21.13	27.29	0.00	0.00
GCC	64	29.84	23.06	20.95	26.14	0.00	0.00
GCC	65	26.94	20.86	23.24	28.96	0.00	0.00
GCC	66	30.11	20.95	22.18	26.76	0.00	0.00
GCC	67	26.76	24.21	22.01	27.02	0.00	0.00
GCC	68	28.17	21.39	22.80	27.64	0.00	0.00
GCC	69	29.05	21.21	24.56	25.18	0.00	0.00
GCC	70	28.17	23.24	22.01	26.58	0.00	0.00
GCC	71	29.49	21.65	22.89	25.97	0.00	0.00
GCC	72	25.18	20.33	25.00	29.49	0.00	0.00
GCC	73	26.85	22.10	24.30	26.76	0.00	0.00
GCC	74	27.73	23.50	20.07	28.70	0.00	0.00
GCC	75	26.94	22.01	24.21	26.85	0.00	0.00
GCC	76	28.43	20.86	24.47	26.23	0.00	0.00
GCC	77	25.70	22.71	21.65	29.93	0.00	0.00
GCC	78	28.52	21.65	23.50	26.32	0.00	0.00
GCC	79	28.17	22.18	23.06	26.58	0.00	0.00
GCC	80	28.17	23.59	22.36	25.88	0.00	0.00
GCC	81	28.17	22.10	23.50	26.23	0.00	0.00
GCC	82	29.14	21.48	23.50	25.88	0.00	0.00
GCC	83	27.73	18.93	22.98	30.37	0.00	0.00
GCC	84	25.44	20.69	22.98	30.90	0.00	0.00
GCC	85	26.23	21.74	23.59	28.43	0.00	0.00
GCC	86	28.17	24.12	20.33	27.38	0.00	0.00
GCC	87	29.23	19.72	24.12	26.94	0.00	0.00
GCC	88	27.38	20.60	24.30	27.73	0.00	0.00
GCC	89	25.88	24.74	21.04	28.35	0.00	0.00
GCC	90	29.23	22.27	22.10	26.41	0.00	0.00
GCC	91	30.02	21.04	23.50	25.44	0.00	0.00
GCC	92	26.58	22.01	23.50	27.90	0.00	0.00
GCC	93	26.06	25.44	20.07	28.43	0.00	0.00
GCC	94	27.38	20.86	23.86	27.90	0.00	0.00
GCC	95	28.08	22.10	21.48	28.35	0.00	0.00
GCC	96	23.59	25.70	22.27	28.43	0.00	0.00
GCC	97	25.70	24.82	22.62	26.85	0.00	0.00
GCC	98	28.96	22.45	23.50	25.09	0.00	0.00
GCC	99	26.94	23.59	22.27	27.20	0.00	0.00
GCC	100	28.26	20.60	24.21	26.94	0.00	0.00
GCC	101	31.34	21.65	21.74	25.26	0.00	0.00
GCC	102	27.02	23.15	24.21	25.62	0.00	0.00
GCC	103	27.11	22.71	23.33	26.85	0.00	0.00
GCC	104	29.31	22.71	24.03	23.94	0.00	0.00
GCC	105	25.88	25.70	22.62	25.79	0.00	0.00
GCC	106	28.43	22.10	22.27	27.20	0.00	0.00
GCC	107	27.55	21.92	21.83	28.70	0.00	0.00
GCC	108	28.37	23.61	21.67	26.34	0.00	0.00
GCC	109	29.34	17.97	25.02	27.67	0.00	0.00
GCC	110	28.47	22.46	22.99	26.08	0.35	0.00
GCC	111	27.40	24.85	20.88	26.87	0.00	0.00
GCC	112	30.13	21.76	20.62	27.49	0.00	0.00
GCC	113	30.25	20.72	23.37	25.66	0.00	0.00
GCC	114	29.10	24.51	22.40	23.99	0.00	0.00
GCC	115	28.04	23.28	22.93	25.75	0.00	0.00
GCC	116	26.39	21.36	24.10	28.16	0.00	0.00
GCC	117	26.21	22.07	24.71	27.01	0.00	0.00
GCC	118	26.79	23.52	23.08	26.61	0.00	0.00
GCC	119	25.11	23.08	23.17	28.65	0.00	0.00
GCC	120	29.97	21.40	22.90	25.73	0.00	0.00
GCC	121	27.06	20.07	25.55	27.32	0.00	0.00
GCC	122	26.19	22.92	23.36	27.52	0.00	0.00
GCC	123	29.96	20.21	23.58	26.24	0.00	0.00
GCC	124	27.84	21.10	22.07	28.99	0.00	0.00
GCC	125	24.60	24.16	23.98	27.26	0.00	0.00
GCC	126	27.53	22.74	24.25	25.49	0.00	0.00
GCC	127	28.77	22.38	22.20	26.64	0.00	0.00
GCC	128	26.93	21.78	23.38	27.91	0.00	0.00
GCC	129	28.56	20.28	22.86	28.29	0.00	0.00
GCC	130	28.38	20.46	21.89	29.27	0.00	0.00
GCC	131	29.36	22.60	21.00	27.05	0.00	0.00
GCC	132	25.49	22.28	23.44	28.79	0.00	0.00
GCC	133	29.50	20.05	25.76	24.69	0.00	0.00
GCC	134	27.74	21.94	23.10	27.21	0.00	0.00
GCC	135	27.77	23.21	23.93	25.09	0.00	0.00
GCC	136	29.49	21.45	21.45	27.61	0.00	0.00
GCC	137	28.51	22.88	21.89	26.72	0.00	0.00
GCC	138	25.83	24.40	21.98	27.79	0.00	0.00
GCC	139	27.10	20.66	24.51	27.73	0.00	0.00
GCC	140	26.32	22.11	24.17	27.39	0.00	0.00
GCC	141	26.52	21.42	24.82	27.24	0.00	0.00
GCC	142	26.19	24.48	24.30	25.02	0.00	0.00
GCC	143	27.74	20.56	21.63	30.07	0.00	0.00
GCC	144	27.32	18.85	25.43	28.40	0.00	0.00
GCC	145	30.11	22.69	19.80	27.40	0.00	0.00
GCC	146	29.08	24.46	20.02	26.45	0.00	0.00
GCC	147	27.39	22.84	21.11	28.66	0.00	0.00
GCC	148	27.09	22.87	19.74	30.30	0.00	0.00
GCC	149	27.76	20.06	21.48	30.70	0.00	0.00
GCC	150	25.78	24.22	20.69	29.31	0.00	0.00
GCC	151	26.26	27.50	23.12	23.12	0.00	0.00
# ACGT content per cycle, read oriented. Use `grep ^GCT | cut -f 2-` to extract this part. The columns are: cycle; A,C,G,T base counts as a percentage of all A/C/G/T bases [%]
GCT	1	23.82	26.49	29.16	20.53
GCT	2	29.23	22.18	22.45	26.14
GCT	3	26.23	25.00	20.42	28.35
GCT	4	31.34	18.93	25.00	24.74
GCT	5	32.31	20.95	20.95	25.79
GCT	6	32.39	21.30	20.95	25.35
GCT	7	28.52	18.57	23.15	29.75
GCT	8	29.23	22.71	20.51	27.55
GCT	9	24.03	24.12	22.01	29.84
GCT	10	34.68	19.98	19.72	25.62
GCT	11	27.99	22.89	22.89	26.23
GCT	12	27.20	23.24	23.50	26.06
GCT	13	25.18	23.33	22.71	28.79
GCT	14	29.23	21.74	21.48	27.55
GCT	15	27.73	24.03	20.69	27.55
GCT	16	27.38	20.42	22.01	30.19
GCT	17	27.02	22.71	26.76	23.50
GCT	18	27.29	22.98	21.92	27.82
GCT	19	29.75	22.98	21.48	25.79
GCT	20	29.67	22.10	20.51	27.73
GCT	21	26.94	22.18	22.54	28.35
GCT	22	28.52	21.65	21.57	28.26
GCT	23	29.75	22.18	21.57	26.50
GCT	24	26.94	22.62	24.12	26.32
GCT	25	30.99	19.89	23.77	25.35
GCT	26	29.93	20.60	21.30	28.17
GCT	27	28.21	23.17	21.04	27.59
GCT	28	30.55	20.51	21.48	27.46
GCT	29	28.70	19.19	22.18	29.93
GCT	30	27.64	19.19	23.68	29.49
GCT	31	27.29	24.03	20.95	27.73
GCT	32	28.70	23.33	20.86	27.11
GCT	33	26.23	24.03	22.71	27.02
GCT	34	30.90	22.62	20.25	26.23
GCT	35	29.31	23.42	20.33	26.94
GCT	36	27.20	23.50	23.15	26.14
GCT	37	27.73	20.60	22.71	28.96
GCT	38	28.35	21.65	24.91	25.09
GCT	39	26.76	24.03	20.60	28.61
GCT	40	29.43	22.73	19.65	28.19
GCT	41	30.46	20.95	20.51	28.08
GCT	42	29.49	23.24	20.25	27.02
GCT	43	29.40	19.98	24.56	26.06
GCT	44	27.75	19.65	24.32	28.28
GCT	45	24.74	25.00	20.60	29.67
GCT	46	28.37	20.09	24.49	27.05
GCT	47	25.99	22.82	22.11	29.07
GCT	48	26.61	23.96	21.59	27.84
GCT	49	26.94	21.30	23.59	28.17
GCT	50	26.32	24.82	20.16	28.70
GCT	51	25.88	21.92	23.59	28.61
GCT	52	29.49	21.57	20.69	28.26
GCT	53	28.43	24.12	21.92	25.53
GCT	54	25.97	21.57	23.59	28.87
GCT	55	27.55	24.03	21.65	26.76
GCT	56	29.14	22.54	22.18	26.14
GCT	57	27.73	22.18	21.39	28.70
GCT	58	29.14	22.18	22.10	26.58
GCT	59	29.75	22.36	20.25	27.64
GCT	60	29.75	23.06	22.45	24.74
GCT	61	28.08	18.84	24.74	28.35
GCT	62	27.38	22.01	24.56	26.06
GCT	63	27.55	23.94	21.13	27.38
GCT	64	30.63	23.24	20.77	25.35
GCT	65	27.46	22.18	21.92	28.43
GCT	66	30.28	20.51	22.62	26.58
GCT	67	26.32	23.86	22.36	27.46
GCT	68	28.70	20.42	23.77	27.11
GCT	69	27.38	21.74	24.03	26.85
GCT	70	28.52	22.98	22.27	26.23
GCT	71	28.79	22.10	22.45	26.67
GCT	72	26.50	20.51	24.82	28.17
GCT	73	27.90	23.59	22.80	25.70
GCT	74	29.23	24.91	18.66	27.20
GCT	75	25.62	23.42	22.80	28.17
GCT	76	28.08	21.83	23.50	26.58
GCT	77	26.76	23.15	21.21	28.87
GCT	78	27.99	21.74	23.42	26.85
GCT	79	27.29	22.27	22.98	27.46
GCT	80	27.29	23.68	22.27	26.76
GCT	81	28.79	23.33	22.27	25.62
GCT	82	29.67	21.57	23.42	25.35
GCT	83	30.02	18.31	23.59	28.08
GCT	84	26.23	21.74	21.92	30.11
GCT	85	28.35	22.36	22.98	26.32
GCT	86	27.20	23.42	21.04	28.35
GCT	87	30.37	20.95	22.89	25.79
GCT	88	28.79	21.39	23.50	26.32
GCT	89	28.08	26.14	19.63	26.14
GCT	90	28.96	23.15	21.21	26.67
GCT	91	28.79	22.18	22.36	26.67
GCT	92	27.29	21.57	23.94	27.20
GCT	93	26.32	24.56	20.95	28.17
GCT	94	28.43	21.65	23.06	26.85
GCT	95	29.49	21.48	22.10	26.94
GCT	96	25.35	25.09	22.89	26.67
GCT	97	27.99	23.86	23.59	24.56
GCT	98	27.82	23.15	22.80	26.23
GCT	99	25.00	24.03	21.83	29.14
GCT	100	25.97	21.04	23.77	29.23
GCT	101	30.90	21.65	21.74	25.70
GCT	102	25.70	22.98	24.38	26.94
GCT	103	27.82	22.62	23.42	26.14
GCT	104	28.08	22.98	23.77	25.18
GCT	105	25.44	24.47	23.86	26.23
GCT	106	27.99	23.15	21.21	27.64
GCT	107	28.17	23.50	20.25	28.08
GCT	108	28.55	24.23	21.06	26.17
GCT	109	31.10	19.12	23.88	25.90
GCT	110	30.15	22.72	22.72	24.40
GCT	111	27.84	25.90	19.82	26.43
GCT	112	31.01	22.03	20.35	26.61
GCT	113	29.81	21.08	23.02	26.10
GCT	114	28.04	23.72	23.19	25.04
GCT	115	28.66	23.81	22.40	25.13
GCT	116	27.01	21.36	24.10	27.54
GCT	117	25.33	22.15	24.62	27.89
GCT	118	26.44	25.20	21.40	26.97
GCT	119	27.50	23.96	22.28	26.26
GCT	120	27.32	21.13	23.17	28.38
GCT	121	28.03	21.49	24.14	26.35
GCT	122	27.35	20.97	25.31	26.37
GCT	123	28.90	21.01	22.78	27.30
GCT	124	28.63	20.39	22.78	28.19
GCT	125	24.25	26.11	22.02	27.62
GCT	126	27.18	24.16	22.82	25.84
GCT	127	29.84	22.02	22.56	25.58
GCT	128	25.69	21.96	23.20	29.16
GCT	129	27.14	21.00	22.15	29.72
GCT	130	29.98	19.22	23.13	27.67
GCT	131	29.80	22.51	21.09	26.60
GCT	132	26.11	23.98	21.75	28.16
GCT	133	28.70	21.93	23.89	25.49
GCT	134	27.12	21.14	23.91	27.83
GCT	135	27.23	24.11	23.04	25.62
GCT	136	30.12	21.54	21.36	26.99
GCT	137	26.27	22.61	22.16	28.95
GCT	138	26.36	25.11	21.27	27.26
GCT	139	27.73	22.36	22.81	27.10
GCT	140	26.50	22.47	23.81	27.22
GCT	141	23.84	22.31	23.92	29.93
GCT	142	26.55	25.38	23.41	24.66
GCT	143	29.89	18.94	23.25	27.92
GCT	144	29.22	20.38	23.90	26.51
GCT	145	31.37	22.88	19.62	26.13
GCT	146	28.44	23.64	20.83	27.08
GCT	147	27.93	22.57	21.38	28.12
GCT	148	29.48	21.85	20.75	27.92
GCT	149	29.85	20.91	20.63	28.61
GCT	150	26.86	22.94	21.96	28.24
GCT	151	23.68	25.59	25.03	25.70
# ACGT content per cycle for first fragments. Use `grep ^FBC | cut -f 2-` to extract this part. The columns are: cycle; A,C,G,T base counts as a percentage of all A/C/G/T bases [%]; and N and O counts as a percentage of all A/C/G/T bases [%]
FBC	1	21.42	23.72	31.86	23.01	0.53	0.00
FBC	2	27.99	19.37	23.94	28.70	0.00	0.00
FBC	3	29.23	25.35	18.13	27.29	0.00	0.00
FBC	4	33.63	19.19	24.30	22.89	0.00	0.00
FBC	5	29.93	22.89	18.84	28.35	0.00	0.00
FBC	6	26.94	22.54	22.71	27.82	0.00	0.00
FBC	7	30.63	17.96	22.89	28.52	0.00	0.00
FBC	8	30.11	23.59	18.13	28.17	0.00	0.00
FBC	9	23.42	23.42	22.89	30.28	0.00	0.00
FBC	10	33.27	19.89	20.42	26.41	0.00	0.00
FBC	11	28.70	22.36	22.18	26.76	0.00	0.00
FBC	12	27.46	24.30	23.24	25.00	0.00	0.00
FBC	13	24.30	23.77	24.12	27.82	0.00	0.00
FBC	14	29.58	20.77	23.42	26.23	0.00	0.00
FBC	15	29.05	25.88	19.01	26.06	0.00	0.00
FBC	16	28.87	21.13	20.07	29.93	0.00	0.00
FBC	17	27.99	21.65	25.53	24.82	0.00	0.00
FBC	18	26.58	23.42	22.18	27.82	0.00	0.00
FBC	19	30.99	25.18	18.84	25.00	0.00	0.00
FBC	20	29.40	21.48	20.77	28.35	0.00	0.00
FBC	21	25.88	22.01	20.60	31.51	0.00	0.00
FBC	22	27.99	21.30	20.60	30.11	0.00	0.00
FBC	23	29.05	21.13	20.60	29.23	0.00	0.00
FBC	24	27.99	22.36	22.54	27.11	0.00	0.00
FBC	25	32.39	20.07	23.06	24.47	0.00	0.00
FBC	26	33.27	19.89	21.48	25.35	0.00	0.00
FBC	27	28.40	24.87	19.93	26.81	0.18	0.00
FBC	28	32.57	22.18	21.13	24.12	0.00	0.00
FBC	29	27.29	20.25	23.42	29.05	0.00	0.00
FBC	30	29.40	20.07	23.06	27.46	0.00	0.00
FBC	31	27.46	25.18	22.71	24.65	0.00	0.00
FBC	32	28.70	24.82	19.37	27.11	0.00	0.00
FBC	33	29.05	25.70	20.77	24.47	0.00	0.00
FBC	34	29.40	20.25	21.48	28.87	0.00	0.00
FBC	35	29.75	22.01	23.06	25.18	0.00	0.00
FBC	36	26.06	26.58	20.25	27.11	0.00	0.00
FBC	37	27.11	19.54	23.24	30.11	0.00	0.00
FBC	38	27.29	21.30	27.64	23.77	0.00	0.00
FBC	39	30.63	23.06	19.54	26.76	0.00	0.00
FBC	40	30.16	23.10	19.75	26.98	0.18	0.00
FBC	41	32.22	18.66	20.60	28.52	0.00	0.00
FBC	42	28.17	23.42	21.30	27.11	0.00	0.00
FBC	43	30.63	19.89	24.47	25.00	0.00	0.00
FBC	44	27.87	18.69	25.04	28.40	0.18	0.00
FBC	45	24.47	27.99	18.84	28.70	0.00	0.00
FBC	46	29.81	20.28	23.10	26.81	0.18	0.00
FBC	47	27.34	21.16	22.05	29.45	0.18	0.00
FBC	48	27.87	23.99	20.46	27.69	0.18	0.00
FBC	49	28.17	20.25	22.71	28.87	0.00	0.00
FBC	50	27.29	22.71	20.25	29.75	0.00	0.00
FBC	51	27.99	21.30	23.77	26.94	0.00	0.00
FBC	52	32.75	19.89	19.89	27.46	0.00	0.00
FBC	53	28.52	23.94	21.13	26.41	0.00	0.00
FBC	54	27.46	20.60	24.30	27.64	0.00	0.00
FBC	55	29.05	25.00	21.13	24.82	0.00	0.00
FBC	56	32.22	22.71	23.06	22.01	0.00	0.00
FBC	57	29.23	23.06	19.37	28.35	0.00	0.00
FBC	58	29.40	21.48	22.36	26.76	0.00	0.00
FBC	59	27.99	21.48	21.65	28.87	0.00	0.00
FBC	60	29.58	25.00	21.65	23.77	0.00	0.00
FBC	61	28.17	17.43	24.82	29.58	0.00	0.00
FBC	62	25.70	21.65	23.42	29.23	0.00	0.00
FBC	63	27.99	22.89	21.30	27.82	0.00	0.00
FBC	64	28.52	22.36	22.36	26.76	0.00	0.00
FBC	65	29.23	20.77	22.89	27.11	0.00	0.00
FBC	66	30.63	21.83	20.95	26.58	0.00	0.00
FBC	67	28.70	24.12	21.65	25.53	0.00	0.00
FBC	68	27.46	19.37	22.71	30.46	0.00	0.00
FBC	69	28.35	22.89	24.47	24.30	0.00	0.00
FBC	70	25.70	24.47	22.89	26.94	0.00	0.00
FBC	71	28.70	23.06	21.65	26.58	0.00	0.00
FBC	72	26.06	20.77	27.82	25.35	0.00	0.00
FBC	73	27.64	19.72	24.65	27.99	0.00	0.00
FBC	74	29.58	23.42	19.19	27.82	0.00	0.00
FBC	75	23.77	23.24	24.30	28.70	0.00	0.00
FBC	76	27.99	20.42	25.00	26.58	0.00	0.00
FBC	77	26.06	22.54	23.77	27.64	0.00	0.00
FBC	78	27.99	22.89	22.89	26.23	0.00	0.00
FBC	79	29.23	21.13	22.89	26.76	0.00	0.00
FBC	80	25.53	26.06	22.89	25.53	0.00	0.00
FBC	81	28.70	23.77	23.59	23.94	0.00	0.00
FBC	82	32.04	19.37	22.54	26.06	0.00	0.00
FBC	83	28.17	18.49	23.24	30.11	0.00	0.00
FBC	84	24.47	19.89	24.30	31.34	0.00	0.00
FBC	85	28.52	20.25	25.35	25.88	0.00	0.00
FBC	86	28.35	27.46	19.72	24.47	0.00	0.00
FBC	87	27.64	20.42	25.70	26.23	0.00	0.00
FBC	88	28.52	19.89	23.59	27.99	0.00	0.00
FBC	89	27.29	25.18	20.25	27.29	0.00	0.00
FBC	90	28.17	22.18	23.59	26.06	0.00	0.00
FBC	91	27.99	20.42	23.77	27.82	0.00	0.00
FBC	92	25.53	24.12	22.54	27.82	0.00	0.00
FBC	93	23.59	25.35	20.07	30.99	0.00	0.00
FBC	94	28.70	23.06	20.60	27.64	0.00	0.00
FBC	95	26.94	23.06	20.77	29.23	0.00	0.00
FBC	96	23.59	24.47	21.13	30.81	0.00	0.00
FBC	97	25.88	23.59	23.59	26.94	0.00	0.00
FBC	98	27.99	21.30	24.12	26.58	0.00	0.00
FBC	99	27.11	25.00	20.42	27.46	0.00	0.00
FBC	100	29.58	21.13	24.12	25.18	0.00	0.00
FBC	101	32.57	20.77	21.48	25.18	0.00	0.00
FBC	102	27.46	22.01	24.82	25.70	0.00	0.00
FBC	103	27.11	21.48	22.89	28.52	0.00	0.00
FBC	104	29.23	22.54	24.30	23.94	0.00	0.00
FBC	105	24.12	25.18	24.65	26.06	0.00	0.00
FBC	106	28.87	22.01	19.89	29.23	0.00	0.00
FBC	107	25.70	22.89	21.65	29.75	0.00	0.00
FBC	108	28.70	23.77	22.18	25.35	0.00	0.00
FBC	109	30.81	17.78	24.47	26.94	0.00	0.00
FBC	110	28.70	21.30	23.42	26.58	0.00	0.00
FBC	111	27.99	24.47	18.13	29.40	0.00	0.00
FBC	112	31.87	20.25	19.19	28.70	0.00	0.00
FBC	113	28.57	21.87	23.99	25.57	0.00	0.00
FBC	114	29.98	22.75	22.75	24.51	0.00	0.00
FBC	115	28.04	23.10	24.51	24.34	0.00	0.00
FBC	116	29.28	21.69	23.46	25.57	0.00	0.00
FBC	117	24.51	21.87	26.63	26.98	0.00	0.00
FBC	118	27.03	22.08	22.26	28.62	0.00	0.00
FBC	119	25.27	21.20	22.79	30.74	0.00	0.00
FBC	120	30.57	23.32	21.02	25.09	0.00	0.00
FBC	121	28.62	19.26	24.91	27.21	0.00	0.00
FBC	122	27.61	22.30	22.83	27.26	0.00	0.00
FBC	123	29.91	18.23	25.31	26.55	0.00	0.00
FBC	124	28.14	22.12	22.65	27.08	0.00	0.00
FBC	125	26.19	23.19	24.78	25.84	0.00	0.00
FBC	126	25.13	21.77	25.31	27.79	0.00	0.00
FBC	127	27.96	21.59	24.07	26.37	0.00	0.00
FBC	128	24.78	23.36	22.83	29.03	0.00	0.00
FBC	129	27.26	21.06	23.01	28.67	0.00	0.00
FBC	130	27.79	21.24	20.00	30.97	0.00	0.00
FBC	131	28.32	23.54	20.71	27.43	0.00	0.00
FBC	132	25.31	22.65	23.36	28.67	0.00	0.00
FBC	133	31.86	18.05	27.43	22.65	0.00	0.00
FBC	134	28.85	20.88	24.78	25.49	0.00	0.00
FBC	135	29.26	23.76	24.82	22.16	0.00	0.00
FBC	136	27.48	21.81	22.34	28.37	0.00	0.00
FBC	137	27.48	22.52	21.10	28.90	0.00	0.00
FBC	138	25.89	25.71	20.92	27.48	0.00	0.00
FBC	139	27.00	22.91	21.85	28.24	0.00	0.00
FBC	140	24.69	22.20	22.20	30.91	0.00	0.00
FBC	141	26.11	22.38	26.29	25.22	0.00	0.00
FBC	142	26.29	24.33	23.45	25.93	0.00	0.00
FBC	143	29.31	20.25	18.65	31.79	0.00	0.00
FBC	144	25.54	19.82	24.82	29.82	0.00	0.00
FBC	145	29.52	22.00	18.96	29.52	0.00	0.00
FBC	146	29.21	24.37	18.28	28.14	0.00	0.00
FBC	147	28.55	23.34	18.85	29.26	0.00	0.00
FBC	148	27.03	22.34	19.46	31.17	0.00	0.00
FBC	149	26.53	19.85	20.59	33.02	0.00	0.00
FBC	150	23.35	26.37	21.66	28.63	0.00	0.00
FBC	151	27.35	25.10	23.67	23.88	0.00	0.00
# ACGT raw counters for first fragments. Use `grep ^FTC | cut -f 2-` to extract this part. The columns are: A,C,G,T,N base counters
FTC	24025	18988	19159	23299	9
# ACGT content per cycle for last fragments. Use `grep ^LBC | cut -f 2-` to extract this part. The columns are: cycle; A,C,G,T base counts as a percentage of all A/C/G/T bases [%]; and N and O counts as a percentage of all A/C/G/T bases [%]
LBC	1	23.93	29.29	26.43	20.36	1.43	0.00
LBC	2	27.46	27.11	18.84	26.58	0.00	0.00
LBC	3	25.53	23.94	23.42	27.11	0.00	0.00
LBC	4	28.17	21.13	23.24	27.46	0.00	0.00
LBC	5	31.51	22.01	20.07	26.41	0.00	0.00
LBC	6	32.75	21.48	17.78	27.99	0.00	0.00
LBC	7	27.99	19.54	23.06	29.40	0.00	0.00
LBC	8	26.41	21.83	22.89	28.87	0.00	0.00
LBC	9	23.59	23.59	22.36	30.46	0.00	0.00
LBC	10	35.21	19.37	19.72	25.70	0.00	0.00
LBC	11	27.46	24.82	22.18	25.53	0.00	0.00
LBC	12	26.23	23.06	22.89	27.82	0.00	0.00
LBC	13	28.35	22.54	21.65	27.46	0.00	0.00
LBC	14	29.75	20.60	21.65	27.99	0.00	0.00
LBC	15	30.11	20.42	24.12	25.35	0.00	0.00
LBC	16	23.77	20.95	22.71	32.57	0.00	0.00
LBC	17	24.47	22.71	29.05	23.77	0.00	0.00
LBC	18	28.52	23.94	20.25	27.29	0.00	0.00
LBC	19	29.40	22.18	22.71	25.70	0.00	0.00
LBC	20	28.17	23.59	19.37	28.87	0.00	0.00
LBC	21	26.06	22.71	24.12	27.11	0.00	0.00
LBC	22	30.99	21.65	22.89	24.47	0.00	0.00
LBC	23	28.70	23.77	22.01	25.53	0.00	0.00
LBC	24	26.06	25.00	23.59	25.35	0.00	0.00
LBC	25	28.52	19.54	24.65	27.29	0.00	0.00
LBC	26	27.46	24.12	18.31	30.11	0.00	0.00
LBC	27	27.66	21.63	21.99	28.72	0.71	0.00
LBC	28	29.23	20.77	19.89	30.11	0.00	0.00
LBC	29	29.05	19.72	19.37	31.87	0.00	0.00
LBC	30	25.70	20.42	22.18	31.69	0.00	0.00
LBC	31	26.41	22.01	20.07	31.51	0.00	0.00
LBC	32	24.12	23.42	20.77	31.69	0.00	0.00
LBC	33	23.06	22.54	24.47	29.93	0.00	0.00
LBC	34	27.11	21.30	22.71	28.87	0.00	0.00
LBC	35	30.11	21.65	20.77	27.46	0.00	0.00
LBC	36	28.87	22.18	24.30	24.65	0.00	0.00
LBC	37	29.23	21.30	22.54	26.94	0.00	0.00
LBC	38	27.46	22.01	22.18	28.35	0.00	0.00
LBC	39	25.70	23.77	22.89	27.64	0.00	0.00
LBC	40	30.81	22.54	19.37	27.29	0.00	0.00
LBC	41	28.52	21.48	22.18	27.82	0.00	0.00
LBC	42	28.87	20.60	21.65	28.87	0.00	0.00
LBC	43	28.87	19.89	24.82	26.41	0.00	0.00
LBC	44	24.65	20.42	23.77	31.16	0.00	0.00
LBC	45	26.58	21.65	22.71	29.05	0.00	0.00
LBC	46	28.52	20.95	24.82	25.70	0.00	0.00
LBC	47	24.30	24.30	22.36	29.05	0.00	0.00
LBC	48	26.23	23.24	23.42	27.11	0.00	0.00
LBC	49	25.88	23.77	23.06	27.29	0.00	0.00
LBC	50	24.82	26.58	20.42	28.17	0.00	0.00
LBC	51	25.53	19.89	26.06	28.52	0.00	0.00
LBC	52	26.76	23.24	21.48	28.52	0.00	0.00
LBC	53	29.58	22.89	24.12	23.42	0.00	0.00
LBC	54	24.47	23.77	21.65	30.11	0.00	0.00
LBC	55	29.05	20.95	24.30	25.70	0.00	0.00
LBC	56	29.40	20.60	23.06	26.94	0.00	0.00
LBC	57	25.35	20.95	23.77	29.93	0.00	0.00
LBC	58	27.29	22.18	22.54	27.99	0.00	0.00
LBC	59	31.51	21.30	20.77	26.41	0.00	0.00
LBC	60	28.70	20.77	23.59	26.94	0.00	0.00
LBC	61	28.87	22.01	22.89	26.23	0.00	0.00
LBC	62	26.41	23.06	25.00	25.53	0.00	0.00
LBC	63	27.29	25.00	20.95	26.76	0.00	0.00
LBC	64	31.16	23.77	19.54	25.53	0.00	0.00
LBC	65	24.65	20.95	23.59	30.81	0.00	0.00
LBC	66	29.58	20.07	23.42	26.94	0.00	0.00
LBC	67	24.82	24.30	22.36	28.52	0.00	0.00
LBC	68	28.87	23.42	22.89	24.82	0.00	0.00
LBC	69	29.75	19.54	24.65	26.06	0.00	0.00
LBC	70	30.63	22.01	21.13	26.23	0.00	0.00
LBC	71	30.28	20.25	24.12	25.35	0.00	0.00
LBC	72	24.30	19.89	22.18	33.63	0.00	0.00
LBC	73	26.06	24.47	23.94	25.53	0.00	0.00
LBC	74	25.88	23.59	20.95	29.58	0.00	0.00
LBC	75	30.11	20.77	24.12	25.00	0.00	0.00
LBC	76	28.87	21.30	23.94	25.88	0.00	0.00
LBC	77	25.35	22.89	19.54	32.22	0.00	0.00
LBC	78	29.05	20.42	24.12	26.41	0.00	0.00
LBC	79	27.11	23.24	23.24	26.41	0.00	0.00
LBC	80	30.81	21.13	21.83	26.23	0.00	0.00
LBC	81	27.64	20.42	23.42	28.52	0.00	0.00
LBC	82	26.23	23.59	24.47	25.70	0.00	0.00
LBC	83	27.29	19.37	22.71	30.63	0.00	0.00
LBC	84	26.41	21.48	21.65	30.46	0.00	0.00
LBC	85	23.94	23.24	21.83	30.99	0.00	0.00
LBC	86	27.99	20.77	20.95	30.28	0.00	0.00
LBC	87	30.81	19.01	22.54	27.64	0.00	0.00
LBC	88	26.23	21.30	25.00	27.46	0.00	0.00
LBC	89	24.47	24.30	21.83	29.40	0.00	0.00
LBC	90	30.28	22.36	20.60	26.76	0.00	0.00
LBC	91	32.04	21.65	23.24	23.06	0.00	0.00
LBC	92	27.64	19.89	24.47	27.99	0.00	0.00
LBC	93	28.52	25.53	20.07	25.88	0.00	0.00
LBC	94	26.06	18.66	27.11	28.17	0.00	0.00
LBC	95	29.23	21.13	22.18	27.46	0.00	0.00
LBC	96	23.59	26.94	23.42	26.06	0.00	0.00
LBC	97	25.53	26.06	21.65	26.76	0.00	0.00
LBC	98	29.93	23.59	22.89	23.59	0.00	0.00
LBC	99	26.76	22.18	24.12	26.94	0.00	0.00
LBC	100	26.94	20.07	24.30	28.70	0.00	0.00
LBC	101	30.11	22.54	22.01	25.35	0.00	0.00
LBC	102	26.58	24.30	23.59	25.53	0.00	0.00
LBC	103	27.11	23.94	23.77	25.18	0.00	0.00
LBC	104	29.40	22.89	23.77	23.94	0.00	0.00
LBC	105	27.64	26.23	20.60	25.53	0.00	0.00
LBC	106	27.99	22.18	24.65	25.18	0.00	0.00
LBC	107	29.40	20.95	22.01	27.64	0.00	0.00
LBC	108	28.04	23.46	21.16	27.34	0.00	0.00
LBC	109	27.87	18.17	25.57	28.40	0.00	0.00
LBC	110	28.24	23.62	22.56	25.58	0.71	0.00
LBC	111	26.81	25.22	23.63	24.34	0.00	0.00
LBC	112	28.40	23.28	22.05	26.28	0.00	0.00
LBC	113	31.92	19.58	22.75	25.75	0.00	0.00
LBC	114	28.22	26.28	22.05	23.46	0.00	0.00
LBC	115	28.04	23.46	21.34	27.16	0.00	0.00
LBC	116	23.50	21.02	24.73	30.74	0.00	0.00
LBC	117	27.92	22.26	22.79	27.03	0.00	0.00
LBC	118	26.55	24.96	23.89	24.60	0.00	0.00
LBC	119	24.96	24.96	23.54	26.55	0.00	0.00
LBC	120	29.38	19.47	24.78	26.37	0.00	0.00
LBC	121	25.49	20.88	26.19	27.43	0.00	0.00
LBC	122	24.78	23.54	23.89	27.79	0.00	0.00
LBC	123	30.02	22.20	21.85	25.93	0.00	0.00
LBC	124	27.53	20.07	21.49	30.91	0.00	0.00
LBC	125	22.99	25.13	23.17	28.70	0.00	0.00
LBC	126	29.95	23.71	23.17	23.17	0.00	0.00
LBC	127	29.59	23.17	20.32	26.92	0.00	0.00
LBC	128	29.11	20.18	23.93	26.79	0.00	0.00
LBC	129	29.87	19.50	22.72	27.91	0.00	0.00
LBC	130	28.98	19.68	23.79	27.55	0.00	0.00
LBC	131	30.41	21.65	21.29	26.65	0.00	0.00
LBC	132	25.67	21.90	23.52	28.90	0.00	0.00
LBC	133	27.11	22.08	24.06	26.75	0.00	0.00
LBC	134	26.62	23.02	21.40	28.96	0.00	0.00
LBC	135	26.26	22.66	23.02	28.06	0.00	0.00
LBC	136	31.53	21.08	20.54	26.85	0.00	0.00
LBC	137	29.55	23.24	22.70	24.50	0.00	0.00
LBC	138	25.77	23.06	23.06	28.11	0.00	0.00
LBC	139	27.21	18.38	27.21	27.21	0.00	0.00
LBC	140	27.98	22.02	26.17	23.83	0.00	0.00
LBC	141	26.94	20.43	23.33	29.29	0.00	0.00
LBC	142	26.09	24.64	25.18	24.09	0.00	0.00
LBC	143	26.13	20.87	24.68	28.31	0.00	0.00
LBC	144	29.14	17.85	26.05	26.96	0.00	0.00
LBC	145	30.71	23.40	20.66	25.23	0.00	0.00
LBC	146	28.94	24.54	21.79	24.73	0.00	0.00
LBC	147	26.20	22.32	23.43	28.04	0.00	0.00
LBC	148	27.15	23.41	20.04	29.40	0.00	0.00
LBC	149	29.04	20.27	22.42	28.27	0.00	0.00
LBC	150	28.43	21.88	19.63	30.06	0.00	0.00
LBC	151	24.94	30.42	22.44	22.19	0.00	0.00
# ACGT raw counters for last fragments. Use `grep ^LTC | cut -f 2-` to extract this part. The columns are: A,C,G,T,N base counters
LTC	23563	18948	19334	23231	16
# Insert sizes. Use `grep ^IS | cut -f 2-` to extract this part. The columns are: insert size, pairs total, inward oriented pairs, outward oriented pairs, other pairs
IS	0	1	1	0	0
IS	1	0	0	0	0
IS	2	0	0	0	0
IS	3	0	0	0	0
IS	4	0	0	0	0
IS	5	0	0	0	0
IS	6	0	0	0	0
IS	7	0	0	0	0
IS	8	0	0	0	0
IS	9	0	0	0	0
IS	10	0	0	0	0
IS	11	0	0	0	0
IS	12	0	0	0	0
IS	13	0	0	0	0
IS	14	0	0	0	0
IS	15	0	0	0	0
IS	16	0	0	0	0
IS	17	0	0	0	0
IS	18	0	0	0	0
IS	19	0	0	0	0
IS	20	0	0	0	0
IS	21	0	0	0	0
IS	22	0	0	0	0
IS	23	0	0	0	0
IS	24	0	0	0	0
IS	25	0	0	0	0
IS	26	0	0	0	0
IS	27	0	0	0	0
IS	28	0	0	0	0
IS	29	0	0	0	0
IS	30	0	0	0	0
IS	31	0	0	0	0
IS	32	0	0	0	0
IS	33	0	0	0	0
IS	34	0	0	0	0
IS	35	0	0	0	0
IS	36	0	0	0	0
IS	37	0	0	0	0
IS	38	0	0	0	0
IS	39	0	0	0	0
IS	40	0	0	0	0
IS	41	0	0	0	0
IS	42	0	0	0	0
IS	43	0	0	0	0
IS	44	0	0	0	0
IS	45	0	0	0	0
IS	46	0	0	0	0
IS	47	0	0	0	0
IS	48	0	0	0	0
IS	49	0	0	0	0
IS	50	0	0	0	0
IS	51	0	0	0	0
IS	52	0	0	0	0
IS	53	0	0	0	0
IS	54	0	0	0	0
IS	55	0	0	0	0
IS	56	0	0	0	0
IS	57	0	0	0	0
IS	58	0	0	0	0
IS	59	0	0	0	0
IS	60	0	0	0	0
IS	61	0	0	0	0
IS	62	0	0	0	0
IS	63	0	0	0	0
IS	64	0	0	0	0
IS	65	0	0	0	0
IS	66	0	0	0	0
IS	67	0	0	0	0
IS	68	0	0	0	0
IS	69	0	0	0	0
IS	70	0	0	0	0
IS	71	0	0	0	0
IS	72	0	0	0	0
IS	73	0	0	0	0
IS	74	0	0	0	0
IS	75	0	0	0	0
IS	76	0	0	0	0
IS	77	0	0	0	0
IS	78	0	0	0	0
IS	79	0	0	0	0
IS	80	0	0	0	0
IS	81	0	0	0	0
IS	82	0	0	0	0
IS	83	0	0	0	0
IS	84	0	0	0	0
IS	85	0	0	0	0
IS	86	0	0	0	0
IS	87	0	0	0	0
IS	88	0	0	0	0
IS	89	0	0	0	0
IS	90	0	0	0	0
IS	91	0	0	0	0
IS	92	0	0	0	0
IS	93	0	0	0	0
IS	94	0	0	0	0
IS	95	0	0	0	0
IS	96	0	0	0	0
IS	97	0	0	0	0
IS	98	0	0	0	0
IS	99	0	0	0	0
IS	100	0	0	0	0
IS	101	0	0	0	0
IS	102	0	0	0	0
IS	103	0	0	0	0
IS	104	0	0	0	0
IS	105	0	0	0	0
IS	106	0	0	0	0
IS	107	0	0	0	0
IS	108	0	0	0	0
IS	109	0	0	0	0
IS	110	0	0	0	0
IS	111	0	0	0	0
IS	112	0	0	0	0
IS	113	0	0	0	0
IS	114	0	0	0	0
IS	115	0	0	0	0
IS	116	0	0	0	0
IS	117	0	0	0	0
IS	118	0	0	0	0
IS	119	0	0	0	0
IS	120	0	0	0	0
IS	121	0	0	0	0
IS	122	0	0	0	0
IS	123	0	0	0	0
IS	124	0	0	0	0
IS	125	0	0	0	0
IS	126	0	0	0	0
IS	127	0	0	0	0
IS	128	0	0	0	0
IS	129	0	0	0	0
IS	130	0	0	0	0
IS	131	0	0	0	0
IS	132	0	0	0	0
IS	133	0	0	0	0
IS	134	0	0	0	0
IS	135	0	0	0	0
IS	136	0	0	0	0
IS	137	0	0	0	0
IS	138	0	0	0	0
IS	139	0	0	0	0
IS	140	0	0	0	0
IS	141	0	0	0	0
IS	142	0	0	0	0
IS	143	0	0	0	0
IS	144	0	0	0	0
IS	145	0	0	0	0
IS	146	0	0	0	0
IS	147	0	0	0	0
IS	148	0	0	0	0
IS	149	0	0	0	0
IS	150	0	0	0	0
IS	151	0	0	0	0
IS	152	0	0	0	0
IS	153	0	0	0	0
IS	154	1	1	0	0
IS	155	0	0	0	0
IS	156	0	0	0	0
IS	157	0	0	0	0
IS	158	0	0	0	0
IS	159	0	0	0	0
IS	160	0	0	0	0
IS	161	0	0	0	0
IS	162	0	0	0	0
IS	163	0	0	0	0
IS	164	0	0	0	0
IS	165	0	0	0	0
IS	166	0	0	0	0
IS	167	0	0	0	0
IS	168	0	0	0	0
IS	169	0	0	0	0
IS	170	0	0	0	0
IS	171	0	0	0	0
IS	172	0	0	0	0
IS	173	0	0	0	0
IS	174	0	0	0	0
IS	175	0	0	0	0
IS	176	0	0	0	0
IS	177	0	0	0	0
IS	178	0	0	0	0
IS	179	0	0	0	0
IS	180	0	0	0	0
IS	181	0	0	0	0
IS	182	0	0	0	0
IS	183	0	0	0	0
IS	184	0	0	0	0
IS	185	0	0	0	0
IS	186	0	0	0	0
IS	187	0	0	0	0
IS	188	1	1	0	0
IS	189	0	0	0	0
IS	190	0	0	0	0
IS	191	0	0	0	0
IS	192	0	0	0	0
IS	193	0	0	0	0
IS	194	0	0	0	0
IS	195	0	0	0	0
IS	196	0	0	0	0
IS	197	0	0	0	0
IS	198	0	0	0	0
IS	199	0	0	0	0
IS	200	1	1	0	0
IS	201	0	0	0	0
IS	202	0	0	0	0
IS	203	0	0	0	0
IS	204	0	0	0	0
IS	205	0	0	0	0
IS	206	1	1	0	0
IS	207	1	1	0	0
IS	208	0	0	0	0
IS	209	0	0	0	0
IS	210	0	0	0	0
IS	211	0	0	0	0
IS	212	0	0	0	0
IS	213	0	0	0	0
IS	214	1	1	0	0
IS	215	0	0	0	0
IS	216	0	0	0	0
IS	217	0	0	0	0
IS	218	0	0	0	0
IS	219	1	1	0	0
IS	220	0	0	0	0
IS	221	0	0	0	0
IS	222	1	1	0	0
IS	223	0	0	0	0
IS	224	0	0	0	0
IS	225	1	1	0	0
IS	226	0	0	0	0
IS	227	0	0	0	0
IS	228	0	0	0	0
IS	229	1	1	0	0
IS	230	0	0	0	0
IS	231	0	0	0	0
IS	232	0	0	0	0
IS	233	0	0	0	0
IS	234	0	0	0	0
IS	235	0	0	0	0
IS	236	1	1	0	0
IS	237	0	0	0	0
IS	238	1	1	0	0
IS	239	0	0	0	0
IS	240	0	0	0	0
IS	241	0	0	0	0
IS	242	1	1	0	0
IS	243	0	0	0	0
IS	244	0	0	0	0
IS	245	0	0	0	0
IS	246	0	0	0	0
IS	247	0	0	0	0
IS	248	0	0	0	0
IS	249	1	1	0	0
IS	250	0	0	0	0
IS	251	0	0	0	0
IS	252	0	0	0	0
IS	253	0	0	0	0
IS	254	1	1	0	0
IS	255	0	0	0	0
IS	256	0	0	0	0
IS	257	1	1	0	0
IS	258	1	1	0	0
IS	259	2	2	0	0
IS	260	0	0	0	0
IS	261	1	1	0	0
IS	262	1	1	0	0
IS	263	0	0	0	0
IS	264	0	0	0	0
IS	265	0	0	0	0
IS	266	0	0	0	0
IS	267	0	0	0	0
IS	268	0	0	0	0
IS	269	0	0	0	0
IS	270	0	0	0	0
IS	271	2	2	0	0
IS	272	2	2	0	0
IS	273	0	0	0	0
IS	274	1	1	0	0
IS	275	2	2	0	0
IS	276	0	0	0	0
IS	277	1	1	0	0
IS	278	0	0	0	0
IS	279	0	0	0	0
IS	280	1	1	0	0
IS	281	1	1	0	0
IS	282	0	0	0	0
IS	283	0	0	0	0
IS	284	0	0	0	0
IS	285	1	1	0	0
IS	286	0	0	0	0
IS	287	0	0	0	0
IS	288	0	0	0	0
IS	289	0	0	0	0
IS	290	0	0	0	0
IS	291	1	1	0	0
IS	292	0	0	0	0
IS	293	0	0	0	0
IS	294	0	0	0	0
IS	295	0	0	0	0
IS	296	1	1	0	0
IS	297	0	0	0	0
IS	298	0	0	0	0
IS	299	0	0	0	0
IS	300	0	0	0	0
IS	301	0	0	0	0
IS	302	0	0	0	0
IS	303	0	0	0	0
IS	304	1	1	0	0
IS	305	1	1	0	0
IS	306	0	0	0	0
IS	307	0	0	0	0
IS	308	0	0	0	0
IS	309	0	0	0	0
IS	310	0	0	0	0
IS	311	0	0	0	0
IS	312	2	2	0	0
IS	313	0	0	0	0
IS	314	2	2	0	0
IS	315	0	0	0	0
IS	316	0	0	0	0
IS	317	0	0	0	0
IS	318	0	0	0	0
IS	319	1	1	0	0
IS	320	0	0	0	0
IS	321	1	1	0	0
IS	322	0	0	0	0
IS	323	0	0	0	0
IS	324	0	0	0	0
IS	325	1	1	0	0
IS	326	2	2	0	0
IS	327	1	1	0	0
IS	328	0	0	0	0
IS	329	0	0	0	0
IS	330	2	2	0	0
IS	331	0	0	0	0
IS	332	1	1	0	0
IS	333	1	1	0	0
IS	334	2	2	0	0
IS	335	0	0	0	0
IS	336	1	1	0	0
IS	337	2	2	0	0
IS	338	0	0	0	0
IS	339	0	0	0	0
IS	340	1	1	0	0
IS	341	2	2	0	0
IS	342	0	0	0	0
IS	343	0	0	0	0
IS	344	0	0	0	0
IS	345	0	0	0	0
IS	346	2	2	0	0
IS	347	0	0	0	0
IS	348	0	0	0	0
IS	349	0	0	0	0
IS	350	0	0	0	0
IS	351	0	0	0	0
IS	352	3	3	0	0
IS	353	1	1	0	0
IS	354	1	1	0	0
IS	355	1	1	0	0
IS	356	1	1	0	0
IS	357	0	0	0	0
IS	358	0	0	0	0
IS	359	0	0	0	0
IS	360	2	2	0	0
IS	361	1	1	0	0
IS	362	0	0	0	0
IS	363	0	0	0	0
IS	364	0	0	0	0
IS	365	0	0	0	0
IS	366	3	3	0	0
IS	367	3	3	0	0
IS	368	3	3	0	0
IS	369	1	1	0	0
IS	370	1	1	0	0
IS	371	1	1	0	0
IS	372	0	0	0	0
IS	373	0	0	0	0
IS	374	0	0	0	0
IS	375	1	1	0	0
IS	376	0	0	0	0
IS	377	2	2	0	0
IS	378	1	1	0	0
IS	379	1	1	0	0
IS	380	1	1	0	0
IS	381	0	0	0	0
IS	382	0	0	0	0
IS	383	1	1	0	0
IS	384	0	0	0	0
IS	385	1	1	0	0
IS	386	0	0	0	0
IS	387	2	2	0	0
IS	388	2	2	0	0
IS	389	0	0	0	0
IS	390	1	1	0	0
IS	391	1	1	0	0
IS	392	0	0	0	0
IS	393	0	0	0	0
IS	394	0	0	0	0
IS	395	1	1	0	0
IS	396	2	2	0	0
IS	397	0	0	0	0
IS	398	0	0	0	0
IS	399	0	0	0	0
IS	400	0	0	0	0
IS	401	0	0	0	0
IS	402	0	0	0	0
IS	403	2	2	0	0
IS	404	0	0	0	0
IS	405	1	1	0	0
IS	406	2	2	0	0
IS	407	2	2	0	0
IS	408	0	0	0	0
IS	409	1	1	0	0
IS	410	0	0	0	0
IS	411	1	1	0	0
IS	412	1	1	0	0
IS	413	3	3	0	0
IS	414	1	1	0	0
IS	415	0	0	0	0
IS	416	0	0	0	0
IS	417	0	0	0	0
IS	418	1	1	0	0
IS	419	0	0	0	0
IS	420	2	2	0	0
IS	421	1	1	0	0
IS	422	0	0	0	0
IS	423	3	3	0	0
IS	424	0	0	0	0
IS	425	0	0	0	0
IS	426	3	3	0	0
IS	427	0	0	0	0
IS	428	0	0	0	0
IS	429	1	1	0	0
IS	430	1	1	0	0
IS	431	2	2	0	0
IS	432	1	1	0	0
IS	433	1	1	0	0
IS	434	1	1	0	0
IS	435	3	3	0	0
IS	436	0	0	0	0
IS	437	2	2	0	0
IS	438	1	1	0	0
IS	439	1	1	0	0
IS	440	1	1	0	0
IS	441	4	4	0	0
IS	442	0	0	0	0
IS	443	3	3	0	0
IS	444	0	0	0	0
IS	445	2	2	0	0
IS	446	2	2	0	0
IS	447	2	2	0	0
IS	448	0	0	0	0
IS	449	2	2	0	0
IS	450	4	4	0	0
IS	451	0	0	0	0
IS	452	0	0	0	0
IS	453	3	3	0	0
IS	454	0	0	0	0
IS	455	0	0	0	0
IS	456	3	3	0	0
IS	457	4	4	0	0
IS	458	2	2	0	0
IS	459	2	2	0	0
IS	460	1	1	0	0
IS	461	0	0	0	0
IS	462	5	5	0	0
IS	463	1	1	0	0
IS	464	2	2	0	0
IS	465	0	0	0	0
IS	466	0	0	0	0
IS	467	1	1	0	0
IS	468	0	0	0	0
IS	469	2	2	0	0
IS	470	0	0	0	0
IS	471	1	1	0	0
IS	472	0	0	0	0
IS	473	1	1	0	0
IS	474	0	0	0	0
IS	475	1	1	0	0
IS	476	0	0	0	0
IS	477	3	3	0	0
IS	478	0	0	0	0
IS	479	0	0	0	0
IS	480	0	0	0	0
IS	481	0	0	0	0
IS	482	0	0	0	0
IS	483	1	1	0	0
IS	484	0	0	0	0
IS	485	0	0	0	0
IS	486	0	0	0	0
IS	487	0	0	0	0
IS	488	0	0	0	0
IS	489	1	1	0	0
IS	490	1	1	0	0
IS	491	0	0	0	0
IS	492	0	0	0	0
IS	493	0	0	0	0
IS	494	0	0	0	0
IS	495	0	0	0	0
IS	496	0	0	0	0
IS	497	1	1	0	0
# Read lengths. Use `grep ^RL | cut -f 2-` to extract this part. The columns are: read length, count
RL	107	1
RL	112	1
RL	115	1
RL	117	2
RL	121	1
RL	122	2
RL	124	2
RL	127	1
RL	128	1
RL	131	2
RL	133	1
RL	134	1
RL	135	1
RL	138	1
RL	139	1
RL	140	1
RL	141	1
RL	142	1
RL	143	5
RL	144	3
RL	145	2
RL	146	5
RL	147	10
RL	148	37
RL	149	32
RL	150	129
RL	151	891
# Read lengths - first fragments. Use `grep ^FRL | cut -f 2-` to extract this part. The columns are: read length, count
FRL	112	1
FRL	117	1
FRL	121	1
FRL	134	1
FRL	138	1
FRL	143	3
FRL	144	1
FRL	145	1
FRL	146	1
FRL	147	2
FRL	148	16
FRL	149	8
FRL	150	41
FRL	151	490
# Read lengths - last fragments. Use `grep ^LRL | cut -f 2-` to extract this part. The columns are: read length, count
LRL	107	1
LRL	115	1
LRL	117	1
LRL	122	2
LRL	124	2
LRL	127	1
LRL	128	1
LRL	131	2
LRL	133	1
LRL	135	1
LRL	139	1
LRL	140	1
LRL	141	1
LRL	142	1
LRL	143	2
LRL	144	2
LRL	145	1
LRL	146	4
LRL	147	8
LRL	148	21
LRL	149	24
LRL	150	88
LRL	151	401
# Mapping qualities for reads !(UNMAP|SECOND|SUPPL|QCFAIL|DUP). Use `grep ^MAPQ | cut -f 2-` to extract this part. The columns are: mapq, count
MAPQ	0	3
MAPQ	1	9
MAPQ	3	11
MAPQ	6	1
MAPQ	8	2
MAPQ	23	24
MAPQ	24	24
MAPQ	40	45
MAPQ	42	288
# Indel distribution. Use `grep ^ID | cut -f 2-` to extract this part. The columns are: length, number of insertions, number of deletions
ID	1	6	5
ID	2	1	1
ID	3	1	0
ID	11	0	1
# Indels per cycle. Use `grep ^IC | cut -f 2-` to extract this part. The columns are: cycle, number of insertions (fwd), .. (rev) , number of deletions (fwd), .. (rev)
IC	30	0	0	1	0
IC	31	0	0	2	0
IC	35	2	0	0	0
IC	54	0	0	0	1
IC	76	0	1	0	0
IC	77	1	0	0	0
IC	78	0	0	1	0
IC	87	0	0	1	0
IC	94	0	1	0	0
IC	112	1	0	0	0
IC	115	0	0	0	1
IC	116	1	0	0	0
IC	125	0	1	0	0
# Coverage distribution. Use `grep ^COV | cut -f 2-` to extract this part.
COV	[1-1]	1	42597
COV	[2-2]	2	6832
COV	[3-3]	3	1073
COV	[4-4]	4	461
# GC-depth. Use `grep ^GCD | cut -f 2-` to extract this part. The columns are: GC%, unique sequence percentiles, 10th, 25th, 50th, 75th and 90th depth percentile
GCD	0.0	2.703	0.000	0.000	0.000	0.000	0.000
GCD	1.9	4.054	0.045	0.045	0.045	0.045	0.045
GCD	23.0	5.405	0.015	0.015	0.015	0.015	0.015
GCD	26.0	8.108	0.030	0.030	0.045	0.060	0.060
GCD	27.0	9.459	0.015	0.015	0.015	0.015	0.015
GCD	29.0	13.514	0.030	0.030	0.038	0.053	0.053
GCD	30.0	20.270	0.015	0.023	0.045	0.056	0.060
GCD	31.0	27.027	0.015	0.030	0.060	0.060	0.060
GCD	32.0	33.784	0.030	0.030	0.045	0.075	0.105
GCD	33.0	41.892	0.015	0.026	0.041	0.054	0.083
GCD	34.0	52.703	0.030	0.038	0.045	0.045	0.060
GCD	35.0	68.919	0.017	0.030	0.030	0.068	0.101
GCD	36.0	77.027	0.015	0.015	0.034	0.064	0.075
GCD	37.0	86.486	0.015	0.015	0.030	0.038	0.075
GCD	38.0	94.595	0.015	0.015	0.030	0.075	0.075
GCD	39.0	98.649	0.030	0.030	0.038	0.120	0.120
GCD	40.0	100.000	0.015	0.015	0.015	0.015	0.015
