# This file was produced by samtools stats (1.21+htslib-1.21) and can be plotted using plot-bamstats
# This file contains statistics for all reads.
# The command line was:  stats NC.Staphy1.10E_sorted.bam
# CHK, Checksum	[2]Read Names	[3]Sequences	[4]Qualities
# CHK, CRC32 of reads which passed filtering followed by addition (32bit overflow)
CHK	16239ba0	01b5ff88	3816a85b
# Summary Numbers. Use `grep ^SN | cut -f 2-` to extract this part.
SN	raw total sequences:	589	# excluding supplementary and secondary reads
SN	filtered sequences:	0
SN	sequences:	589
SN	is sorted:	1
SN	1st fragments:	302
SN	last fragments:	287
SN	reads mapped:	589
SN	reads mapped and paired:	538	# paired-end technology bit set + both mates mapped
SN	reads unmapped:	0
SN	reads properly paired:	536	# proper-pair bit set
SN	reads paired:	589	# paired-end technology bit set
SN	reads duplicated:	0	# PCR or optical duplicate bit set
SN	reads MQ0:	3	# mapped and MQ=0
SN	reads QC failed:	0
SN	non-primary alignments:	66
SN	supplementary alignments:	0
SN	total length:	88818	# ignores clipping
SN	total first fragment length:	45551	# ignores clipping
SN	total last fragment length:	43267	# ignores clipping
SN	bases mapped:	88818	# ignores clipping
SN	bases mapped (cigar):	88818	# more accurate
SN	bases trimmed:	0
SN	bases duplicated:	0
SN	mismatches:	1173	# from NM fields
SN	error rate:	1.320678e-02	# mismatches / bases mapped (cigar)
SN	average length:	151
SN	average first fragment length:	151
SN	average last fragment length:	151
SN	maximum length:	151
SN	maximum first fragment length:	151
SN	maximum last fragment length:	151
SN	average quality:	38.3
SN	insert size average:	366.8
SN	insert size standard deviation:	76.2
SN	inward oriented pairs:	268
SN	outward oriented pairs:	1
SN	pairs with other orientation:	0
SN	pairs on different chromosomes:	0
SN	percentage of properly paired reads (%):	91.0
# First Fragment Qualities. Use `grep ^FFQ | cut -f 2-` to extract this part.
# Columns correspond to qualities and rows to cycles. First column is the cycle number.
FFQ	1	0	0	3	0	0	0	0	0	0	0	0	0	5	0	0	0	0	0	0	0	0	0	0	0	0	0	0	20	0	0	0	0	274	0	0	0	0	0	0	0	0	0	0
FFQ	2	0	0	0	0	0	0	0	0	0	0	0	0	10	0	0	0	0	0	0	0	0	0	0	0	0	0	0	19	0	0	0	0	273	0	0	0	0	0	0	0	0	0	0
FFQ	3	0	0	0	0	0	0	0	0	0	0	0	0	4	0	0	0	0	0	0	0	0	0	0	0	0	0	0	7	0	0	0	0	90	0	0	0	0	201	0	0	0	0	0
FFQ	4	0	0	0	0	0	0	0	0	0	0	0	0	2	0	0	0	0	0	0	0	0	0	0	0	0	0	0	3	0	0	0	0	21	0	0	0	0	276	0	0	0	0	0
FFQ	5	0	0	0	0	0	0	0	0	0	0	0	0	1	0	0	0	0	0	0	0	0	0	0	0	0	0	0	2	0	0	0	0	7	0	0	0	0	292	0	0	0	0	0
FFQ	6	0	0	0	0	0	0	0	0	0	0	0	0	1	0	0	0	0	0	0	0	0	0	0	0	0	0	0	2	0	0	0	0	6	0	0	0	0	40	0	0	0	253	0
FFQ	7	0	0	0	0	0	0	0	0	0	0	0	0	4	0	0	0	0	0	0	0	0	0	0	0	0	0	0	4	0	0	0	0	6	0	0	0	0	21	0	0	0	267	0
FFQ	8	0	0	0	0	0	0	0	0	0	0	0	0	1	0	0	0	0	0	0	0	0	0	1	0	0	0	0	0	0	0	0	0	5	0	0	0	0	29	0	0	0	266	0
FFQ	9	0	0	0	0	0	0	0	0	0	0	0	0	3	0	0	0	0	0	0	0	0	0	1	0	0	0	0	5	0	0	0	0	5	0	0	0	0	32	0	0	0	256	0
FFQ	10	0	0	0	0	0	0	0	0	0	0	0	0	2	0	0	0	0	0	0	0	0	0	0	0	0	0	0	4	0	0	0	0	7	0	0	0	0	31	0	0	0	258	0
FFQ	11	0	0	0	0	0	0	0	0	0	0	0	0	5	0	0	0	0	0	0	0	0	0	2	0	0	0	0	3	0	0	0	0	6	0	0	0	0	32	0	0	0	254	0
FFQ	12	0	0	0	0	0	0	0	0	0	0	0	0	2	0	0	0	0	0	0	0	0	0	1	0	0	0	0	2	0	0	0	0	7	0	0	0	0	39	0	0	0	251	0
FFQ	13	0	0	0	0	0	0	0	0	0	0	0	0	2	0	0	0	0	0	0	0	0	0	0	0	0	0	0	2	0	0	0	0	17	0	0	0	0	36	0	0	0	245	0
FFQ	14	0	0	0	0	0	0	0	0	0	0	0	0	3	0	0	0	0	0	0	0	0	0	4	0	0	0	0	4	0	0	0	0	15	0	0	0	0	48	0	0	0	228	0
FFQ	15	0	0	0	0	0	0	0	0	0	0	0	0	4	0	0	0	0	0	0	0	0	0	5	0	0	0	0	5	0	0	0	0	17	0	0	0	0	74	0	0	0	197	0
FFQ	16	0	0	0	0	0	0	0	0	0	0	0	0	5	0	0	0	0	0	0	0	0	0	5	0	0	0	0	8	0	0	0	0	18	0	0	0	0	66	0	0	0	200	0
FFQ	17	0	0	0	0	0	0	0	0	0	0	0	0	6	0	0	0	0	0	0	0	0	0	4	0	0	0	0	12	0	0	0	0	19	0	0	0	0	92	0	0	0	169	0
FFQ	18	0	0	0	0	0	0	0	0	0	0	0	0	8	0	0	0	0	0	0	0	0	0	17	0	0	0	0	9	0	0	0	0	26	0	0	0	0	85	0	0	0	157	0
FFQ	19	0	0	0	0	0	0	0	0	0	0	0	0	17	0	0	0	0	0	0	0	0	0	19	0	0	0	0	13	0	0	0	0	29	0	0	0	0	83	0	0	0	141	0
FFQ	20	0	0	0	0	0	0	0	0	0	0	0	0	18	0	0	0	0	0	0	0	0	0	12	0	0	0	0	21	0	0	0	0	43	0	0	0	0	99	0	0	0	109	0
FFQ	21	0	0	0	0	0	0	0	0	0	0	0	0	13	0	0	0	0	0	0	0	0	0	10	0	0	0	0	20	0	0	0	0	39	0	0	0	0	80	0	0	0	140	0
FFQ	22	0	0	0	0	0	0	0	0	0	0	0	0	12	0	0	0	0	0	0	0	0	0	6	0	0	0	0	11	0	0	0	0	30	0	0	0	0	100	0	0	0	143	0
FFQ	23	0	0	0	0	0	0	0	0	0	0	0	0	7	0	0	0	0	0	0	0	0	0	7	0	0	0	0	13	0	0	0	0	24	0	0	0	0	81	0	0	0	170	0
FFQ	24	0	0	0	0	0	0	0	0	0	0	0	0	2	0	0	0	0	0	0	0	0	0	5	0	0	0	0	9	0	0	0	0	22	0	0	0	0	57	0	0	0	207	0
FFQ	25	0	0	0	0	0	0	0	0	0	0	0	0	4	0	0	0	0	0	0	0	0	0	3	0	0	0	0	10	0	0	0	0	10	0	0	0	0	54	0	0	0	221	0
FFQ	26	0	0	0	0	0	0	0	0	0	0	0	0	6	0	0	0	0	0	0	0	0	0	4	0	0	0	0	3	0	0	0	0	11	0	0	0	0	54	0	0	0	224	0
FFQ	27	0	0	1	0	0	0	0	0	0	0	0	0	4	0	0	0	0	0	0	0	0	0	1	0	0	0	0	8	0	0	0	0	13	0	0	0	0	42	0	0	0	233	0
FFQ	28	0	0	1	0	0	0	0	0	0	0	0	0	8	0	0	0	0	0	0	0	0	0	2	0	0	0	0	11	0	0	0	0	3	0	0	0	0	46	0	0	0	231	0
FFQ	29	0	0	0	0	0	0	0	0	0	0	0	0	7	0	0	0	0	0	0	0	0	0	5	0	0	0	0	9	0	0	0	0	9	0	0	0	0	35	0	0	0	237	0
FFQ	30	0	0	0	0	0	0	0	0	0	0	0	0	9	0	0	0	0	0	0	0	0	0	4	0	0	0	0	13	0	0	0	0	14	0	0	0	0	44	0	0	0	218	0
FFQ	31	0	0	0	0	0	0	0	0	0	0	0	0	11	0	0	0	0	0	0	0	0	0	6	0	0	0	0	12	0	0	0	0	16	0	0	0	0	52	0	0	0	205	0
FFQ	32	0	0	0	0	0	0	0	0	0	0	0	0	9	0	0	0	0	0	0	0	0	0	7	0	0	0	0	11	0	0	0	0	17	0	0	0	0	58	0	0	0	200	0
FFQ	33	0	0	0	0	0	0	0	0	0	0	0	0	12	0	0	0	0	0	0	0	0	0	11	0	0	0	0	19	0	0	0	0	18	0	0	0	0	70	0	0	0	172	0
FFQ	34	0	0	0	0	0	0	0	0	0	0	0	0	20	0	0	0	0	0	0	0	0	0	10	0	0	0	0	17	0	0	0	0	24	0	0	0	0	65	0	0	0	166	0
FFQ	35	0	0	0	0	0	0	0	0	0	0	0	0	16	0	0	0	0	0	0	0	0	0	11	0	0	0	0	33	0	0	0	0	25	0	0	0	0	67	0	0	0	150	0
FFQ	36	0	0	0	0	0	0	0	0	0	0	0	0	25	0	0	0	0	0	0	0	0	0	16	0	0	0	0	20	0	0	0	0	33	0	0	0	0	68	0	0	0	140	0
FFQ	37	0	0	0	0	0	0	0	0	0	0	0	0	23	0	0	0	0	0	0	0	0	0	16	0	0	0	0	22	0	0	0	0	35	0	0	0	0	68	0	0	0	138	0
FFQ	38	0	0	0	0	0	0	0	0	0	0	0	0	26	0	0	0	0	0	0	0	0	0	18	0	0	0	0	22	0	0	0	0	34	0	0	0	0	71	0	0	0	131	0
FFQ	39	0	0	0	0	0	0	0	0	0	0	0	0	32	0	0	0	0	0	0	0	0	0	17	0	0	0	0	25	0	0	0	0	29	0	0	0	0	69	0	0	0	130	0
FFQ	40	0	0	1	0	0	0	0	0	0	0	0	0	29	0	0	0	0	0	0	0	0	0	20	0	0	0	0	25	0	0	0	0	31	0	0	0	0	69	0	0	0	127	0
FFQ	41	0	0	0	0	0	0	0	0	0	0	0	0	31	0	0	0	0	0	0	0	0	0	16	0	0	0	0	27	0	0	0	0	31	0	0	0	0	72	0	0	0	125	0
FFQ	42	0	0	0	0	0	0	0	0	0	0	0	0	29	0	0	0	0	0	0	0	0	0	14	0	0	0	0	28	0	0	0	0	21	0	0	0	0	81	0	0	0	129	0
FFQ	43	0	0	0	0	0	0	0	0	0	0	0	0	26	0	0	0	0	0	0	0	0	0	15	0	0	0	0	24	0	0	0	0	39	0	0	0	0	67	0	0	0	131	0
FFQ	44	0	0	0	0	0	0	0	0	0	0	0	0	22	0	0	0	0	0	0	0	0	0	13	0	0	0	0	28	0	0	0	0	26	0	0	0	0	74	0	0	0	139	0
FFQ	45	0	0	0	0	0	0	0	0	0	0	0	0	20	0	0	0	0	0	0	0	0	0	14	0	0	0	0	27	0	0	0	0	34	0	0	0	0	70	0	0	0	137	0
FFQ	46	0	0	0	0	0	0	0	0	0	0	0	0	19	0	0	0	0	0	0	0	0	0	10	0	0	0	0	30	0	0	0	0	18	0	0	0	0	67	0	0	0	158	0
FFQ	47	0	0	2	0	0	0	0	0	0	0	0	0	22	0	0	0	0	0	0	0	0	0	14	0	0	0	0	25	0	0	0	0	26	0	0	0	0	63	0	0	0	150	0
FFQ	48	0	0	0	0	0	0	0	0	0	0	0	0	24	0	0	0	0	0	0	0	0	0	15	0	0	0	0	18	0	0	0	0	27	0	0	0	0	70	0	0	0	148	0
FFQ	49	0	0	0	0	0	0	0	0	0	0	0	0	23	0	0	0	0	0	0	0	0	0	6	0	0	0	0	16	0	0	0	0	29	0	0	0	0	64	0	0	0	164	0
FFQ	50	0	0	0	0	0	0	0	0	0	0	0	0	12	0	0	0	0	0	0	0	0	0	6	0	0	0	0	12	0	0	0	0	25	0	0	0	0	70	0	0	0	177	0
FFQ	51	0	0	0	0	0	0	0	0	0	0	0	0	16	0	0	0	0	0	0	0	0	0	7	0	0	0	0	17	0	0	0	0	24	0	0	0	0	57	0	0	0	181	0
FFQ	52	0	0	0	0	0	0	0	0	0	0	0	0	6	0	0	0	0	0	0	0	0	0	5	0	0	0	0	15	0	0	0	0	30	0	0	0	0	67	0	0	0	179	0
FFQ	53	0	0	0	0	0	0	0	0	0	0	0	0	12	0	0	0	0	0	0	0	0	0	5	0	0	0	0	14	0	0	0	0	18	0	0	0	0	61	0	0	0	192	0
FFQ	54	0	0	0	0	0	0	0	0	0	0	0	0	14	0	0	0	0	0	0	0	0	0	5	0	0	0	0	15	0	0	0	0	19	0	0	0	0	61	0	0	0	188	0
FFQ	55	0	0	0	0	0	0	0	0	0	0	0	0	12	0	0	0	0	0	0	0	0	0	4	0	0	0	0	17	0	0	0	0	24	0	0	0	0	62	0	0	0	183	0
FFQ	56	0	0	0	0	0	0	0	0	0	0	0	0	5	0	0	0	0	0	0	0	0	0	5	0	0	0	0	20	0	0	0	0	14	0	0	0	0	62	0	0	0	196	0
FFQ	57	0	0	0	0	0	0	0	0	0	0	0	0	5	0	0	0	0	0	0	0	0	0	7	0	0	0	0	13	0	0	0	0	14	0	0	0	0	59	0	0	0	204	0
FFQ	58	0	0	0	0	0	0	0	0	0	0	0	0	9	0	0	0	0	0	0	0	0	0	2	0	0	0	0	4	0	0	0	0	11	0	0	0	0	49	0	0	0	227	0
FFQ	59	0	0	0	0	0	0	0	0	0	0	0	0	6	0	0	0	0	0	0	0	0	0	1	0	0	0	0	15	0	0	0	0	15	0	0	0	0	41	0	0	0	224	0
FFQ	60	0	0	0	0	0	0	0	0	0	0	0	0	4	0	0	0	0	0	0	0	0	0	6	0	0	0	0	11	0	0	0	0	13	0	0	0	0	56	0	0	0	212	0
FFQ	61	0	0	0	0	0	0	0	0	0	0	0	0	5	0	0	0	0	0	0	0	0	0	1	0	0	0	0	5	0	0	0	0	15	0	0	0	0	52	0	0	0	224	0
FFQ	62	0	0	0	0	0	0	0	0	0	0	0	0	5	0	0	0	0	0	0	0	0	0	5	0	0	0	0	7	0	0	0	0	10	0	0	0	0	47	0	0	0	228	0
FFQ	63	0	0	0	0	0	0	0	0	0	0	0	0	6	0	0	0	0	0	0	0	0	0	3	0	0	0	0	5	0	0	0	0	15	0	0	0	0	46	0	0	0	227	0
FFQ	64	0	0	0	0	0	0	0	0	0	0	0	0	8	0	0	0	0	0	0	0	0	0	2	0	0	0	0	6	0	0	0	0	11	0	0	0	0	41	0	0	0	234	0
FFQ	65	0	0	0	0	0	0	0	0	0	0	0	0	5	0	0	0	0	0	0	0	0	0	5	0	0	0	0	9	0	0	0	0	7	0	0	0	0	43	0	0	0	233	0
FFQ	66	0	0	0	0	0	0	0	0	0	0	0	0	6	0	0	0	0	0	0	0	0	0	0	0	0	0	0	9	0	0	0	0	13	0	0	0	0	37	0	0	0	237	0
FFQ	67	0	0	0	0	0	0	0	0	0	0	0	0	4	0	0	0	0	0	0	0	0	0	3	0	0	0	0	2	0	0	0	0	9	0	0	0	0	30	0	0	0	254	0
FFQ	68	0	0	0	0	0	0	0	0	0	0	0	0	2	0	0	0	0	0	0	0	0	0	1	0	0	0	0	6	0	0	0	0	15	0	0	0	0	33	0	0	0	245	0
FFQ	69	0	0	0	0	0	0	0	0	0	0	0	0	2	0	0	0	0	0	0	0	0	0	1	0	0	0	0	6	0	0	0	0	11	0	0	0	0	25	0	0	0	257	0
FFQ	70	0	0	0	0	0	0	0	0	0	0	0	0	5	0	0	0	0	0	0	0	0	0	3	0	0	0	0	7	0	0	0	0	16	0	0	0	0	32	0	0	0	239	0
FFQ	71	0	0	0	0	0	0	0	0	0	0	0	0	1	0	0	0	0	0	0	0	0	0	5	0	0	0	0	3	0	0	0	0	15	0	0	0	0	42	0	0	0	236	0
FFQ	72	0	0	0	0	0	0	0	0	0	0	0	0	4	0	0	0	0	0	0	0	0	0	0	0	0	0	0	5	0	0	0	0	11	0	0	0	0	35	0	0	0	247	0
FFQ	73	0	0	0	0	0	0	0	0	0	0	0	0	3	0	0	0	0	0	0	0	0	0	5	0	0	0	0	5	0	0	0	0	17	0	0	0	0	35	0	0	0	237	0
FFQ	74	0	0	0	0	0	0	0	0	0	0	0	0	4	0	0	0	0	0	0	0	0	0	3	0	0	0	0	6	0	0	0	0	8	0	0	0	0	34	0	0	0	247	0
FFQ	75	0	0	0	0	0	0	0	0	0	0	0	0	3	0	0	0	0	0	0	0	0	0	3	0	0	0	0	9	0	0	0	0	10	0	0	0	0	38	0	0	0	239	0
FFQ	76	0	0	0	0	0	0	0	0	0	0	0	0	3	0	0	0	0	0	0	0	0	0	5	0	0	0	0	6	0	0	0	0	15	0	0	0	0	37	0	0	0	236	0
FFQ	77	0	0	0	0	0	0	0	0	0	0	0	0	8	0	0	0	0	0	0	0	0	0	3	0	0	0	0	10	0	0	0	0	21	0	0	0	0	65	0	0	0	195	0
FFQ	78	0	0	0	0	0	0	0	0	0	0	0	0	3	0	0	0	0	0	0	0	0	0	1	0	0	0	0	9	0	0	0	0	14	0	0	0	0	45	0	0	0	230	0
FFQ	79	0	0	0	0	0	0	0	0	0	0	0	0	5	0	0	0	0	0	0	0	0	0	4	0	0	0	0	6	0	0	0	0	10	0	0	0	0	25	0	0	0	252	0
FFQ	80	0	0	0	0	0	0	0	0	0	0	0	0	6	0	0	0	0	0	0	0	0	0	3	0	0	0	0	2	0	0	0	0	11	0	0	0	0	32	0	0	0	248	0
FFQ	81	0	0	0	0	0	0	0	0	0	0	0	0	8	0	0	0	0	0	0	0	0	0	2	0	0	0	0	5	0	0	0	0	10	0	0	0	0	28	0	0	0	249	0
FFQ	82	0	0	0	0	0	0	0	0	0	0	0	0	3	0	0	0	0	0	0	0	0	0	2	0	0	0	0	5	0	0	0	0	10	0	0	0	0	29	0	0	0	253	0
FFQ	83	0	0	0	0	0	0	0	0	0	0	0	0	3	0	0	0	0	0	0	0	0	0	5	0	0	0	0	4	0	0	0	0	9	0	0	0	0	24	0	0	0	257	0
FFQ	84	0	0	0	0	0	0	0	0	0	0	0	0	8	0	0	0	0	0	0	0	0	0	2	0	0	0	0	3	0	0	0	0	8	0	0	0	0	30	0	0	0	251	0
FFQ	85	0	0	0	0	0	0	0	0	0	0	0	0	2	0	0	0	0	0	0	0	0	0	3	0	0	0	0	5	0	0	0	0	6	0	0	0	0	28	0	0	0	258	0
FFQ	86	0	0	0	0	0	0	0	0	0	0	0	0	6	0	0	0	0	0	0	0	0	0	3	0	0	0	0	4	0	0	0	0	12	0	0	0	0	18	0	0	0	259	0
FFQ	87	0	0	0	0	0	0	0	0	0	0	0	0	2	0	0	0	0	0	0	0	0	0	5	0	0	0	0	4	0	0	0	0	9	0	0	0	0	30	0	0	0	252	0
FFQ	88	0	0	0	0	0	0	0	0	0	0	0	0	2	0	0	0	0	0	0	0	0	0	4	0	0	0	0	4	0	0	0	0	9	0	0	0	0	24	0	0	0	259	0
FFQ	89	0	0	0	0	0	0	0	0	0	0	0	0	4	0	0	0	0	0	0	0	0	0	2	0	0	0	0	3	0	0	0	0	5	0	0	0	0	21	0	0	0	267	0
FFQ	90	0	0	0	0	0	0	0	0	0	0	0	0	2	0	0	0	0	0	0	0	0	0	2	0	0	0	0	2	0	0	0	0	8	0	0	0	0	31	0	0	0	257	0
FFQ	91	0	0	0	0	0	0	0	0	0	0	0	0	3	0	0	0	0	0	0	0	0	0	6	0	0	0	0	13	0	0	0	0	10	0	0	0	0	24	0	0	0	246	0
FFQ	92	0	0	0	0	0	0	0	0	0	0	0	0	3	0	0	0	0	0	0	0	0	0	4	0	0	0	0	4	0	0	0	0	8	0	0	0	0	26	0	0	0	257	0
FFQ	93	0	0	0	0	0	0	0	0	0	0	0	0	6	0	0	0	0	0	0	0	0	0	4	0	0	0	0	2	0	0	0	0	10	0	0	0	0	22	0	0	0	258	0
FFQ	94	0	0	0	0	0	0	0	0	0	0	0	0	1	0	0	0	0	0	0	0	0	0	5	0	0	0	0	4	0	0	0	0	8	0	0	0	0	27	0	0	0	257	0
FFQ	95	0	0	0	0	0	0	0	0	0	0	0	0	6	0	0	0	0	0	0	0	0	0	3	0	0	0	0	6	0	0	0	0	7	0	0	0	0	18	0	0	0	262	0
FFQ	96	0	0	0	0	0	0	0	0	0	0	0	0	1	0	0	0	0	0	0	0	0	0	2	0	0	0	0	3	0	0	0	0	8	0	0	0	0	33	0	0	0	255	0
FFQ	97	0	0	0	0	0	0	0	0	0	0	0	0	3	0	0	0	0	0	0	0	0	0	2	0	0	0	0	3	0	0	0	0	10	0	0	0	0	22	0	0	0	262	0
FFQ	98	0	0	0	0	0	0	0	0	0	0	0	0	2	0	0	0	0	0	0	0	0	0	3	0	0	0	0	4	0	0	0	0	8	0	0	0	0	17	0	0	0	268	0
FFQ	99	0	0	0	0	0	0	0	0	0	0	0	0	4	0	0	0	0	0	0	0	0	0	3	0	0	0	0	4	0	0	0	0	8	0	0	0	0	17	0	0	0	266	0
FFQ	100	0	0	0	0	0	0	0	0	0	0	0	0	5	0	0	0	0	0	0	0	0	0	4	0	0	0	0	5	0	0	0	0	4	0	0	0	0	27	0	0	0	257	0
FFQ	101	0	0	0	0	0	0	0	0	0	0	0	0	2	0	0	0	0	0	0	0	0	0	3	0	0	0	0	6	0	0	0	0	12	0	0	0	0	19	0	0	0	260	0
FFQ	102	0	0	0	0	0	0	0	0	0	0	0	0	7	0	0	0	0	0	0	0	0	0	1	0	0	0	0	4	0	0	0	0	8	0	0	0	0	27	0	0	0	255	0
FFQ	103	0	0	0	0	0	0	0	0	0	0	0	0	5	0	0	0	0	0	0	0	0	0	5	0	0	0	0	5	0	0	0	0	10	0	0	0	0	22	0	0	0	255	0
FFQ	104	0	0	0	0	0	0	0	0	0	0	0	0	2	0	0	0	0	0	0	0	0	0	0	0	0	0	0	3	0	0	0	0	13	0	0	0	0	29	0	0	0	255	0
FFQ	105	0	0	0	0	0	0	0	0	0	0	0	0	3	0	0	0	0	0	0	0	0	0	4	0	0	0	0	2	0	0	0	0	7	0	0	0	0	26	0	0	0	260	0
FFQ	106	0	0	0	0	0	0	0	0	0	0	0	0	4	0	0	0	0	0	0	0	0	0	2	0	0	0	0	4	0	0	0	0	8	0	0	0	0	28	0	0	0	256	0
FFQ	107	0	0	0	0	0	0	0	0	0	0	0	0	2	0	0	0	0	0	0	0	0	0	2	0	0	0	0	4	0	0	0	0	16	0	0	0	0	27	0	0	0	251	0
FFQ	108	0	0	0	0	0	0	0	0	0	0	0	0	5	0	0	0	0	0	0	0	0	0	2	0	0	0	0	4	0	0	0	0	5	0	0	0	0	24	0	0	0	262	0
FFQ	109	0	0	0	0	0	0	0	0	0	0	0	0	7	0	0	0	0	0	0	0	0	0	2	0	0	0	0	3	0	0	0	0	7	0	0	0	0	31	0	0	0	252	0
FFQ	110	0	0	0	0	0	0	0	0	0	0	0	0	6	0	0	0	0	0	0	0	0	0	5	0	0	0	0	2	0	0	0	0	9	0	0	0	0	32	0	0	0	248	0
FFQ	111	0	0	0	0	0	0	0	0	0	0	0	0	6	0	0	0	0	0	0	0	0	0	2	0	0	0	0	4	0	0	0	0	11	0	0	0	0	23	0	0	0	256	0
FFQ	112	0	0	0	0	0	0	0	0	0	0	0	0	7	0	0	0	0	0	0	0	0	0	1	0	0	0	0	3	0	0	0	0	9	0	0	0	0	32	0	0	0	250	0
FFQ	113	0	0	0	0	0	0	0	0	0	0	0	0	3	0	0	0	0	0	0	0	0	0	5	0	0	0	0	5	0	0	0	0	8	0	0	0	0	34	0	0	0	247	0
FFQ	114	0	0	0	0	0	0	0	0	0	0	0	0	5	0	0	0	0	0	0	0	0	0	1	0	0	0	0	7	0	0	0	0	6	0	0	0	0	35	0	0	0	248	0
FFQ	115	0	0	0	0	0	0	0	0	0	0	0	0	5	0	0	0	0	0	0	0	0	0	4	0	0	0	0	4	0	0	0	0	15	0	0	0	0	33	0	0	0	241	0
FFQ	116	0	0	0	0	0	0	0	0	0	0	0	0	9	0	0	0	0	0	0	0	0	0	2	0	0	0	0	4	0	0	0	0	10	0	0	0	0	31	0	0	0	246	0
FFQ	117	0	0	0	0	0	0	0	0	0	0	0	0	6	0	0	0	0	0	0	0	0	0	1	0	0	0	0	5	0	0	0	0	12	0	0	0	0	31	0	0	0	247	0
FFQ	118	0	0	0	0	0	0	0	0	0	0	0	0	4	0	0	0	0	0	0	0	0	0	7	0	0	0	0	9	0	0	0	0	9	0	0	0	0	26	0	0	0	247	0
FFQ	119	0	0	0	0	0	0	0	0	0	0	0	0	4	0	0	0	0	0	0	0	0	0	4	0	0	0	0	5	0	0	0	0	14	0	0	0	0	32	0	0	0	243	0
FFQ	120	0	0	0	0	0	0	0	0	0	0	0	0	3	0	0	0	0	0	0	0	0	0	4	0	0	0	0	6	0	0	0	0	14	0	0	0	0	28	0	0	0	247	0
FFQ	121	0	0	0	0	0	0	0	0	0	0	0	0	4	0	0	0	0	0	0	0	0	0	2	0	0	0	0	9	0	0	0	0	15	0	0	0	0	23	0	0	0	249	0
FFQ	122	0	0	0	0	0	0	0	0	0	0	0	0	9	0	0	0	0	0	0	0	0	0	3	0	0	0	0	3	0	0	0	0	5	0	0	0	0	32	0	0	0	250	0
FFQ	123	0	0	0	0	0	0	0	0	0	0	0	0	5	0	0	0	0	0	0	0	0	0	2	0	0	0	0	3	0	0	0	0	15	0	0	0	0	30	0	0	0	247	0
FFQ	124	0	0	0	0	0	0	0	0	0	0	0	0	6	0	0	0	0	0	0	0	0	0	1	0	0	0	0	6	0	0	0	0	13	0	0	0	0	32	0	0	0	244	0
FFQ	125	0	0	0	0	0	0	0	0	0	0	0	0	7	0	0	0	0	0	0	0	0	0	3	0	0	0	0	5	0	0	0	0	6	0	0	0	0	29	0	0	0	252	0
FFQ	126	0	0	0	0	0	0	0	0	0	0	0	0	4	0	0	0	0	0	0	0	0	0	4	0	0	0	0	9	0	0	0	0	11	0	0	0	0	30	0	0	0	244	0
FFQ	127	0	0	0	0	0	0	0	0	0	0	0	0	6	0	0	0	0	0	0	0	0	0	1	0	0	0	0	6	0	0	0	0	16	0	0	0	0	26	0	0	0	247	0
FFQ	128	0	0	0	0	0	0	0	0	0	0	0	0	7	0	0	0	0	0	0	0	0	0	4	0	0	0	0	9	0	0	0	0	10	0	0	0	0	26	0	0	0	246	0
FFQ	129	0	0	0	0	0	0	0	0	0	0	0	0	8	0	0	0	0	0	0	0	0	0	6	0	0	0	0	4	0	0	0	0	10	0	0	0	0	28	0	0	0	246	0
FFQ	130	0	0	0	0	0	0	0	0	0	0	0	0	5	0	0	0	0	0	0	0	0	0	4	0	0	0	0	5	0	0	0	0	12	0	0	0	0	26	0	0	0	250	0
FFQ	131	0	0	0	0	0	0	0	0	0	0	0	0	8	0	0	0	0	0	0	0	0	0	7	0	0	0	0	8	0	0	0	0	10	0	0	0	0	29	0	0	0	240	0
FFQ	132	0	0	0	0	0	0	0	0	0	0	0	0	8	0	0	0	0	0	0	0	0	0	8	0	0	0	0	3	0	0	0	0	12	0	0	0	0	45	0	0	0	226	0
FFQ	133	0	0	0	0	0	0	0	0	0	0	0	0	5	0	0	0	0	0	0	0	0	0	8	0	0	0	0	9	0	0	0	0	14	0	0	0	0	35	0	0	0	231	0
FFQ	134	0	0	0	0	0	0	0	0	0	0	0	0	10	0	0	0	0	0	0	0	0	0	3	0	0	0	0	8	0	0	0	0	9	0	0	0	0	31	0	0	0	241	0
FFQ	135	0	0	0	0	0	0	0	0	0	0	0	0	6	0	0	0	0	0	0	0	0	0	13	0	0	0	0	5	0	0	0	0	13	0	0	0	0	29	0	0	0	236	0
FFQ	136	0	0	0	0	0	0	0	0	0	0	0	0	6	0	0	0	0	0	0	0	0	0	6	0	0	0	0	3	0	0	0	0	16	0	0	0	0	37	0	0	0	234	0
FFQ	137	0	0	0	0	0	0	0	0	0	0	0	0	7	0	0	0	0	0	0	0	0	0	7	0	0	0	0	7	0	0	0	0	13	0	0	0	0	40	0	0	0	228	0
FFQ	138	0	0	0	0	0	0	0	0	0	0	0	0	6	0	0	0	0	0	0	0	0	0	8	0	0	0	0	3	0	0	0	0	9	0	0	0	0	37	0	0	0	239	0
FFQ	139	0	0	0	0	0	0	0	0	0	0	0	0	6	0	0	0	0	0	0	0	0	0	7	0	0	0	0	6	0	0	0	0	9	0	0	0	0	38	0	0	0	236	0
FFQ	140	0	0	0	0	0	0	0	0	0	0	0	0	7	0	0	0	0	0	0	0	0	0	3	0	0	0	0	8	0	0	0	0	6	0	0	0	0	51	0	0	0	227	0
FFQ	141	0	0	0	0	0	0	0	0	0	0	0	0	11	0	0	0	0	0	0	0	0	0	2	0	0	0	0	6	0	0	0	0	13	0	0	0	0	41	0	0	0	229	0
FFQ	142	0	0	0	0	0	0	0	0	0	0	0	0	4	0	0	0	0	0	0	0	0	0	4	0	0	0	0	5	0	0	0	0	15	0	0	0	0	42	0	0	0	231	0
FFQ	143	0	0	0	0	0	0	0	0	0	0	0	0	2	0	0	0	0	0	0	0	0	0	8	0	0	0	0	2	0	0	0	0	11	0	0	0	0	38	0	0	0	240	0
FFQ	144	0	0	0	0	0	0	0	0	0	0	0	0	7	0	0	0	0	0	0	0	0	0	3	0	0	0	0	3	0	0	0	0	17	0	0	0	0	39	0	0	0	232	0
FFQ	145	0	0	0	0	0	0	0	0	0	0	0	0	6	0	0	0	0	0	0	0	0	0	6	0	0	0	0	4	0	0	0	0	16	0	0	0	0	40	0	0	0	229	0
FFQ	146	0	0	0	0	0	0	0	0	0	0	0	0	11	0	0	0	0	0	0	0	0	0	4	0	0	0	0	7	0	0	0	0	14	0	0	0	0	36	0	0	0	229	0
FFQ	147	0	0	0	0	0	0	0	0	0	0	0	0	6	0	0	0	0	0	0	0	0	0	3	0	0	0	0	6	0	0	0	0	13	0	0	0	0	49	0	0	0	224	0
FFQ	148	0	0	0	0	0	0	0	0	0	0	0	0	7	0	0	0	0	0	0	0	0	0	9	0	0	0	0	5	0	0	0	0	16	0	0	0	0	46	0	0	0	217	0
FFQ	149	0	0	0	0	0	0	0	0	0	0	0	0	3	0	0	0	0	0	0	0	0	0	5	0	0	0	0	7	0	0	0	0	16	0	0	0	0	59	0	0	0	201	0
FFQ	150	0	0	0	0	0	0	0	0	0	0	0	0	3	0	0	0	0	0	0	0	0	0	4	0	0	0	0	6	0	0	0	0	10	0	0	0	0	51	0	0	0	216	0
FFQ	151	0	0	0	0	0	0	0	0	0	0	0	0	0	0	0	0	0	0	0	0	0	0	11	0	0	0	0	19	0	0	0	0	19	0	0	0	0	73	0	0	0	160	0
# Last Fragment Qualities. Use `grep ^LFQ | cut -f 2-` to extract this part.
# Columns correspond to qualities and rows to cycles. First column is the cycle number.
LFQ	1	0	0	7	0	0	0	0	0	0	0	0	0	9	0	0	0	0	0	0	0	0	0	0	0	0	0	0	6	0	0	0	0	265	0	0	0	0	0	0	0	0	0	0
LFQ	2	0	0	0	0	0	0	0	0	0	0	0	0	10	0	0	0	0	0	0	0	0	0	0	0	0	0	0	10	0	0	0	0	267	0	0	0	0	0	0	0	0	0	0
LFQ	3	0	0	0	0	0	0	0	0	0	0	0	0	6	0	0	0	0	0	0	0	0	0	0	0	0	0	0	8	0	0	0	0	72	0	0	0	0	201	0	0	0	0	0
LFQ	4	0	0	0	0	0	0	0	0	0	0	0	0	10	0	0	0	0	0	0	0	0	0	3	0	0	0	0	3	0	0	0	0	26	0	0	0	0	245	0	0	0	0	0
LFQ	5	0	0	0	0	0	0	0	0	0	0	0	0	10	0	0	0	0	0	0	0	0	0	1	0	0	0	0	3	0	0	0	0	27	0	0	0	0	246	0	0	0	0	0
LFQ	6	0	0	0	0	0	0	0	0	0	0	0	0	10	0	0	0	0	0	0	0	0	0	0	0	0	0	0	3	0	0	0	0	12	0	0	0	0	51	0	0	0	211	0
LFQ	7	0	0	0	0	0	0	0	0	0	0	0	0	4	0	0	0	0	0	0	0	0	0	1	0	0	0	0	4	0	0	0	0	20	0	0	0	0	33	0	0	0	225	0
LFQ	8	0	0	0	0	0	0	0	0	0	0	0	0	5	0	0	0	0	0	0	0	0	0	2	0	0	0	0	4	0	0	0	0	12	0	0	0	0	29	0	0	0	235	0
LFQ	9	0	0	0	0	0	0	0	0	0	0	0	0	3	0	0	0	0	0	0	0	0	0	1	0	0	0	0	3	0	0	0	0	7	0	0	0	0	30	0	0	0	243	0
LFQ	10	0	0	0	0	0	0	0	0	0	0	0	0	9	0	0	0	0	0	0	0	0	0	2	0	0	0	0	6	0	0	0	0	1	0	0	0	0	23	0	0	0	246	0
LFQ	11	0	0	0	0	0	0	0	0	0	0	0	0	0	0	0	0	0	0	0	0	0	0	0	0	0	0	0	4	0	0	0	0	12	0	0	0	0	31	0	0	0	240	0
LFQ	12	0	0	0	0	0	0	0	0	0	0	0	0	5	0	0	0	0	0	0	0	0	0	0	0	0	0	0	2	0	0	0	0	5	0	0	0	0	29	0	0	0	246	0
LFQ	13	0	0	0	0	0	0	0	0	0	0	0	0	1	0	0	0	0	0	0	0	0	0	5	0	0	0	0	3	0	0	0	0	10	0	0	0	0	38	0	0	0	230	0
LFQ	14	0	0	0	0	0	0	0	0	0	0	0	0	8	0	0	0	0	0	0	0	0	0	2	0	0	0	0	3	0	0	0	0	3	0	0	0	0	33	0	0	0	238	0
LFQ	15	0	0	0	0	0	0	0	0	0	0	0	0	6	0	0	0	0	0	0	0	0	0	2	0	0	0	0	7	0	0	0	0	9	0	0	0	0	32	0	0	0	231	0
LFQ	16	0	0	0	0	0	0	0	0	0	0	0	0	6	0	0	0	0	0	0	0	0	0	1	0	0	0	0	4	0	0	0	0	6	0	0	0	0	25	0	0	0	245	0
LFQ	17	0	0	0	0	0	0	0	0	0	0	0	0	6	0	0	0	0	0	0	0	0	0	4	0	0	0	0	6	0	0	0	0	14	0	0	0	0	26	0	0	0	231	0
LFQ	18	0	0	0	0	0	0	0	0	0	0	0	0	8	0	0	0	0	0	0	0	0	0	1	0	0	0	0	5	0	0	0	0	7	0	0	0	0	35	0	0	0	231	0
LFQ	19	0	0	0	0	0	0	0	0	0	0	0	0	4	0	0	0	0	0	0	0	0	0	7	0	0	0	0	5	0	0	0	0	7	0	0	0	0	37	0	0	0	227	0
LFQ	20	0	0	0	0	0	0	0	0	0	0	0	0	2	0	0	0	0	0	0	0	0	0	4	0	0	0	0	13	0	0	0	0	9	0	0	0	0	30	0	0	0	229	0
LFQ	21	0	0	0	0	0	0	0	0	0	0	0	0	7	0	0	0	0	0	0	0	0	0	2	0	0	0	0	5	0	0	0	0	12	0	0	0	0	28	0	0	0	233	0
LFQ	22	0	0	0	0	0	0	0	0	0	0	0	0	5	0	0	0	0	0	0	0	0	0	2	0	0	0	0	7	0	0	0	0	9	0	0	0	0	35	0	0	0	229	0
LFQ	23	0	0	0	0	0	0	0	0	0	0	0	0	6	0	0	0	0	0	0	0	0	0	1	0	0	0	0	7	0	0	0	0	9	0	0	0	0	39	0	0	0	225	0
LFQ	24	0	0	0	0	0	0	0	0	0	0	0	0	8	0	0	0	0	0	0	0	0	0	6	0	0	0	0	7	0	0	0	0	6	0	0	0	0	39	0	0	0	221	0
LFQ	25	0	0	0	0	0	0	0	0	0	0	0	0	8	0	0	0	0	0	0	0	0	0	6	0	0	0	0	9	0	0	0	0	9	0	0	0	0	38	0	0	0	217	0
LFQ	26	0	0	0	0	0	0	0	0	0	0	0	0	12	0	0	0	0	0	0	0	0	0	4	0	0	0	0	11	0	0	0	0	14	0	0	0	0	45	0	0	0	201	0
LFQ	27	0	0	2	0	0	0	0	0	0	0	0	0	8	0	0	0	0	0	0	0	0	0	3	0	0	0	0	15	0	0	0	0	11	0	0	0	0	44	0	0	0	204	0
LFQ	28	0	0	0	0	0	0	0	0	0	0	0	0	9	0	0	0	0	0	0	0	0	0	8	0	0	0	0	9	0	0	0	0	12	0	0	0	0	39	0	0	0	210	0
LFQ	29	0	0	0	0	0	0	0	0	0	0	0	0	11	0	0	0	0	0	0	0	0	0	3	0	0	0	0	9	0	0	0	0	8	0	0	0	0	45	0	0	0	211	0
LFQ	30	0	0	0	0	0	0	0	0	0	0	0	0	6	0	0	0	0	0	0	0	0	0	5	0	0	0	0	9	0	0	0	0	10	0	0	0	0	41	0	0	0	216	0
LFQ	31	0	0	0	0	0	0	0	0	0	0	0	0	10	0	0	0	0	0	0	0	0	0	4	0	0	0	0	11	0	0	0	0	9	0	0	0	0	31	0	0	0	222	0
LFQ	32	0	0	0	0	0	0	0	0	0	0	0	0	7	0	0	0	0	0	0	0	0	0	7	0	0	0	0	13	0	0	0	0	10	0	0	0	0	40	0	0	0	210	0
LFQ	33	0	0	0	0	0	0	0	0	0	0	0	0	8	0	0	0	0	0	0	0	0	0	2	0	0	0	0	10	0	0	0	0	11	0	0	0	0	36	0	0	0	220	0
LFQ	34	0	0	0	0	0	0	0	0	0	0	0	0	9	0	0	0	0	0	0	0	0	0	8	0	0	0	0	10	0	0	0	0	10	0	0	0	0	40	0	0	0	210	0
LFQ	35	0	0	0	0	0	0	0	0	0	0	0	0	7	0	0	0	0	0	0	0	0	0	7	0	0	0	0	11	0	0	0	0	10	0	0	0	0	37	0	0	0	215	0
LFQ	36	0	0	0	0	0	0	0	0	0	0	0	0	10	0	0	0	0	0	0	0	0	0	2	0	0	0	0	7	0	0	0	0	14	0	0	0	0	43	0	0	0	211	0
LFQ	37	0	0	0	0	0	0	0	0	0	0	0	0	8	0	0	0	0	0	0	0	0	0	2	0	0	0	0	11	0	0	0	0	10	0	0	0	0	27	0	0	0	229	0
LFQ	38	0	0	0	0	0	0	0	0	0	0	0	0	14	0	0	0	0	0	0	0	0	0	4	0	0	0	0	4	0	0	0	0	5	0	0	0	0	31	0	0	0	229	0
LFQ	39	0	0	0	0	0	0	0	0	0	0	0	0	7	0	0	0	0	0	0	0	0	0	0	0	0	0	0	10	0	0	0	0	7	0	0	0	0	42	0	0	0	221	0
LFQ	40	0	0	0	0	0	0	0	0	0	0	0	0	12	0	0	0	0	0	0	0	0	0	7	0	0	0	0	2	0	0	0	0	12	0	0	0	0	34	0	0	0	220	0
LFQ	41	0	0	0	0	0	0	0	0	0	0	0	0	12	0	0	0	0	0	0	0	0	0	3	0	0	0	0	6	0	0	0	0	13	0	0	0	0	32	0	0	0	221	0
LFQ	42	0	0	0	0	0	0	0	0	0	0	0	0	6	0	0	0	0	0	0	0	0	0	6	0	0	0	0	11	0	0	0	0	7	0	0	0	0	43	0	0	0	214	0
LFQ	43	0	0	0	0	0	0	0	0	0	0	0	0	7	0	0	0	0	0	0	0	0	0	5	0	0	0	0	7	0	0	0	0	7	0	0	0	0	48	0	0	0	213	0
LFQ	44	0	0	0	0	0	0	0	0	0	0	0	0	7	0	0	0	0	0	0	0	0	0	5	0	0	0	0	4	0	0	0	0	10	0	0	0	0	37	0	0	0	224	0
LFQ	45	0	0	0	0	0	0	0	0	0	0	0	0	6	0	0	0	0	0	0	0	0	0	6	0	0	0	0	10	0	0	0	0	7	0	0	0	0	30	0	0	0	228	0
LFQ	46	0	0	0	0	0	0	0	0	0	0	0	0	7	0	0	0	0	0	0	0	0	0	2	0	0	0	0	8	0	0	0	0	9	0	0	0	0	33	0	0	0	228	0
LFQ	47	0	0	0	0	0	0	0	0	0	0	0	0	4	0	0	0	0	0	0	0	0	0	2	0	0	0	0	5	0	0	0	0	9	0	0	0	0	33	0	0	0	234	0
LFQ	48	0	0	0	0	0	0	0	0	0	0	0	0	5	0	0	0	0	0	0	0	0	0	3	0	0	0	0	6	0	0	0	0	2	0	0	0	0	35	0	0	0	236	0
LFQ	49	0	0	0	0	0	0	0	0	0	0	0	0	4	0	0	0	0	0	0	0	0	0	1	0	0	0	0	2	0	0	0	0	7	0	0	0	0	35	0	0	0	238	0
LFQ	50	0	0	0	0	0	0	0	0	0	0	0	0	5	0	0	0	0	0	0	0	0	0	5	0	0	0	0	5	0	0	0	0	11	0	0	0	0	32	0	0	0	229	0
LFQ	51	0	0	0	0	0	0	0	0	0	0	0	0	4	0	0	0	0	0	0	0	0	0	5	0	0	0	0	8	0	0	0	0	8	0	0	0	0	39	0	0	0	223	0
LFQ	52	0	0	0	0	0	0	0	0	0	0	0	0	8	0	0	0	0	0	0	0	0	0	4	0	0	0	0	7	0	0	0	0	10	0	0	0	0	34	0	0	0	224	0
LFQ	53	0	0	0	0	0	0	0	0	0	0	0	0	3	0	0	0	0	0	0	0	0	0	3	0	0	0	0	9	0	0	0	0	10	0	0	0	0	34	0	0	0	228	0
LFQ	54	0	0	0	0	0	0	0	0	0	0	0	0	5	0	0	0	0	0	0	0	0	0	3	0	0	0	0	9	0	0	0	0	9	0	0	0	0	29	0	0	0	232	0
LFQ	55	0	0	0	0	0	0	0	0	0	0	0	0	8	0	0	0	0	0	0	0	0	0	2	0	0	0	0	14	0	0	0	0	7	0	0	0	0	31	0	0	0	225	0
LFQ	56	0	0	0	0	0	0	0	0	0	0	0	0	6	0	0	0	0	0	0	0	0	0	3	0	0	0	0	6	0	0	0	0	10	0	0	0	0	40	0	0	0	222	0
LFQ	57	0	0	0	0	0	0	0	0	0	0	0	0	8	0	0	0	0	0	0	0	0	0	4	0	0	0	0	7	0	0	0	0	12	0	0	0	0	31	0	0	0	225	0
LFQ	58	0	0	0	0	0	0	0	0	0	0	0	0	3	0	0	0	0	0	0	0	0	0	5	0	0	0	0	12	0	0	0	0	12	0	0	0	0	30	0	0	0	225	0
LFQ	59	0	0	0	0	0	0	0	0	0	0	0	0	9	0	0	0	0	0	0	0	0	0	5	0	0	0	0	9	0	0	0	0	12	0	0	0	0	35	0	0	0	217	0
LFQ	60	0	0	0	0	0	0	0	0	0	0	0	0	5	0	0	0	0	0	0	0	0	0	8	0	0	0	0	8	0	0	0	0	12	0	0	0	0	37	0	0	0	217	0
LFQ	61	0	0	0	0	0	0	0	0	0	0	0	0	5	0	0	0	0	0	0	0	0	0	3	0	0	0	0	10	0	0	0	0	5	0	0	0	0	48	0	0	0	216	0
LFQ	62	0	0	0	0	0	0	0	0	0	0	0	0	5	0	0	0	0	0	0	0	0	0	5	0	0	0	0	5	0	0	0	0	11	0	0	0	0	42	0	0	0	219	0
LFQ	63	0	0	0	0	0	0	0	0	0	0	0	0	9	0	0	0	0	0	0	0	0	0	2	0	0	0	0	5	0	0	0	0	10	0	0	0	0	33	0	0	0	228	0
LFQ	64	0	0	0	0	0	0	0	0	0	0	0	0	6	0	0	0	0	0	0	0	0	0	3	0	0	0	0	9	0	0	0	0	7	0	0	0	0	30	0	0	0	232	0
LFQ	65	0	0	0	0	0	0	0	0	0	0	0	0	11	0	0	0	0	0	0	0	0	0	3	0	0	0	0	8	0	0	0	0	11	0	0	0	0	28	0	0	0	226	0
LFQ	66	0	0	0	0	0	0	0	0	0	0	0	0	9	0	0	0	0	0	0	0	0	0	1	0	0	0	0	10	0	0	0	0	9	0	0	0	0	29	0	0	0	229	0
LFQ	67	0	0	0	0	0	0	0	0	0	0	0	0	5	0	0	0	0	0	0	0	0	0	2	0	0	0	0	7	0	0	0	0	6	0	0	0	0	35	0	0	0	232	0
LFQ	68	0	0	0	0	0	0	0	0	0	0	0	0	4	0	0	0	0	0	0	0	0	0	5	0	0	0	0	5	0	0	0	0	13	0	0	0	0	40	0	0	0	220	0
LFQ	69	0	0	0	0	0	0	0	0	0	0	0	0	5	0	0	0	0	0	0	0	0	0	3	0	0	0	0	11	0	0	0	0	10	0	0	0	0	46	0	0	0	212	0
LFQ	70	0	0	0	0	0	0	0	0	0	0	0	0	8	0	0	0	0	0	0	0	0	0	4	0	0	0	0	7	0	0	0	0	6	0	0	0	0	32	0	0	0	230	0
LFQ	71	0	0	0	0	0	0	0	0	0	0	0	0	4	0	0	0	0	0	0	0	0	0	5	0	0	0	0	6	0	0	0	0	16	0	0	0	0	29	0	0	0	227	0
LFQ	72	0	0	0	0	0	0	0	0	0	0	0	0	6	0	0	0	0	0	0	0	0	0	5	0	0	0	0	9	0	0	0	0	23	0	0	0	0	34	0	0	0	210	0
LFQ	73	0	0	0	0	0	0	0	0	0	0	0	0	8	0	0	0	0	0	0	0	0	0	7	0	0	0	0	7	0	0	0	0	10	0	0	0	0	33	0	0	0	222	0
LFQ	74	0	0	0	0	0	0	0	0	0	0	0	0	6	0	0	0	0	0	0	0	0	0	6	0	0	0	0	2	0	0	0	0	11	0	0	0	0	41	0	0	0	221	0
LFQ	75	0	0	0	0	0	0	0	0	0	0	0	0	2	0	0	0	0	0	0	0	0	0	7	0	0	0	0	1	0	0	0	0	10	0	0	0	0	30	0	0	0	237	0
LFQ	76	0	0	0	0	0	0	0	0	0	0	0	0	4	0	0	0	0	0	0	0	0	0	3	0	0	0	0	3	0	0	0	0	10	0	0	0	0	26	0	0	0	241	0
LFQ	77	0	0	0	0	0	0	0	0	0	0	0	0	4	0	0	0	0	0	0	0	0	0	8	0	0	0	0	5	0	0	0	0	17	0	0	0	0	70	0	0	0	183	0
LFQ	78	0	0	0	0	0	0	0	0	0	0	0	0	6	0	0	0	0	0	0	0	0	0	4	0	0	0	0	12	0	0	0	0	15	0	0	0	0	47	0	0	0	203	0
LFQ	79	0	0	0	0	0	0	0	0	0	0	0	0	5	0	0	0	0	0	0	0	0	0	2	0	0	0	0	4	0	0	0	0	10	0	0	0	0	38	0	0	0	228	0
LFQ	80	0	0	0	0	0	0	0	0	0	0	0	0	2	0	0	0	0	0	0	0	0	0	2	0	0	0	0	8	0	0	0	0	14	0	0	0	0	34	0	0	0	227	0
LFQ	81	0	0	0	0	0	0	0	0	0	0	0	0	7	0	0	0	0	0	0	0	0	0	4	0	0	0	0	2	0	0	0	0	8	0	0	0	0	36	0	0	0	230	0
LFQ	82	0	0	0	0	0	0	0	0	0	0	0	0	4	0	0	0	0	0	0	0	0	0	4	0	0	0	0	9	0	0	0	0	7	0	0	0	0	36	0	0	0	227	0
LFQ	83	0	0	0	0	0	0	0	0	0	0	0	0	4	0	0	0	0	0	0	0	0	0	3	0	0	0	0	3	0	0	0	0	17	0	0	0	0	38	0	0	0	222	0
LFQ	84	0	0	0	0	0	0	0	0	0	0	0	0	4	0	0	0	0	0	0	0	0	0	1	0	0	0	0	5	0	0	0	0	4	0	0	0	0	34	0	0	0	239	0
LFQ	85	0	0	0	0	0	0	0	0	0	0	0	0	3	0	0	0	0	0	0	0	0	0	1	0	0	0	0	8	0	0	0	0	13	0	0	0	0	31	0	0	0	231	0
LFQ	86	0	0	0	0	0	0	0	0	0	0	0	0	2	0	0	0	0	0	0	0	0	0	2	0	0	0	0	9	0	0	0	0	10	0	0	0	0	33	0	0	0	231	0
LFQ	87	0	0	0	0	0	0	0	0	0	0	0	0	7	0	0	0	0	0	0	0	0	0	2	0	0	0	0	2	0	0	0	0	11	0	0	0	0	35	0	0	0	230	0
LFQ	88	0	0	0	0	0	0	0	0	0	0	0	0	9	0	0	0	0	0	0	0	0	0	2	0	0	0	0	1	0	0	0	0	13	0	0	0	0	30	0	0	0	232	0
LFQ	89	0	0	0	0	0	0	0	0	0	0	0	0	7	0	0	0	0	0	0	0	0	0	6	0	0	0	0	4	0	0	0	0	11	0	0	0	0	32	0	0	0	227	0
LFQ	90	0	0	0	0	0	0	0	0	0	0	0	0	7	0	0	0	0	0	0	0	0	0	4	0	0	0	0	3	0	0	0	0	10	0	0	0	0	37	0	0	0	226	0
LFQ	91	0	0	0	0	0	0	0	0	0	0	0	0	3	0	0	0	0	0	0	0	0	0	7	0	0	0	0	5	0	0	0	0	9	0	0	0	0	27	0	0	0	236	0
LFQ	92	0	0	0	0	0	0	0	0	0	0	0	0	10	0	0	0	0	0	0	0	0	0	4	0	0	0	0	4	0	0	0	0	10	0	0	0	0	36	0	0	0	223	0
LFQ	93	0	0	0	0	0	0	0	0	0	0	0	0	8	0	0	0	0	0	0	0	0	0	6	0	0	0	0	5	0	0	0	0	12	0	0	0	0	32	0	0	0	224	0
LFQ	94	0	0	0	0	0	0	0	0	0	0	0	0	8	0	0	0	0	0	0	0	0	0	7	0	0	0	0	6	0	0	0	0	12	0	0	0	0	34	0	0	0	220	0
LFQ	95	0	0	0	0	0	0	0	0	0	0	0	0	4	0	0	0	0	0	0	0	0	0	4	0	0	0	0	3	0	0	0	0	12	0	0	0	0	34	0	0	0	230	0
LFQ	96	0	0	0	0	0	0	0	0	0	0	0	0	4	0	0	0	0	0	0	0	0	0	2	0	0	0	0	9	0	0	0	0	11	0	0	0	0	36	0	0	0	225	0
LFQ	97	0	0	0	0	0	0	0	0	0	0	0	0	8	0	0	0	0	0	0	0	0	0	6	0	0	0	0	4	0	0	0	0	9	0	0	0	0	37	0	0	0	223	0
LFQ	98	0	0	0	0	0	0	0	0	0	0	0	0	7	0	0	0	0	0	0	0	0	0	6	0	0	0	0	6	0	0	0	0	11	0	0	0	0	31	0	0	0	226	0
LFQ	99	0	0	0	0	0	0	0	0	0	0	0	0	3	0	0	0	0	0	0	0	0	0	2	0	0	0	0	1	0	0	0	0	20	0	0	0	0	42	0	0	0	219	0
LFQ	100	0	0	0	0	0	0	0	0	0	0	0	0	8	0	0	0	0	0	0	0	0	0	2	0	0	0	0	6	0	0	0	0	15	0	0	0	0	42	0	0	0	214	0
LFQ	101	0	0	0	0	0	0	0	0	0	0	0	0	8	0	0	0	0	0	0	0	0	0	6	0	0	0	0	7	0	0	0	0	8	0	0	0	0	30	0	0	0	228	0
LFQ	102	0	0	0	0	0	0	0	0	0	0	0	0	2	0	0	0	0	0	0	0	0	0	4	0	0	0	0	5	0	0	0	0	9	0	0	0	0	32	0	0	0	235	0
LFQ	103	0	0	0	0	0	0	0	0	0	0	0	0	4	0	0	0	0	0	0	0	0	0	1	0	0	0	0	7	0	0	0	0	19	0	0	0	0	28	0	0	0	228	0
LFQ	104	0	0	0	0	0	0	0	0	0	0	0	0	5	0	0	0	0	0	0	0	0	0	4	0	0	0	0	14	0	0	0	0	6	0	0	0	0	32	0	0	0	226	0
LFQ	105	0	0	0	0	0	0	0	0	0	0	0	0	8	0	0	0	0	0	0	0	0	0	5	0	0	0	0	4	0	0	0	0	15	0	0	0	0	32	0	0	0	223	0
LFQ	106	0	0	0	0	0	0	0	0	0	0	0	0	5	0	0	0	0	0	0	0	0	0	5	0	0	0	0	2	0	0	0	0	10	0	0	0	0	45	0	0	0	220	0
LFQ	107	0	0	0	0	0	0	0	0	0	0	0	0	4	0	0	0	0	0	0	0	0	0	4	0	0	0	0	8	0	0	0	0	12	0	0	0	0	42	0	0	0	217	0
LFQ	108	0	0	0	0	0	0	0	0	0	0	0	0	3	0	0	0	0	0	0	0	0	0	4	0	0	0	0	7	0	0	0	0	14	0	0	0	0	37	0	0	0	222	0
LFQ	109	0	0	0	0	0	0	0	0	0	0	0	0	3	0	0	0	0	0	0	0	0	0	6	0	0	0	0	5	0	0	0	0	10	0	0	0	0	49	0	0	0	214	0
LFQ	110	0	0	2	0	0	0	0	0	0	0	0	0	5	0	0	0	0	0	0	0	0	0	4	0	0	0	0	2	0	0	0	0	18	0	0	0	0	45	0	0	0	211	0
LFQ	111	0	0	0	0	0	0	0	0	0	0	0	0	6	0	0	0	0	0	0	0	0	0	7	0	0	0	0	12	0	0	0	0	14	0	0	0	0	46	0	0	0	202	0
LFQ	112	0	0	0	0	0	0	0	0	0	0	0	0	8	0	0	0	0	0	0	0	0	0	5	0	0	0	0	5	0	0	0	0	18	0	0	0	0	50	0	0	0	201	0
LFQ	113	0	0	0	0	0	0	0	0	0	0	0	0	12	0	0	0	0	0	0	0	0	0	6	0	0	0	0	5	0	0	0	0	16	0	0	0	0	46	0	0	0	202	0
LFQ	114	0	0	0	0	0	0	0	0	0	0	0	0	9	0	0	0	0	0	0	0	0	0	5	0	0	0	0	9	0	0	0	0	17	0	0	0	0	45	0	0	0	202	0
LFQ	115	0	0	0	0	0	0	0	0	0	0	0	0	6	0	0	0	0	0	0	0	0	0	7	0	0	0	0	4	0	0	0	0	15	0	0	0	0	52	0	0	0	203	0
LFQ	116	0	0	0	0	0	0	0	0	0	0	0	0	7	0	0	0	0	0	0	0	0	0	5	0	0	0	0	3	0	0	0	0	12	0	0	0	0	60	0	0	0	200	0
LFQ	117	0	0	0	0	0	0	0	0	0	0	0	0	6	0	0	0	0	0	0	0	0	0	3	0	0	0	0	12	0	0	0	0	9	0	0	0	0	60	0	0	0	197	0
LFQ	118	0	0	0	0	0	0	0	0	0	0	0	0	14	0	0	0	0	0	0	0	0	0	6	0	0	0	0	8	0	0	0	0	14	0	0	0	0	53	0	0	0	192	0
LFQ	119	0	0	0	0	0	0	0	0	0	0	0	0	9	0	0	0	0	0	0	0	0	0	13	0	0	0	0	8	0	0	0	0	9	0	0	0	0	52	0	0	0	196	0
LFQ	120	0	0	0	0	0	0	0	0	0	0	0	0	8	0	0	0	0	0	0	0	0	0	15	0	0	0	0	4	0	0	0	0	14	0	0	0	0	51	0	0	0	195	0
LFQ	121	0	0	0	0	0	0	0	0	0	0	0	0	15	0	0	0	0	0	0	0	0	0	5	0	0	0	0	6	0	0	0	0	13	0	0	0	0	50	0	0	0	198	0
LFQ	122	0	0	0	0	0	0	0	0	0	0	0	0	14	0	0	0	0	0	0	0	0	0	8	0	0	0	0	6	0	0	0	0	20	0	0	0	0	42	0	0	0	197	0
LFQ	123	0	0	0	0	0	0	0	0	0	0	0	0	13	0	0	0	0	0	0	0	0	0	6	0	0	0	0	6	0	0	0	0	15	0	0	0	0	46	0	0	0	201	0
LFQ	124	0	0	0	0	0	0	0	0	0	0	0	0	9	0	0	0	0	0	0	0	0	0	8	0	0	0	0	9	0	0	0	0	15	0	0	0	0	56	0	0	0	190	0
LFQ	125	0	0	0	0	0	0	0	0	0	0	0	0	10	0	0	0	0	0	0	0	0	0	3	0	0	0	0	6	0	0	0	0	19	0	0	0	0	54	0	0	0	195	0
LFQ	126	0	0	0	0	0	0	0	0	2	0	0	0	9	0	0	0	0	0	0	0	0	0	10	0	0	0	0	7	0	0	0	0	21	0	0	0	0	48	0	0	0	190	0
LFQ	127	0	0	0	0	0	0	0	0	0	0	0	0	10	0	0	0	0	0	0	0	0	0	5	0	0	0	0	14	0	0	0	0	14	0	0	0	0	50	0	0	0	194	0
LFQ	128	0	0	0	0	0	0	0	0	1	0	0	0	16	0	0	0	0	0	0	0	0	0	5	0	0	0	0	12	0	0	0	0	21	0	0	0	0	55	0	0	0	177	0
LFQ	129	0	0	0	0	0	0	0	0	1	0	0	0	8	0	0	0	0	0	0	0	0	0	5	0	0	0	0	11	0	0	0	0	24	0	0	0	0	55	0	0	0	183	0
LFQ	130	0	0	0	0	0	0	0	0	2	0	0	0	13	0	0	0	0	0	0	0	0	0	9	0	0	0	0	15	0	0	0	0	22	0	0	0	0	55	0	0	0	171	0
LFQ	131	0	0	0	0	0	0	0	0	1	0	0	0	19	0	0	0	0	0	0	0	0	0	9	0	0	0	0	7	0	0	0	0	32	0	0	0	0	52	0	0	0	167	0
LFQ	132	0	0	0	0	0	0	0	0	1	0	0	0	15	0	0	0	0	0	0	0	0	0	13	0	0	0	0	5	0	0	0	0	19	0	0	0	0	57	0	0	0	177	0
LFQ	133	0	0	0	0	0	0	0	0	0	0	0	0	12	0	0	0	0	0	0	0	0	0	7	0	0	0	0	8	0	0	0	0	29	0	0	0	0	54	0	0	0	177	0
LFQ	134	0	0	0	0	0	0	0	0	1	0	0	0	16	0	0	0	0	0	0	0	0	0	5	0	0	0	0	5	0	0	0	0	29	0	0	0	0	57	0	0	0	174	0
LFQ	135	0	0	0	0	0	0	0	0	1	0	0	0	17	0	0	0	0	0	0	0	0	0	10	0	0	0	0	5	0	0	0	0	29	0	0	0	0	52	0	0	0	173	0
LFQ	136	0	0	0	0	0	0	0	0	0	0	0	0	12	0	0	0	0	0	0	0	0	0	9	0	0	0	0	11	0	0	0	0	28	0	0	0	0	52	0	0	0	175	0
LFQ	137	0	0	0	0	0	0	0	0	2	0	0	0	16	0	0	0	0	0	0	0	0	0	6	0	0	0	0	9	0	0	0	0	30	0	0	0	0	53	0	0	0	171	0
LFQ	138	0	0	0	0	0	0	0	0	1	0	0	0	17	0	0	0	0	0	0	0	0	0	7	0	0	0	0	12	0	0	0	0	23	0	0	0	0	56	0	0	0	171	0
LFQ	139	0	0	0	0	0	0	0	0	0	0	0	0	15	0	0	0	0	0	0	0	0	0	11	0	0	0	0	15	0	0	0	0	26	0	0	0	0	47	0	0	0	173	0
LFQ	140	0	0	0	0	0	0	0	0	1	0	0	0	11	0	0	0	0	0	0	0	0	0	8	0	0	0	0	13	0	0	0	0	39	0	0	0	0	41	0	0	0	174	0
LFQ	141	0	0	0	0	0	0	0	0	3	0	0	0	15	0	0	0	0	0	0	0	0	0	8	0	0	0	0	10	0	0	0	0	37	0	0	0	0	43	0	0	0	171	0
LFQ	142	0	0	0	0	0	0	0	0	1	0	0	0	10	0	0	0	0	0	0	0	0	0	12	0	0	0	0	9	0	0	0	0	32	0	0	0	0	55	0	0	0	167	0
LFQ	143	0	0	0	0	0	0	0	0	3	0	0	0	16	0	0	0	0	0	0	0	0	0	10	0	0	0	0	18	0	0	0	0	36	0	0	0	0	37	0	0	0	166	0
LFQ	144	0	0	0	0	0	0	0	0	1	0	0	0	13	0	0	0	0	0	0	0	0	0	10	0	0	0	0	13	0	0	0	0	32	0	0	0	0	47	0	0	0	170	0
LFQ	145	0	0	0	0	0	0	0	0	3	0	0	0	17	0	0	0	0	0	0	0	0	0	13	0	0	0	0	15	0	0	0	0	31	0	0	0	0	47	0	0	0	159	0
LFQ	146	0	0	0	0	0	0	0	0	6	0	0	0	12	0	0	0	0	0	0	0	0	0	7	0	0	0	0	18	0	0	0	0	30	0	0	0	0	55	0	0	0	157	0
LFQ	147	0	0	0	0	0	0	0	0	2	0	0	0	14	0	0	0	0	0	0	0	0	0	14	0	0	0	0	14	0	0	0	0	33	0	0	0	0	52	0	0	0	156	0
LFQ	148	0	0	0	0	0	0	0	0	0	0	0	0	20	0	0	0	0	0	0	0	0	0	10	0	0	0	0	17	0	0	0	0	37	0	0	0	0	41	0	0	0	159	0
LFQ	149	0	0	0	0	0	0	0	0	1	0	0	0	14	0	0	0	0	0	0	0	0	0	6	0	0	0	0	24	0	0	0	0	32	0	0	0	0	45	0	0	0	156	0
LFQ	150	0	0	0	0	0	0	0	0	1	0	0	0	11	0	0	0	0	0	0	0	0	0	10	0	0	0	0	21	0	0	0	0	28	0	0	0	0	51	0	0	0	150	0
LFQ	151	0	0	0	0	0	0	0	0	0	0	0	0	0	0	0	0	0	0	0	0	0	0	30	0	0	0	0	31	0	0	0	0	38	0	0	0	0	57	0	0	0	97	0
# GC Content of first fragments. Use `grep ^GCF | cut -f 2-` to extract this part.
GCF	7.79	0
GCF	15.83	1
GCF	17.59	0
GCF	19.35	1
GCF	19.85	0
GCF	20.60	2
GCF	21.36	0
GCF	22.61	1
GCF	23.87	4
GCF	24.62	2
GCF	25.38	4
GCF	25.88	9
GCF	26.63	6
GCF	27.64	4
GCF	28.39	11
GCF	28.89	9
GCF	29.40	10
GCF	29.90	15
GCF	30.40	5
GCF	30.90	11
GCF	31.41	10
GCF	31.91	16
GCF	32.41	19
GCF	33.17	18
GCF	33.92	22
GCF	34.42	12
GCF	35.18	16
GCF	36.18	11
GCF	36.93	14
GCF	37.44	16
GCF	37.94	8
GCF	38.44	15
GCF	38.94	9
GCF	39.45	10
GCF	39.95	7
GCF	40.45	3
GCF	41.21	2
GCF	41.96	5
GCF	42.46	7
GCF	42.96	2
GCF	43.97	1
GCF	44.97	3
GCF	46.23	0
GCF	47.74	1
GCF	48.49	2
GCF	48.99	0
GCF	49.75	1
GCF	50.75	0
GCF	51.76	1
GCF	53.77	0
GCF	55.78	1
GCF	56.53	0
GCF	57.04	1
# GC Content of last fragments. Use `grep ^GCL | cut -f 2-` to extract this part.
GCL	7.79	0
GCL	15.83	1
GCL	19.10	0
GCL	22.36	2
GCL	22.86	3
GCL	23.62	2
GCL	24.37	5
GCL	24.87	4
GCL	25.38	3
GCL	25.88	10
GCL	26.38	5
GCL	26.88	2
GCL	27.39	4
GCL	27.89	6
GCL	28.39	10
GCL	28.89	14
GCL	29.40	15
GCL	29.90	13
GCL	30.40	8
GCL	30.90	16
GCL	31.41	14
GCL	31.91	10
GCL	32.41	13
GCL	33.17	23
GCL	34.17	18
GCL	34.92	15
GCL	35.43	14
GCL	36.18	12
GCL	36.93	10
GCL	37.44	7
GCL	37.94	11
GCL	38.44	7
GCL	39.20	5
GCL	39.95	4
GCL	40.45	11
GCL	41.21	4
GCL	42.21	3
GCL	42.96	2
GCL	43.72	0
GCL	44.47	2
GCL	44.97	0
GCL	45.73	1
GCL	46.73	0
GCL	48.74	1
GCL	51.26	0
GCL	52.51	1
# ACGT content per cycle. Use `grep ^GCC | cut -f 2-` to extract this part. The columns are: cycle; A,C,G,T base counts as a percentage of all A/C/G/T bases [%]; and N and O counts as a percentage of all A/C/G/T bases [%]
GCC	1	32.82	16.75	19.69	30.74	1.73	0.00
GCC	2	32.94	18.68	15.45	32.94	0.00	0.00
GCC	3	36.16	14.77	14.26	34.80	0.00	0.00
GCC	4	39.05	15.62	15.79	29.54	0.00	0.00
GCC	5	30.05	18.34	19.02	32.60	0.00	0.00
GCC	6	38.20	13.07	13.58	35.14	0.00	0.00
GCC	7	32.09	15.79	16.98	35.14	0.00	0.00
GCC	8	35.14	18.85	14.77	31.24	0.00	0.00
GCC	9	33.96	18.34	13.24	34.47	0.00	0.00
GCC	10	35.65	13.58	18.17	32.60	0.00	0.00
GCC	11	32.09	17.83	18.85	31.24	0.00	0.00
GCC	12	30.39	16.81	19.69	33.11	0.00	0.00
GCC	13	31.07	17.66	17.83	33.45	0.00	0.00
GCC	14	32.94	16.98	19.86	30.22	0.00	0.00
GCC	15	35.14	14.77	17.15	32.94	0.00	0.00
GCC	16	32.77	18.17	16.47	32.60	0.00	0.00
GCC	17	31.07	18.00	18.17	32.77	0.00	0.00
GCC	18	31.75	18.17	17.32	32.77	0.00	0.00
GCC	19	36.84	17.32	16.81	29.03	0.00	0.00
GCC	20	33.62	17.15	15.62	33.62	0.00	0.00
GCC	21	33.62	16.98	16.30	33.11	0.00	0.00
GCC	22	35.82	15.28	14.94	33.96	0.00	0.00
GCC	23	28.35	19.86	18.34	33.45	0.00	0.00
GCC	24	33.11	19.19	14.94	32.77	0.00	0.00
GCC	25	34.13	17.66	17.15	31.07	0.00	0.00
GCC	26	33.28	14.26	16.64	35.82	0.00	0.00
GCC	27	34.13	16.89	15.87	33.11	0.51	0.00
GCC	28	32.14	15.65	17.35	34.86	0.17	0.00
GCC	29	33.28	16.13	16.98	33.62	0.00	0.00
GCC	30	31.92	17.32	16.13	34.63	0.00	0.00
GCC	31	34.47	18.17	18.00	29.37	0.00	0.00
GCC	32	34.80	18.34	15.11	31.75	0.00	0.00
GCC	33	32.94	19.19	14.77	33.11	0.00	0.00
GCC	34	33.96	16.64	14.43	34.97	0.00	0.00
GCC	35	32.60	15.79	20.71	30.90	0.00	0.00
GCC	36	33.11	17.66	16.13	33.11	0.00	0.00
GCC	37	32.60	15.28	18.00	34.13	0.00	0.00
GCC	38	34.63	16.98	19.52	28.86	0.00	0.00
GCC	39	37.35	14.77	18.34	29.54	0.00	0.00
GCC	40	36.22	15.99	16.67	31.12	0.17	0.00
GCC	41	31.58	15.45	16.64	36.33	0.00	0.00
GCC	42	33.96	15.28	13.92	36.84	0.00	0.00
GCC	43	34.47	12.90	18.51	34.13	0.00	0.00
GCC	44	35.31	18.00	16.81	29.88	0.00	0.00
GCC	45	34.47	14.43	15.28	35.82	0.00	0.00
GCC	46	34.47	13.41	18.00	34.13	0.00	0.00
GCC	47	30.15	16.52	20.44	32.88	0.34	0.00
GCC	48	35.14	15.79	16.81	32.26	0.00	0.00
GCC	49	32.77	17.66	14.94	34.63	0.00	0.00
GCC	50	33.62	18.00	16.47	31.92	0.00	0.00
GCC	51	33.28	15.62	18.34	32.77	0.00	0.00
GCC	52	36.33	17.66	16.81	29.20	0.00	0.00
GCC	53	33.62	16.64	17.15	32.60	0.00	0.00
GCC	54	33.11	16.81	13.92	36.16	0.00	0.00
GCC	55	34.63	16.13	16.30	32.94	0.00	0.00
GCC	56	37.52	15.62	15.96	30.90	0.00	0.00
GCC	57	34.80	15.45	17.49	32.26	0.00	0.00
GCC	58	32.26	15.62	18.00	34.13	0.00	0.00
GCC	59	31.07	16.13	18.51	34.30	0.00	0.00
GCC	60	32.77	17.15	16.81	33.28	0.00	0.00
GCC	61	38.37	16.13	14.60	30.90	0.00	0.00
GCC	62	32.43	17.66	15.11	34.80	0.00	0.00
GCC	63	34.63	16.13	14.43	34.80	0.00	0.00
GCC	64	35.65	15.45	17.15	31.75	0.00	0.00
GCC	65	33.28	12.39	19.19	35.14	0.00	0.00
GCC	66	34.47	16.98	14.60	33.96	0.00	0.00
GCC	67	34.80	15.45	14.43	35.31	0.00	0.00
GCC	68	30.22	19.02	17.49	33.28	0.00	0.00
GCC	69	35.14	18.85	15.62	30.39	0.00	0.00
GCC	70	31.07	19.86	18.85	30.22	0.00	0.00
GCC	71	30.22	16.64	19.69	33.45	0.00	0.00
GCC	72	33.45	16.30	17.49	32.77	0.00	0.00
GCC	73	32.77	14.26	18.85	34.13	0.00	0.00
GCC	74	29.37	17.66	13.41	39.56	0.00	0.00
GCC	75	31.41	17.49	13.58	37.52	0.00	0.00
GCC	76	34.30	16.81	15.11	33.79	0.00	0.00
GCC	77	34.47	15.45	14.94	35.14	0.00	0.00
GCC	78	32.94	17.66	14.77	34.63	0.00	0.00
GCC	79	34.30	18.51	13.75	33.45	0.00	0.00
GCC	80	36.16	16.81	13.58	33.45	0.00	0.00
GCC	81	35.65	18.51	14.43	31.41	0.00	0.00
GCC	82	32.77	17.15	15.79	34.30	0.00	0.00
GCC	83	31.07	16.30	18.51	34.13	0.00	0.00
GCC	84	33.45	17.15	18.85	30.56	0.00	0.00
GCC	85	31.07	14.26	18.34	36.33	0.00	0.00
GCC	86	32.77	18.51	16.98	31.75	0.00	0.00
GCC	87	29.37	16.47	18.34	35.82	0.00	0.00
GCC	88	33.11	15.28	15.11	36.50	0.00	0.00
GCC	89	33.45	15.96	17.32	33.28	0.00	0.00
GCC	90	34.47	17.49	15.45	32.60	0.00	0.00
GCC	91	34.47	16.47	15.96	33.11	0.00	0.00
GCC	92	29.37	16.64	18.17	35.82	0.00	0.00
GCC	93	33.79	17.83	15.11	33.28	0.00	0.00
GCC	94	33.28	15.79	17.15	33.79	0.00	0.00
GCC	95	33.79	16.30	19.19	30.73	0.00	0.00
GCC	96	36.33	15.45	17.15	31.07	0.00	0.00
GCC	97	32.26	15.96	15.79	35.99	0.00	0.00
GCC	98	32.60	18.17	15.96	33.28	0.00	0.00
GCC	99	34.47	17.32	13.58	34.63	0.00	0.00
GCC	100	34.80	15.79	19.69	29.71	0.00	0.00
GCC	101	30.90	19.52	17.49	32.09	0.00	0.00
GCC	102	32.09	16.64	15.96	35.31	0.00	0.00
GCC	103	34.63	14.94	18.51	31.92	0.00	0.00
GCC	104	31.07	17.83	19.69	31.41	0.00	0.00
GCC	105	31.58	18.51	16.81	33.11	0.00	0.00
GCC	106	32.43	18.17	14.77	34.63	0.00	0.00
GCC	107	35.99	15.62	16.13	32.26	0.00	0.00
GCC	108	34.47	15.79	16.13	33.62	0.00	0.00
GCC	109	28.86	18.51	18.00	34.63	0.00	0.00
GCC	110	28.45	18.23	17.38	35.95	0.34	0.00
GCC	111	35.31	16.47	15.28	32.94	0.00	0.00
GCC	112	32.60	16.30	18.85	32.26	0.00	0.00
GCC	113	33.62	20.03	16.81	29.54	0.00	0.00
GCC	114	33.11	16.47	16.47	33.96	0.00	0.00
GCC	115	36.84	15.96	14.60	32.60	0.00	0.00
GCC	116	29.88	16.81	18.85	34.47	0.00	0.00
GCC	117	31.58	16.47	16.13	35.82	0.00	0.00
GCC	118	33.79	19.35	15.45	31.41	0.00	0.00
GCC	119	28.18	19.19	17.83	34.80	0.00	0.00
GCC	120	34.13	18.34	14.09	33.45	0.00	0.00
GCC	121	33.45	15.28	15.79	35.48	0.00	0.00
GCC	122	31.75	18.00	18.68	31.58	0.00	0.00
GCC	123	34.80	18.00	17.66	29.54	0.00	0.00
GCC	124	34.30	16.47	18.00	31.24	0.00	0.00
GCC	125	30.22	23.43	16.47	29.88	0.00	0.00
GCC	126	34.13	15.28	16.64	33.96	0.00	0.00
GCC	127	33.96	16.64	13.41	35.99	0.00	0.00
GCC	128	32.94	19.02	18.51	29.54	0.00	0.00
GCC	129	35.82	19.19	16.64	28.35	0.00	0.00
GCC	130	32.94	18.17	17.15	31.75	0.00	0.00
GCC	131	30.56	17.32	18.00	34.13	0.00	0.00
GCC	132	35.65	15.79	18.34	30.22	0.00	0.00
GCC	133	35.65	16.64	17.32	30.39	0.00	0.00
GCC	134	31.92	16.81	17.15	34.13	0.00	0.00
GCC	135	35.14	14.09	16.30	34.47	0.00	0.00
GCC	136	31.24	18.51	16.47	33.79	0.00	0.00
GCC	137	29.37	17.83	20.03	32.77	0.00	0.00
GCC	138	37.86	12.90	19.69	29.54	0.00	0.00
GCC	139	33.79	18.85	15.11	32.26	0.00	0.00
GCC	140	37.01	16.98	15.79	30.22	0.00	0.00
GCC	141	33.79	15.28	17.15	33.79	0.00	0.00
GCC	142	36.63	15.16	18.40	29.81	0.00	0.00
GCC	143	30.66	21.47	16.87	31.01	0.00	0.00
GCC	144	33.39	14.99	17.04	34.58	0.00	0.00
GCC	145	37.03	17.58	13.99	31.40	0.00	0.00
GCC	146	32.42	15.87	18.43	33.28	0.00	0.00
GCC	147	32.42	16.04	18.09	33.45	0.00	0.00
GCC	148	34.76	15.24	18.15	31.85	0.00	0.00
GCC	149	33.39	17.05	17.57	31.99	0.00	0.00
GCC	150	33.27	15.66	19.75	31.32	0.00	0.00
GCC	151	31.96	17.94	18.88	31.21	0.00	0.00
# ACGT content per cycle, read oriented. Use `grep ^GCT | cut -f 2-` to extract this part. The columns are: cycle; A,C,G,T base counts as a percentage of all A/C/G/T bases [%]
GCT	1	34.37	17.62	18.83	29.19
GCT	2	38.03	14.77	19.35	27.84
GCT	3	35.99	18.51	10.53	34.97
GCT	4	39.05	15.79	15.62	29.54
GCT	5	33.45	19.52	17.83	29.20
GCT	6	45.16	12.39	14.26	28.18
GCT	7	30.90	15.79	16.98	36.33
GCT	8	30.05	18.68	14.94	36.33
GCT	9	25.98	18.00	13.58	42.44
GCT	10	38.03	14.43	17.32	30.22
GCT	11	36.50	16.98	19.69	26.83
GCT	12	31.24	19.86	16.64	32.26
GCT	13	34.47	17.15	18.34	30.05
GCT	14	32.77	16.98	19.86	30.39
GCT	15	33.28	18.51	13.41	34.80
GCT	16	32.77	15.96	18.68	32.60
GCT	17	33.79	18.17	18.00	30.05
GCT	18	32.77	21.05	14.43	31.75
GCT	19	32.26	16.30	17.83	33.62
GCT	20	35.31	16.98	15.79	31.92
GCT	21	37.35	15.79	17.49	29.37
GCT	22	33.62	15.96	14.26	36.16
GCT	23	32.43	17.32	20.88	29.37
GCT	24	30.90	18.51	15.62	34.97
GCT	25	29.20	17.66	17.15	35.99
GCT	26	31.07	14.60	16.30	38.03
GCT	27	32.94	16.89	15.87	34.30
GCT	28	32.65	14.63	18.37	34.35
GCT	29	32.43	14.43	18.68	34.47
GCT	30	33.28	18.51	14.94	33.28
GCT	31	33.79	17.32	18.85	30.05
GCT	32	34.47	18.51	14.94	32.09
GCT	33	33.11	16.81	17.15	32.94
GCT	34	32.09	14.94	16.13	36.84
GCT	35	31.07	18.51	18.00	32.43
GCT	36	30.90	17.66	16.13	35.31
GCT	37	36.84	15.28	18.00	29.88
GCT	38	33.96	19.86	16.64	29.54
GCT	39	32.09	16.81	16.30	34.80
GCT	40	36.56	15.48	17.18	30.78
GCT	41	35.48	15.45	16.64	32.43
GCT	42	34.30	13.07	16.13	36.50
GCT	43	33.11	13.41	18.00	35.48
GCT	44	33.79	17.66	17.15	31.41
GCT	45	32.94	15.11	14.60	37.35
GCT	46	37.69	17.15	14.26	30.90
GCT	47	31.35	15.84	21.12	31.69
GCT	48	32.43	18.00	14.60	34.97
GCT	49	33.96	18.00	14.60	33.45
GCT	50	36.50	19.35	15.11	29.03
GCT	51	32.09	16.98	16.98	33.96
GCT	52	33.45	14.60	19.86	32.09
GCT	53	31.41	18.00	15.79	34.80
GCT	54	36.33	14.43	16.30	32.94
GCT	55	34.80	16.13	16.30	32.77
GCT	56	33.79	13.75	17.83	34.63
GCT	57	32.77	18.68	14.26	34.30
GCT	58	32.60	14.77	18.85	33.79
GCT	59	30.73	18.00	16.64	34.63
GCT	60	31.24	16.47	17.49	34.80
GCT	61	33.11	13.75	16.98	36.16
GCT	62	34.47	17.83	14.94	32.77
GCT	63	33.11	15.45	15.11	36.33
GCT	64	32.43	15.11	17.49	34.97
GCT	65	32.60	18.68	12.90	35.82
GCT	66	35.14	18.51	13.07	33.28
GCT	67	34.63	14.77	15.11	35.48
GCT	68	31.92	18.17	18.34	31.58
GCT	69	36.84	18.34	16.13	28.69
GCT	70	32.77	18.68	20.03	28.52
GCT	71	33.28	18.85	17.49	30.39
GCT	72	34.30	16.30	17.49	31.92
GCT	73	35.31	13.24	19.86	31.58
GCT	74	34.30	17.32	13.75	34.63
GCT	75	31.41	15.62	15.45	37.52
GCT	76	34.30	14.60	17.32	33.79
GCT	77	34.13	14.26	16.13	35.48
GCT	78	34.30	19.19	13.24	33.28
GCT	79	36.84	17.15	15.11	30.90
GCT	80	37.69	17.49	12.90	31.92
GCT	81	31.41	14.77	18.17	35.65
GCT	82	34.13	16.98	15.96	32.94
GCT	83	33.11	19.86	14.94	32.09
GCT	84	31.07	19.69	16.30	32.94
GCT	85	34.47	14.09	18.51	32.94
GCT	86	28.52	19.19	16.30	35.99
GCT	87	31.92	17.83	16.98	33.28
GCT	88	37.52	15.11	15.28	32.09
GCT	89	33.79	17.49	15.79	32.94
GCT	90	33.45	16.30	16.64	33.62
GCT	91	31.24	17.49	14.94	36.33
GCT	92	35.82	16.81	18.00	29.37
GCT	93	33.62	15.45	17.49	33.45
GCT	94	35.99	15.96	16.98	31.07
GCT	95	33.62	19.69	15.79	30.90
GCT	96	37.35	16.64	15.96	30.05
GCT	97	34.97	16.81	14.94	33.28
GCT	98	31.41	18.17	15.96	34.47
GCT	99	34.63	15.28	15.62	34.47
GCT	100	33.96	17.49	18.00	30.56
GCT	101	29.71	19.19	17.83	33.28
GCT	102	34.80	18.17	14.43	32.60
GCT	103	31.07	17.32	16.13	35.48
GCT	104	31.41	18.68	18.85	31.07
GCT	105	29.54	19.35	15.96	35.14
GCT	106	33.45	18.34	14.60	33.62
GCT	107	37.18	15.62	16.13	31.07
GCT	108	35.48	15.96	15.96	32.60
GCT	109	32.77	18.17	18.34	30.73
GCT	110	34.07	19.08	16.52	30.32
GCT	111	29.54	16.98	14.77	38.71
GCT	112	31.41	16.64	18.51	33.45
GCT	113	28.01	19.02	17.83	35.14
GCT	114	31.58	17.15	15.79	35.48
GCT	115	34.97	13.58	16.98	34.47
GCT	116	31.58	17.66	18.00	32.77
GCT	117	35.14	15.11	17.49	32.26
GCT	118	35.65	17.32	17.49	29.54
GCT	119	31.92	19.69	17.32	31.07
GCT	120	36.16	17.49	14.94	31.41
GCT	121	34.13	15.11	15.96	34.80
GCT	122	30.90	16.30	20.37	32.43
GCT	123	34.80	19.19	16.47	29.54
GCT	124	33.79	16.81	17.66	31.75
GCT	125	30.05	20.03	19.86	30.05
GCT	126	35.65	16.98	14.94	32.43
GCT	127	32.26	13.41	16.64	37.69
GCT	128	31.92	20.54	16.98	30.56
GCT	129	34.13	20.71	15.11	30.05
GCT	130	33.45	15.45	19.86	31.24
GCT	131	33.79	18.68	16.64	30.90
GCT	132	34.80	18.17	15.96	31.07
GCT	133	30.39	18.68	15.28	35.65
GCT	134	36.50	18.51	15.45	29.54
GCT	135	35.99	16.47	13.92	33.62
GCT	136	26.32	19.19	15.79	38.71
GCT	137	31.41	18.68	19.19	30.73
GCT	138	31.75	17.83	14.77	35.65
GCT	139	35.14	16.30	17.66	30.90
GCT	140	33.45	16.64	16.13	33.79
GCT	141	34.80	17.49	14.94	32.77
GCT	142	32.54	16.18	17.38	33.90
GCT	143	32.88	19.25	19.08	28.79
GCT	144	32.88	17.89	14.14	35.09
GCT	145	34.64	15.19	16.38	33.79
GCT	146	35.32	19.11	15.19	30.38
GCT	147	33.28	18.60	15.53	32.59
GCT	148	32.19	16.61	16.78	34.42
GCT	149	31.63	17.40	17.22	33.74
GCT	150	30.43	17.97	17.44	34.16
GCT	151	35.51	18.50	18.32	27.66
# ACGT content per cycle for first fragments. Use `grep ^FBC | cut -f 2-` to extract this part. The columns are: cycle; A,C,G,T base counts as a percentage of all A/C/G/T bases [%]; and N and O counts as a percentage of all A/C/G/T bases [%]
FBC	1	28.76	19.73	23.08	28.43	1.00	0.00
FBC	2	32.45	17.55	14.90	35.10	0.00	0.00
FBC	3	35.43	14.57	16.89	33.11	0.00	0.00
FBC	4	37.42	18.54	14.24	29.80	0.00	0.00
FBC	5	29.14	21.19	17.22	32.45	0.00	0.00
FBC	6	40.07	12.91	14.57	32.45	0.00	0.00
FBC	7	35.43	12.58	16.23	35.76	0.00	0.00
FBC	8	32.78	19.21	14.57	33.44	0.00	0.00
FBC	9	37.42	17.22	15.56	29.80	0.00	0.00
FBC	10	34.44	14.90	18.21	32.45	0.00	0.00
FBC	11	30.13	18.87	18.21	32.78	0.00	0.00
FBC	12	29.47	20.53	16.89	33.11	0.00	0.00
FBC	13	31.79	16.56	19.54	32.12	0.00	0.00
FBC	14	32.45	18.21	21.19	28.15	0.00	0.00
FBC	15	34.44	15.56	17.88	32.12	0.00	0.00
FBC	16	33.44	18.21	16.89	31.46	0.00	0.00
FBC	17	31.13	19.21	19.54	30.13	0.00	0.00
FBC	18	31.79	17.22	16.23	34.77	0.00	0.00
FBC	19	34.77	16.56	17.88	30.79	0.00	0.00
FBC	20	36.09	14.90	16.89	32.12	0.00	0.00
FBC	21	28.48	19.54	16.89	35.10	0.00	0.00
FBC	22	33.77	17.22	17.55	31.46	0.00	0.00
FBC	23	28.15	18.87	17.55	35.43	0.00	0.00
FBC	24	32.78	22.52	16.23	28.48	0.00	0.00
FBC	25	31.46	20.20	19.87	28.48	0.00	0.00
FBC	26	34.11	13.25	16.23	36.42	0.00	0.00
FBC	27	33.89	19.27	16.61	30.23	0.33	0.00
FBC	28	30.90	15.61	18.27	35.22	0.33	0.00
FBC	29	31.13	17.88	16.56	34.44	0.00	0.00
FBC	30	36.09	15.23	17.55	31.13	0.00	0.00
FBC	31	38.08	16.56	18.54	26.82	0.00	0.00
FBC	32	35.10	17.55	14.90	32.45	0.00	0.00
FBC	33	30.13	20.86	14.24	34.77	0.00	0.00
FBC	34	34.11	15.56	13.91	36.42	0.00	0.00
FBC	35	31.79	16.89	20.86	30.46	0.00	0.00
FBC	36	34.44	16.56	16.89	32.12	0.00	0.00
FBC	37	35.76	15.89	16.23	32.12	0.00	0.00
FBC	38	32.78	18.54	19.54	29.14	0.00	0.00
FBC	39	38.74	14.24	19.54	27.48	0.00	0.00
FBC	40	36.21	18.27	16.94	28.57	0.33	0.00
FBC	41	34.44	14.24	14.90	36.42	0.00	0.00
FBC	42	34.44	16.23	12.91	36.42	0.00	0.00
FBC	43	31.13	12.25	21.19	35.43	0.00	0.00
FBC	44	34.11	18.54	13.91	33.44	0.00	0.00
FBC	45	35.76	14.90	14.24	35.10	0.00	0.00
FBC	46	32.78	12.58	18.87	35.76	0.00	0.00
FBC	47	30.33	18.33	18.33	33.00	0.67	0.00
FBC	48	36.09	13.58	19.87	30.46	0.00	0.00
FBC	49	34.11	17.22	13.25	35.43	0.00	0.00
FBC	50	33.77	18.87	15.89	31.46	0.00	0.00
FBC	51	37.09	14.24	20.53	28.15	0.00	0.00
FBC	52	40.07	18.87	15.23	25.83	0.00	0.00
FBC	53	29.47	16.56	17.22	36.75	0.00	0.00
FBC	54	32.45	18.21	13.58	35.76	0.00	0.00
FBC	55	35.76	15.89	14.90	33.44	0.00	0.00
FBC	56	38.74	16.23	14.57	30.46	0.00	0.00
FBC	57	36.42	14.24	18.21	31.13	0.00	0.00
FBC	58	29.47	15.23	20.53	34.77	0.00	0.00
FBC	59	31.79	14.24	14.57	39.40	0.00	0.00
FBC	60	34.77	14.24	20.86	30.13	0.00	0.00
FBC	61	37.09	18.21	14.57	30.13	0.00	0.00
FBC	62	28.81	16.23	17.22	37.75	0.00	0.00
FBC	63	36.09	14.57	16.56	32.78	0.00	0.00
FBC	64	39.07	14.90	15.56	30.46	0.00	0.00
FBC	65	30.13	11.26	22.19	36.42	0.00	0.00
FBC	66	33.77	16.89	15.56	33.77	0.00	0.00
FBC	67	36.75	12.58	14.90	35.76	0.00	0.00
FBC	68	30.79	14.90	18.21	36.09	0.00	0.00
FBC	69	37.42	18.87	11.26	32.45	0.00	0.00
FBC	70	30.79	21.52	18.21	29.47	0.00	0.00
FBC	71	28.81	18.87	19.21	33.11	0.00	0.00
FBC	72	30.79	15.89	17.55	35.76	0.00	0.00
FBC	73	29.80	12.91	21.85	35.43	0.00	0.00
FBC	74	30.13	14.57	15.23	40.07	0.00	0.00
FBC	75	31.13	19.21	13.25	36.42	0.00	0.00
FBC	76	31.13	17.22	16.23	35.43	0.00	0.00
FBC	77	35.43	16.23	11.59	36.75	0.00	0.00
FBC	78	32.45	18.54	16.89	32.12	0.00	0.00
FBC	79	34.77	19.21	12.91	33.11	0.00	0.00
FBC	80	34.77	18.87	12.25	34.11	0.00	0.00
FBC	81	32.45	18.21	14.90	34.44	0.00	0.00
FBC	82	34.77	21.19	14.24	29.80	0.00	0.00
FBC	83	33.11	14.90	16.23	35.76	0.00	0.00
FBC	84	33.77	16.89	21.19	28.15	0.00	0.00
FBC	85	31.46	16.23	17.55	34.77	0.00	0.00
FBC	86	33.77	17.88	18.21	30.13	0.00	0.00
FBC	87	31.79	16.23	17.22	34.77	0.00	0.00
FBC	88	32.12	17.88	15.89	34.11	0.00	0.00
FBC	89	32.12	15.56	14.90	37.42	0.00	0.00
FBC	90	35.10	19.21	14.90	30.79	0.00	0.00
FBC	91	34.77	12.58	15.56	37.09	0.00	0.00
FBC	92	30.13	17.22	17.22	35.43	0.00	0.00
FBC	93	35.76	17.22	15.56	31.46	0.00	0.00
FBC	94	29.47	16.89	18.87	34.77	0.00	0.00
FBC	95	34.11	15.89	19.87	30.13	0.00	0.00
FBC	96	36.75	15.89	16.89	30.46	0.00	0.00
FBC	97	34.11	16.23	14.57	35.10	0.00	0.00
FBC	98	31.46	18.21	17.55	32.78	0.00	0.00
FBC	99	34.77	16.23	13.58	35.43	0.00	0.00
FBC	100	30.13	17.22	19.54	33.11	0.00	0.00
FBC	101	30.13	18.87	17.55	33.44	0.00	0.00
FBC	102	28.81	16.23	17.55	37.42	0.00	0.00
FBC	103	36.75	12.25	19.21	31.79	0.00	0.00
FBC	104	30.13	17.22	19.21	33.44	0.00	0.00
FBC	105	28.81	19.54	17.55	34.11	0.00	0.00
FBC	106	33.77	17.88	15.23	33.11	0.00	0.00
FBC	107	36.09	15.89	15.56	32.45	0.00	0.00
FBC	108	35.43	13.58	15.89	35.10	0.00	0.00
FBC	109	27.81	17.22	20.20	34.77	0.00	0.00
FBC	110	24.17	18.54	18.87	38.41	0.00	0.00
FBC	111	34.11	20.53	14.24	31.13	0.00	0.00
FBC	112	34.44	15.89	15.89	33.77	0.00	0.00
FBC	113	35.10	18.21	14.90	31.79	0.00	0.00
FBC	114	36.09	14.90	16.23	32.78	0.00	0.00
FBC	115	38.08	14.90	16.23	30.79	0.00	0.00
FBC	116	30.46	15.23	15.23	39.07	0.00	0.00
FBC	117	28.48	17.22	18.54	35.76	0.00	0.00
FBC	118	33.11	19.54	14.90	32.45	0.00	0.00
FBC	119	26.16	23.51	15.89	34.44	0.00	0.00
FBC	120	34.44	15.23	17.88	32.45	0.00	0.00
FBC	121	34.44	15.56	14.24	35.76	0.00	0.00
FBC	122	32.78	16.56	15.89	34.77	0.00	0.00
FBC	123	36.42	16.56	16.23	30.79	0.00	0.00
FBC	124	32.45	17.55	19.54	30.46	0.00	0.00
FBC	125	27.48	22.52	18.21	31.79	0.00	0.00
FBC	126	36.09	16.23	15.56	32.12	0.00	0.00
FBC	127	33.44	17.88	12.58	36.09	0.00	0.00
FBC	128	30.79	20.20	19.54	29.47	0.00	0.00
FBC	129	35.10	17.55	16.89	30.46	0.00	0.00
FBC	130	32.45	18.87	18.21	30.46	0.00	0.00
FBC	131	31.13	16.89	16.89	35.10	0.00	0.00
FBC	132	34.77	16.56	16.56	32.12	0.00	0.00
FBC	133	34.11	17.88	16.89	31.13	0.00	0.00
FBC	134	28.81	20.86	17.88	32.45	0.00	0.00
FBC	135	33.44	14.57	17.55	34.44	0.00	0.00
FBC	136	30.79	17.88	16.89	34.44	0.00	0.00
FBC	137	31.46	15.23	19.54	33.77	0.00	0.00
FBC	138	35.76	12.91	20.53	30.79	0.00	0.00
FBC	139	34.44	21.19	11.92	32.45	0.00	0.00
FBC	140	38.41	16.56	17.22	27.81	0.00	0.00
FBC	141	32.78	17.22	18.54	31.46	0.00	0.00
FBC	142	38.21	13.95	17.61	30.23	0.00	0.00
FBC	143	30.56	19.60	16.94	32.89	0.00	0.00
FBC	144	31.56	14.62	17.28	36.54	0.00	0.00
FBC	145	34.55	19.27	16.94	29.24	0.00	0.00
FBC	146	28.90	16.94	17.94	36.21	0.00	0.00
FBC	147	29.90	16.28	16.28	37.54	0.00	0.00
FBC	148	34.33	15.67	20.00	30.00	0.00	0.00
FBC	149	34.02	16.49	18.90	30.58	0.00	0.00
FBC	150	32.41	15.17	19.66	32.76	0.00	0.00
FBC	151	27.66	18.44	19.86	34.04	0.00	0.00
# ACGT raw counters for first fragments. Use `grep ^FTC | cut -f 2-` to extract this part. The columns are: A,C,G,T,N base counters
FTC	15092	7705	7708	15038	8
# ACGT content per cycle for last fragments. Use `grep ^LBC | cut -f 2-` to extract this part. The columns are: cycle; A,C,G,T base counts as a percentage of all A/C/G/T bases [%]; and N and O counts as a percentage of all A/C/G/T bases [%]
LBC	1	37.14	13.57	16.07	33.21	2.50	0.00
LBC	2	33.45	19.86	16.03	30.66	0.00	0.00
LBC	3	36.93	14.98	11.50	36.59	0.00	0.00
LBC	4	40.77	12.54	17.42	29.27	0.00	0.00
LBC	5	31.01	15.33	20.91	32.75	0.00	0.00
LBC	6	36.24	13.24	12.54	37.98	0.00	0.00
LBC	7	28.57	19.16	17.77	34.49	0.00	0.00
LBC	8	37.63	18.47	14.98	28.92	0.00	0.00
LBC	9	30.31	19.51	10.80	39.37	0.00	0.00
LBC	10	36.93	12.20	18.12	32.75	0.00	0.00
LBC	11	34.15	16.72	19.51	29.62	0.00	0.00
LBC	12	31.36	12.89	22.65	33.10	0.00	0.00
LBC	13	30.31	18.82	16.03	34.84	0.00	0.00
LBC	14	33.45	15.68	18.47	32.40	0.00	0.00
LBC	15	35.89	13.94	16.38	33.80	0.00	0.00
LBC	16	32.06	18.12	16.03	33.80	0.00	0.00
LBC	17	31.01	16.72	16.72	35.54	0.00	0.00
LBC	18	31.71	19.16	18.47	30.66	0.00	0.00
LBC	19	39.02	18.12	15.68	27.18	0.00	0.00
LBC	20	31.01	19.51	14.29	35.19	0.00	0.00
LBC	21	39.02	14.29	15.68	31.01	0.00	0.00
LBC	22	37.98	13.24	12.20	36.59	0.00	0.00
LBC	23	28.57	20.91	19.16	31.36	0.00	0.00
LBC	24	33.45	15.68	13.59	37.28	0.00	0.00
LBC	25	36.93	14.98	14.29	33.80	0.00	0.00
LBC	26	32.40	15.33	17.07	35.19	0.00	0.00
LBC	27	34.39	14.39	15.09	36.14	0.70	0.00
LBC	28	33.45	15.68	16.38	34.49	0.00	0.00
LBC	29	35.54	14.29	17.42	32.75	0.00	0.00
LBC	30	27.53	19.51	14.63	38.33	0.00	0.00
LBC	31	30.66	19.86	17.42	32.06	0.00	0.00
LBC	32	34.49	19.16	15.33	31.01	0.00	0.00
LBC	33	35.89	17.42	15.33	31.36	0.00	0.00
LBC	34	33.80	17.77	14.98	33.45	0.00	0.00
LBC	35	33.45	14.63	20.56	31.36	0.00	0.00
LBC	36	31.71	18.82	15.33	34.15	0.00	0.00
LBC	37	29.27	14.63	19.86	36.24	0.00	0.00
LBC	38	36.59	15.33	19.51	28.57	0.00	0.00
LBC	39	35.89	15.33	17.07	31.71	0.00	0.00
LBC	40	36.24	13.59	16.38	33.80	0.00	0.00
LBC	41	28.57	16.72	18.47	36.24	0.00	0.00
LBC	42	33.45	14.29	14.98	37.28	0.00	0.00
LBC	43	37.98	13.59	15.68	32.75	0.00	0.00
LBC	44	36.59	17.42	19.86	26.13	0.00	0.00
LBC	45	33.10	13.94	16.38	36.59	0.00	0.00
LBC	46	36.24	14.29	17.07	32.40	0.00	0.00
LBC	47	29.97	14.63	22.65	32.75	0.00	0.00
LBC	48	34.15	18.12	13.59	34.15	0.00	0.00
LBC	49	31.36	18.12	16.72	33.80	0.00	0.00
LBC	50	33.45	17.07	17.07	32.40	0.00	0.00
LBC	51	29.27	17.07	16.03	37.63	0.00	0.00
LBC	52	32.40	16.38	18.47	32.75	0.00	0.00
LBC	53	37.98	16.72	17.07	28.22	0.00	0.00
LBC	54	33.80	15.33	14.29	36.59	0.00	0.00
LBC	55	33.45	16.38	17.77	32.40	0.00	0.00
LBC	56	36.24	14.98	17.42	31.36	0.00	0.00
LBC	57	33.10	16.72	16.72	33.45	0.00	0.00
LBC	58	35.19	16.03	15.33	33.45	0.00	0.00
LBC	59	30.31	18.12	22.65	28.92	0.00	0.00
LBC	60	30.66	20.21	12.54	36.59	0.00	0.00
LBC	61	39.72	13.94	14.63	31.71	0.00	0.00
LBC	62	36.24	19.16	12.89	31.71	0.00	0.00
LBC	63	33.10	17.77	12.20	36.93	0.00	0.00
LBC	64	32.06	16.03	18.82	33.10	0.00	0.00
LBC	65	36.59	13.59	16.03	33.80	0.00	0.00
LBC	66	35.19	17.07	13.59	34.15	0.00	0.00
LBC	67	32.75	18.47	13.94	34.84	0.00	0.00
LBC	68	29.62	23.34	16.72	30.31	0.00	0.00
LBC	69	32.75	18.82	20.21	28.22	0.00	0.00
LBC	70	31.36	18.12	19.51	31.01	0.00	0.00
LBC	71	31.71	14.29	20.21	33.80	0.00	0.00
LBC	72	36.24	16.72	17.42	29.62	0.00	0.00
LBC	73	35.89	15.68	15.68	32.75	0.00	0.00
LBC	74	28.57	20.91	11.50	39.02	0.00	0.00
LBC	75	31.71	15.68	13.94	38.68	0.00	0.00
LBC	76	37.63	16.38	13.94	32.06	0.00	0.00
LBC	77	33.45	14.63	18.47	33.45	0.00	0.00
LBC	78	33.45	16.72	12.54	37.28	0.00	0.00
LBC	79	33.80	17.77	14.63	33.80	0.00	0.00
LBC	80	37.63	14.63	14.98	32.75	0.00	0.00
LBC	81	39.02	18.82	13.94	28.22	0.00	0.00
LBC	82	30.66	12.89	17.42	39.02	0.00	0.00
LBC	83	28.92	17.77	20.91	32.40	0.00	0.00
LBC	84	33.10	17.42	16.38	33.10	0.00	0.00
LBC	85	30.66	12.20	19.16	37.98	0.00	0.00
LBC	86	31.71	19.16	15.68	33.45	0.00	0.00
LBC	87	26.83	16.72	19.51	36.93	0.00	0.00
LBC	88	34.15	12.54	14.29	39.02	0.00	0.00
LBC	89	34.84	16.38	19.86	28.92	0.00	0.00
LBC	90	33.80	15.68	16.03	34.49	0.00	0.00
LBC	91	34.15	20.56	16.38	28.92	0.00	0.00
LBC	92	28.57	16.03	19.16	36.24	0.00	0.00
LBC	93	31.71	18.47	14.63	35.19	0.00	0.00
LBC	94	37.28	14.63	15.33	32.75	0.00	0.00
LBC	95	33.45	16.72	18.47	31.36	0.00	0.00
LBC	96	35.89	14.98	17.42	31.71	0.00	0.00
LBC	97	30.31	15.68	17.07	36.93	0.00	0.00
LBC	98	33.80	18.12	14.29	33.80	0.00	0.00
LBC	99	34.15	18.47	13.59	33.80	0.00	0.00
LBC	100	39.72	14.29	19.86	26.13	0.00	0.00
LBC	101	31.71	20.21	17.42	30.66	0.00	0.00
LBC	102	35.54	17.07	14.29	33.10	0.00	0.00
LBC	103	32.40	17.77	17.77	32.06	0.00	0.00
LBC	104	32.06	18.47	20.21	29.27	0.00	0.00
LBC	105	34.49	17.42	16.03	32.06	0.00	0.00
LBC	106	31.01	18.47	14.29	36.24	0.00	0.00
LBC	107	35.89	15.33	16.72	32.06	0.00	0.00
LBC	108	33.45	18.12	16.38	32.06	0.00	0.00
LBC	109	29.97	19.86	15.68	34.49	0.00	0.00
LBC	110	32.98	17.89	15.79	33.33	0.70	0.00
LBC	111	36.59	12.20	16.38	34.84	0.00	0.00
LBC	112	30.66	16.72	21.95	30.66	0.00	0.00
LBC	113	32.06	21.95	18.82	27.18	0.00	0.00
LBC	114	29.97	18.12	16.72	35.19	0.00	0.00
LBC	115	35.54	17.07	12.89	34.49	0.00	0.00
LBC	116	29.27	18.47	22.65	29.62	0.00	0.00
LBC	117	34.84	15.68	13.59	35.89	0.00	0.00
LBC	118	34.49	19.16	16.03	30.31	0.00	0.00
LBC	119	30.31	14.63	19.86	35.19	0.00	0.00
LBC	120	33.80	21.60	10.10	34.49	0.00	0.00
LBC	121	32.40	14.98	17.42	35.19	0.00	0.00
LBC	122	30.66	19.51	21.60	28.22	0.00	0.00
LBC	123	33.10	19.51	19.16	28.22	0.00	0.00
LBC	124	36.24	15.33	16.38	32.06	0.00	0.00
LBC	125	33.10	24.39	14.63	27.87	0.00	0.00
LBC	126	32.06	14.29	17.77	35.89	0.00	0.00
LBC	127	34.49	15.33	14.29	35.89	0.00	0.00
LBC	128	35.19	17.77	17.42	29.62	0.00	0.00
LBC	129	36.59	20.91	16.38	26.13	0.00	0.00
LBC	130	33.45	17.42	16.03	33.10	0.00	0.00
LBC	131	29.97	17.77	19.16	33.10	0.00	0.00
LBC	132	36.59	14.98	20.21	28.22	0.00	0.00
LBC	133	37.28	15.33	17.77	29.62	0.00	0.00
LBC	134	35.19	12.54	16.38	35.89	0.00	0.00
LBC	135	36.93	13.59	14.98	34.49	0.00	0.00
LBC	136	31.71	19.16	16.03	33.10	0.00	0.00
LBC	137	27.18	20.56	20.56	31.71	0.00	0.00
LBC	138	40.07	12.89	18.82	28.22	0.00	0.00
LBC	139	33.10	16.38	18.47	32.06	0.00	0.00
LBC	140	35.54	17.42	14.29	32.75	0.00	0.00
LBC	141	34.84	13.24	15.68	36.24	0.00	0.00
LBC	142	34.97	16.43	19.23	29.37	0.00	0.00
LBC	143	30.77	23.43	16.78	29.02	0.00	0.00
LBC	144	35.31	15.38	16.78	32.52	0.00	0.00
LBC	145	39.65	15.79	10.88	33.68	0.00	0.00
LBC	146	36.14	14.74	18.95	30.18	0.00	0.00
LBC	147	35.09	15.79	20.00	29.12	0.00	0.00
LBC	148	35.21	14.79	16.20	33.80	0.00	0.00
LBC	149	32.73	17.63	16.19	33.45	0.00	0.00
LBC	150	34.19	16.18	19.85	29.78	0.00	0.00
LBC	151	36.76	17.39	17.79	28.06	0.00	0.00
# ACGT raw counters for last fragments. Use `grep ^LTC | cut -f 2-` to extract this part. The columns are: A,C,G,T,N base counters
LTC	14577	7230	7216	14233	11
# Insert sizes. Use `grep ^IS | cut -f 2-` to extract this part. The columns are: insert size, pairs total, inward oriented pairs, outward oriented pairs, other pairs
IS	0	0	0	0	0
IS	1	0	0	0	0
IS	2	0	0	0	0
IS	3	0	0	0	0
IS	4	0	0	0	0
IS	5	0	0	0	0
IS	6	0	0	0	0
IS	7	0	0	0	0
IS	8	0	0	0	0
IS	9	0	0	0	0
IS	10	0	0	0	0
IS	11	0	0	0	0
IS	12	0	0	0	0
IS	13	0	0	0	0
IS	14	0	0	0	0
IS	15	0	0	0	0
IS	16	0	0	0	0
IS	17	0	0	0	0
IS	18	0	0	0	0
IS	19	0	0	0	0
IS	20	0	0	0	0
IS	21	0	0	0	0
IS	22	0	0	0	0
IS	23	0	0	0	0
IS	24	0	0	0	0
IS	25	0	0	0	0
IS	26	0	0	0	0
IS	27	0	0	0	0
IS	28	0	0	0	0
IS	29	0	0	0	0
IS	30	0	0	0	0
IS	31	0	0	0	0
IS	32	0	0	0	0
IS	33	0	0	0	0
IS	34	0	0	0	0
IS	35	0	0	0	0
IS	36	0	0	0	0
IS	37	0	0	0	0
IS	38	0	0	0	0
IS	39	0	0	0	0
IS	40	0	0	0	0
IS	41	0	0	0	0
IS	42	0	0	0	0
IS	43	0	0	0	0
IS	44	0	0	0	0
IS	45	0	0	0	0
IS	46	0	0	0	0
IS	47	0	0	0	0
IS	48	0	0	0	0
IS	49	0	0	0	0
IS	50	0	0	0	0
IS	51	0	0	0	0
IS	52	0	0	0	0
IS	53	0	0	0	0
IS	54	0	0	0	0
IS	55	0	0	0	0
IS	56	0	0	0	0
IS	57	0	0	0	0
IS	58	0	0	0	0
IS	59	0	0	0	0
IS	60	0	0	0	0
IS	61	0	0	0	0
IS	62	0	0	0	0
IS	63	0	0	0	0
IS	64	0	0	0	0
IS	65	0	0	0	0
IS	66	0	0	0	0
IS	67	0	0	0	0
IS	68	0	0	0	0
IS	69	0	0	0	0
IS	70	0	0	0	0
IS	71	0	0	0	0
IS	72	0	0	0	0
IS	73	0	0	0	0
IS	74	0	0	0	0
IS	75	0	0	0	0
IS	76	0	0	0	0
IS	77	0	0	0	0
IS	78	0	0	0	0
IS	79	0	0	0	0
IS	80	0	0	0	0
IS	81	0	0	0	0
IS	82	0	0	0	0
IS	83	0	0	0	0
IS	84	0	0	0	0
IS	85	0	0	0	0
IS	86	0	0	0	0
IS	87	0	0	0	0
IS	88	0	0	0	0
IS	89	0	0	0	0
IS	90	0	0	0	0
IS	91	0	0	0	0
IS	92	0	0	0	0
IS	93	0	0	0	0
IS	94	0	0	0	0
IS	95	0	0	0	0
IS	96	0	0	0	0
IS	97	0	0	0	0
IS	98	0	0	0	0
IS	99	0	0	0	0
IS	100	0	0	0	0
IS	101	0	0	0	0
IS	102	0	0	0	0
IS	103	0	0	0	0
IS	104	0	0	0	0
IS	105	0	0	0	0
IS	106	0	0	0	0
IS	107	0	0	0	0
IS	108	0	0	0	0
IS	109	0	0	0	0
IS	110	0	0	0	0
IS	111	0	0	0	0
IS	112	0	0	0	0
IS	113	0	0	0	0
IS	114	0	0	0	0
IS	115	0	0	0	0
IS	116	0	0	0	0
IS	117	0	0	0	0
IS	118	0	0	0	0
IS	119	0	0	0	0
IS	120	0	0	0	0
IS	121	0	0	0	0
IS	122	0	0	0	0
IS	123	0	0	0	0
IS	124	0	0	0	0
IS	125	0	0	0	0
IS	126	0	0	0	0
IS	127	0	0	0	0
IS	128	0	0	0	0
IS	129	0	0	0	0
IS	130	0	0	0	0
IS	131	0	0	0	0
IS	132	0	0	0	0
IS	133	0	0	0	0
IS	134	0	0	0	0
IS	135	0	0	0	0
IS	136	0	0	0	0
IS	137	0	0	0	0
IS	138	0	0	0	0
IS	139	0	0	0	0
IS	140	0	0	0	0
IS	141	0	0	0	0
IS	142	1	0	1	0
IS	143	0	0	0	0
IS	144	0	0	0	0
IS	145	0	0	0	0
IS	146	0	0	0	0
IS	147	0	0	0	0
IS	148	0	0	0	0
IS	149	0	0	0	0
IS	150	0	0	0	0
IS	151	0	0	0	0
IS	152	0	0	0	0
IS	153	0	0	0	0
IS	154	0	0	0	0
IS	155	0	0	0	0
IS	156	0	0	0	0
IS	157	0	0	0	0
IS	158	0	0	0	0
IS	159	0	0	0	0
IS	160	0	0	0	0
IS	161	0	0	0	0
IS	162	0	0	0	0
IS	163	0	0	0	0
IS	164	0	0	0	0
IS	165	0	0	0	0
IS	166	0	0	0	0
IS	167	0	0	0	0
IS	168	0	0	0	0
IS	169	0	0	0	0
IS	170	0	0	0	0
IS	171	0	0	0	0
IS	172	0	0	0	0
IS	173	0	0	0	0
IS	174	0	0	0	0
IS	175	0	0	0	0
IS	176	0	0	0	0
IS	177	0	0	0	0
IS	178	0	0	0	0
IS	179	0	0	0	0
IS	180	0	0	0	0
IS	181	0	0	0	0
IS	182	0	0	0	0
IS	183	0	0	0	0
IS	184	0	0	0	0
IS	185	0	0	0	0
IS	186	0	0	0	0
IS	187	0	0	0	0
IS	188	1	1	0	0
IS	189	0	0	0	0
IS	190	0	0	0	0
IS	191	0	0	0	0
IS	192	0	0	0	0
IS	193	0	0	0	0
IS	194	0	0	0	0
IS	195	1	1	0	0
IS	196	0	0	0	0
IS	197	0	0	0	0
IS	198	0	0	0	0
IS	199	0	0	0	0
IS	200	0	0	0	0
IS	201	1	1	0	0
IS	202	0	0	0	0
IS	203	0	0	0	0
IS	204	2	2	0	0
IS	205	1	1	0	0
IS	206	0	0	0	0
IS	207	0	0	0	0
IS	208	0	0	0	0
IS	209	0	0	0	0
IS	210	0	0	0	0
IS	211	0	0	0	0
IS	212	0	0	0	0
IS	213	0	0	0	0
IS	214	0	0	0	0
IS	215	0	0	0	0
IS	216	4	4	0	0
IS	217	0	0	0	0
IS	218	0	0	0	0
IS	219	1	1	0	0
IS	220	0	0	0	0
IS	221	0	0	0	0
IS	222	1	1	0	0
IS	223	3	3	0	0
IS	224	0	0	0	0
IS	225	1	1	0	0
IS	226	2	2	0	0
IS	227	1	1	0	0
IS	228	0	0	0	0
IS	229	0	0	0	0
IS	230	0	0	0	0
IS	231	0	0	0	0
IS	232	1	1	0	0
IS	233	0	0	0	0
IS	234	0	0	0	0
IS	235	0	0	0	0
IS	236	1	1	0	0
IS	237	0	0	0	0
IS	238	0	0	0	0
IS	239	2	2	0	0
IS	240	1	1	0	0
IS	241	3	3	0	0
IS	242	0	0	0	0
IS	243	1	1	0	0
IS	244	0	0	0	0
IS	245	0	0	0	0
IS	246	0	0	0	0
IS	247	1	1	0	0
IS	248	0	0	0	0
IS	249	0	0	0	0
IS	250	0	0	0	0
IS	251	0	0	0	0
IS	252	0	0	0	0
IS	253	1	1	0	0
IS	254	0	0	0	0
IS	255	0	0	0	0
IS	256	0	0	0	0
IS	257	0	0	0	0
IS	258	0	0	0	0
IS	259	0	0	0	0
IS	260	1	1	0	0
IS	261	1	1	0	0
IS	262	2	2	0	0
IS	263	1	1	0	0
IS	264	2	2	0	0
IS	265	0	0	0	0
IS	266	0	0	0	0
IS	267	0	0	0	0
IS	268	0	0	0	0
IS	269	1	1	0	0
IS	270	0	0	0	0
IS	271	0	0	0	0
IS	272	0	0	0	0
IS	273	0	0	0	0
IS	274	0	0	0	0
IS	275	0	0	0	0
IS	276	0	0	0	0
IS	277	0	0	0	0
IS	278	0	0	0	0
IS	279	0	0	0	0
IS	280	0	0	0	0
IS	281	1	1	0	0
IS	282	1	1	0	0
IS	283	0	0	0	0
IS	284	0	0	0	0
IS	285	1	1	0	0
IS	286	2	2	0	0
IS	287	1	1	0	0
IS	288	0	0	0	0
IS	289	0	0	0	0
IS	290	0	0	0	0
IS	291	0	0	0	0
IS	292	0	0	0	0
IS	293	3	3	0	0
IS	294	1	1	0	0
IS	295	1	1	0	0
IS	296	1	1	0	0
IS	297	0	0	0	0
IS	298	0	0	0	0
IS	299	0	0	0	0
IS	300	0	0	0	0
IS	301	1	1	0	0
IS	302	5	5	0	0
IS	303	0	0	0	0
IS	304	1	1	0	0
IS	305	1	1	0	0
IS	306	0	0	0	0
IS	307	2	2	0	0
IS	308	2	2	0	0
IS	309	1	1	0	0
IS	310	0	0	0	0
IS	311	0	0	0	0
IS	312	0	0	0	0
IS	313	2	2	0	0
IS	314	0	0	0	0
IS	315	1	1	0	0
IS	316	0	0	0	0
IS	317	0	0	0	0
IS	318	0	0	0	0
IS	319	1	1	0	0
IS	320	3	3	0	0
IS	321	1	1	0	0
IS	322	1	1	0	0
IS	323	0	0	0	0
IS	324	3	3	0	0
IS	325	0	0	0	0
IS	326	2	2	0	0
IS	327	1	1	0	0
IS	328	0	0	0	0
IS	329	0	0	0	0
IS	330	1	1	0	0
IS	331	1	1	0	0
IS	332	1	1	0	0
IS	333	0	0	0	0
IS	334	0	0	0	0
IS	335	2	2	0	0
IS	336	0	0	0	0
IS	337	2	2	0	0
IS	338	3	3	0	0
IS	339	0	0	0	0
IS	340	0	0	0	0
IS	341	0	0	0	0
IS	342	1	1	0	0
IS	343	1	1	0	0
IS	344	2	2	0	0
IS	345	2	2	0	0
IS	346	0	0	0	0
IS	347	0	0	0	0
IS	348	0	0	0	0
IS	349	2	2	0	0
IS	350	3	3	0	0
IS	351	0	0	0	0
IS	352	3	3	0	0
IS	353	1	1	0	0
IS	354	2	2	0	0
IS	355	1	1	0	0
IS	356	2	2	0	0
IS	357	0	0	0	0
IS	358	0	0	0	0
IS	359	0	0	0	0
IS	360	0	0	0	0
IS	361	2	2	0	0
IS	362	1	1	0	0
IS	363	3	3	0	0
IS	364	0	0	0	0
IS	365	0	0	0	0
IS	366	1	1	0	0
IS	367	1	1	0	0
IS	368	1	1	0	0
IS	369	0	0	0	0
IS	370	0	0	0	0
IS	371	2	2	0	0
IS	372	2	2	0	0
IS	373	4	4	0	0
IS	374	1	1	0	0
IS	375	2	2	0	0
IS	376	1	1	0	0
IS	377	1	1	0	0
IS	378	0	0	0	0
IS	379	1	1	0	0
IS	380	1	1	0	0
IS	381	0	0	0	0
IS	382	3	3	0	0
IS	383	2	2	0	0
IS	384	1	1	0	0
IS	385	0	0	0	0
IS	386	2	2	0	0
IS	387	1	1	0	0
IS	388	0	0	0	0
IS	389	2	2	0	0
IS	390	1	1	0	0
IS	391	3	3	0	0
IS	392	2	2	0	0
IS	393	3	3	0	0
IS	394	2	2	0	0
IS	395	0	0	0	0
IS	396	1	1	0	0
IS	397	0	0	0	0
IS	398	0	0	0	0
IS	399	2	2	0	0
IS	400	1	1	0	0
IS	401	0	0	0	0
IS	402	2	2	0	0
IS	403	3	3	0	0
IS	404	2	2	0	0
IS	405	2	2	0	0
IS	406	0	0	0	0
IS	407	3	3	0	0
IS	408	2	2	0	0
IS	409	0	0	0	0
IS	410	2	2	0	0
IS	411	1	1	0	0
IS	412	1	1	0	0
IS	413	2	2	0	0
IS	414	2	2	0	0
IS	415	0	0	0	0
IS	416	0	0	0	0
IS	417	0	0	0	0
IS	418	2	2	0	0
IS	419	1	1	0	0
IS	420	3	3	0	0
IS	421	0	0	0	0
IS	422	2	2	0	0
IS	423	1	1	0	0
IS	424	1	1	0	0
IS	425	1	1	0	0
IS	426	3	3	0	0
IS	427	2	2	0	0
IS	428	1	1	0	0
IS	429	2	2	0	0
IS	430	2	2	0	0
IS	431	3	3	0	0
IS	432	1	1	0	0
IS	433	0	0	0	0
IS	434	4	4	0	0
IS	435	2	2	0	0
IS	436	0	0	0	0
IS	437	2	2	0	0
IS	438	3	3	0	0
IS	439	1	1	0	0
IS	440	2	2	0	0
IS	441	1	1	0	0
IS	442	1	1	0	0
IS	443	2	2	0	0
IS	444	5	5	0	0
IS	445	1	1	0	0
IS	446	1	1	0	0
IS	447	3	3	0	0
IS	448	0	0	0	0
IS	449	1	1	0	0
IS	450	0	0	0	0
IS	451	0	0	0	0
IS	452	0	0	0	0
IS	453	2	2	0	0
IS	454	2	2	0	0
IS	455	1	1	0	0
IS	456	2	2	0	0
IS	457	2	2	0	0
IS	458	2	2	0	0
IS	459	0	0	0	0
IS	460	0	0	0	0
IS	461	1	1	0	0
IS	462	3	3	0	0
IS	463	1	1	0	0
IS	464	2	2	0	0
IS	465	0	0	0	0
IS	466	0	0	0	0
IS	467	0	0	0	0
IS	468	0	0	0	0
IS	469	0	0	0	0
IS	470	1	1	0	0
IS	471	0	0	0	0
IS	472	1	1	0	0
IS	473	2	2	0	0
IS	474	0	0	0	0
IS	475	1	1	0	0
IS	476	2	2	0	0
IS	477	0	0	0	0
IS	478	0	0	0	0
IS	479	0	0	0	0
IS	480	1	1	0	0
IS	481	1	1	0	0
IS	482	0	0	0	0
IS	483	2	2	0	0
IS	484	0	0	0	0
IS	485	1	1	0	0
IS	486	1	1	0	0
IS	487	1	1	0	0
# Read lengths. Use `grep ^RL | cut -f 2-` to extract this part. The columns are: read length, count
RL	141	2
RL	144	1
RL	147	2
RL	148	15
RL	149	7
RL	150	27
RL	151	535
# Read lengths - first fragments. Use `grep ^FRL | cut -f 2-` to extract this part. The columns are: read length, count
FRL	141	1
FRL	147	1
FRL	148	9
FRL	149	1
FRL	150	8
FRL	151	282
# Read lengths - last fragments. Use `grep ^LRL | cut -f 2-` to extract this part. The columns are: read length, count
LRL	141	1
LRL	144	1
LRL	147	1
LRL	148	6
LRL	149	6
LRL	150	19
LRL	151	253
# Mapping qualities for reads !(UNMAP|SECOND|SUPPL|QCFAIL|DUP). Use `grep ^MAPQ | cut -f 2-` to extract this part. The columns are: mapq, count
MAPQ	0	3
MAPQ	1	16
MAPQ	255	570
# Indel distribution. Use `grep ^ID | cut -f 2-` to extract this part. The columns are: length, number of insertions, number of deletions
ID	1	4	9
ID	2	0	1
ID	4	0	1
# Indels per cycle. Use `grep ^IC | cut -f 2-` to extract this part. The columns are: cycle, number of insertions (fwd), .. (rev) , number of deletions (fwd), .. (rev)
IC	14	0	0	1	0
IC	30	0	1	0	1
IC	32	0	0	0	1
IC	33	0	0	1	0
IC	35	0	1	0	0
IC	38	0	0	0	1
IC	47	0	0	0	1
IC	58	0	0	1	0
IC	78	0	0	0	1
IC	87	0	0	0	1
IC	98	0	0	0	1
IC	132	1	0	0	0
IC	139	0	0	1	0
IC	146	1	0	0	0
# Coverage distribution. Use `grep ^COV | cut -f 2-` to extract this part.
COV	[1-1]	1	68170
COV	[2-2]	2	7986
COV	[3-3]	3	1118
COV	[4-4]	4	82
COV	[6-6]	6	165
# GC-depth. Use `grep ^GCD | cut -f 2-` to extract this part. The columns are: GC%, unique sequence percentiles, 10th, 25th, 50th, 75th and 90th depth percentile
GCD	0.0	2.062	0.000	0.000	0.000	0.000	0.000
GCD	2.3	3.093	0.053	0.053	0.053	0.053	0.053
GCD	26.0	4.124	0.015	0.015	0.015	0.015	0.015
GCD	27.0	6.186	0.023	0.023	0.026	0.030	0.030
GCD	29.0	12.371	0.038	0.038	0.053	0.055	0.060
GCD	30.0	17.526	0.015	0.023	0.030	0.041	0.045
GCD	31.0	28.866	0.033	0.045	0.045	0.075	0.089
GCD	32.0	40.206	0.017	0.023	0.045	0.075	0.089
GCD	33.0	51.546	0.009	0.038	0.053	0.060	0.074
GCD	34.0	64.948	0.015	0.023	0.030	0.068	0.084
GCD	35.0	76.289	0.017	0.030	0.045	0.075	0.095
GCD	36.0	82.474	0.030	0.030	0.041	0.049	0.060
GCD	37.0	91.753	0.008	0.023	0.045	0.087	0.121
GCD	38.0	95.876	0.008	0.011	0.026	0.047	0.053
GCD	40.0	96.907	0.075	0.075	0.075	0.075	0.075
GCD	41.0	97.938	0.015	0.015	0.015	0.015	0.015
GCD	42.0	98.969	0.060	0.060	0.060	0.060	0.060
GCD	43.0	100.000	0.015	0.015	0.015	0.015	0.015
