# This file was produced by samtools stats (1.21+htslib-1.21) and can be plotted using plot-bamstats
# This file contains statistics for all reads.
# The command line was:  stats NC.Staphy2.1A_sorted.bam
# CHK, Checksum	[2]Read Names	[3]Sequences	[4]Qualities
# CHK, CRC32 of reads which passed filtering followed by addition (32bit overflow)
CHK	2758ca2c	b1a283a8	7d2a8c32
# Summary Numbers. Use `grep ^SN | cut -f 2-` to extract this part.
SN	raw total sequences:	28588	# excluding supplementary and secondary reads
SN	filtered sequences:	0
SN	sequences:	28588
SN	is sorted:	1
SN	1st fragments:	14294
SN	last fragments:	14294
SN	reads mapped:	22505
SN	reads mapped and paired:	21904	# paired-end technology bit set + both mates mapped
SN	reads unmapped:	6083
SN	reads properly paired:	21758	# proper-pair bit set
SN	reads paired:	28588	# paired-end technology bit set
SN	reads duplicated:	0	# PCR or optical duplicate bit set
SN	reads MQ0:	388	# mapped and MQ=0
SN	reads QC failed:	0
SN	non-primary alignments:	0
SN	supplementary alignments:	0
SN	total length:	4304668	# ignores clipping
SN	total first fragment length:	2154701	# ignores clipping
SN	total last fragment length:	2149967	# ignores clipping
SN	bases mapped:	3391530	# ignores clipping
SN	bases mapped (cigar):	3391530	# more accurate
SN	bases trimmed:	0
SN	bases duplicated:	0
SN	mismatches:	69518	# from NM fields
SN	error rate:	2.049753e-02	# mismatches / bases mapped (cigar)
SN	average length:	151
SN	average first fragment length:	151
SN	average last fragment length:	150
SN	maximum length:	151
SN	maximum first fragment length:	151
SN	maximum last fragment length:	151
SN	average quality:	38.1
SN	insert size average:	352.7
SN	insert size standard deviation:	80.1
SN	inward oriented pairs:	10903
SN	outward oriented pairs:	37
SN	pairs with other orientation:	12
SN	pairs on different chromosomes:	0
SN	percentage of properly paired reads (%):	76.1
# First Fragment Qualities. Use `grep ^FFQ | cut -f 2-` to extract this part.
# Columns correspond to qualities and rows to cycles. First column is the cycle number.
FFQ	1	0	0	68	0	0	0	0	0	0	0	0	0	207	0	0	0	0	0	0	0	0	0	0	0	0	0	0	329	0	0	0	0	13690	0	0	0	0	0	0	0	0	0	0
FFQ	2	0	0	0	0	0	0	0	0	0	0	0	0	180	0	0	0	0	0	0	0	0	0	0	0	0	0	0	324	0	0	0	0	13790	0	0	0	0	0	0	0	0	0	0
FFQ	3	0	0	0	0	0	0	0	0	0	0	0	0	202	0	0	0	0	0	0	0	0	0	0	0	0	0	0	362	0	0	0	0	2519	0	0	0	0	11211	0	0	0	0	0
FFQ	4	0	0	0	0	0	0	0	0	0	0	0	0	186	0	0	0	0	0	0	0	0	0	21	0	0	0	0	274	0	0	0	0	950	0	0	0	0	12863	0	0	0	0	0
FFQ	5	0	0	0	0	0	0	0	0	0	0	0	0	108	0	0	0	0	0	0	0	0	0	39	0	0	0	0	164	0	0	0	0	644	0	0	0	0	13339	0	0	0	0	0
FFQ	6	0	0	0	0	0	0	0	0	0	0	0	0	94	0	0	0	0	0	0	0	0	0	28	0	0	0	0	161	0	0	0	0	410	0	0	0	0	1300	0	0	0	12301	0
FFQ	7	0	0	0	0	0	0	0	0	0	0	0	0	94	0	0	0	0	0	0	0	0	0	33	0	0	0	0	145	0	0	0	0	375	0	0	0	0	1134	0	0	0	12513	0
FFQ	8	0	0	0	0	0	0	0	0	0	0	0	0	77	0	0	0	0	0	0	0	0	0	37	0	0	0	0	152	0	0	0	0	353	0	0	0	0	1021	0	0	0	12654	0
FFQ	9	0	0	0	0	0	0	0	0	0	0	0	0	101	0	0	0	0	0	0	0	0	0	45	0	0	0	0	125	0	0	0	0	313	0	0	0	0	943	0	0	0	12767	0
FFQ	10	0	0	0	0	0	0	0	0	0	0	0	0	86	0	0	0	0	0	0	0	0	0	30	0	0	0	0	121	0	0	0	0	315	0	0	0	0	900	0	0	0	12842	0
FFQ	11	0	0	2	0	0	0	0	0	0	0	0	0	61	0	0	0	0	0	0	0	0	0	27	0	0	0	0	127	0	0	0	0	320	0	0	0	0	956	0	0	0	12801	0
FFQ	12	0	0	0	0	0	0	0	0	0	0	0	0	97	0	0	0	0	0	0	0	0	0	35	0	0	0	0	126	0	0	0	0	365	0	0	0	0	914	0	0	0	12757	0
FFQ	13	0	0	0	0	0	0	0	0	0	0	0	0	75	0	0	0	0	0	0	0	0	0	51	0	0	0	0	128	0	0	0	0	373	0	0	0	0	933	0	0	0	12734	0
FFQ	14	0	0	0	0	0	0	0	0	0	0	0	0	90	0	0	0	0	0	0	0	0	0	37	0	0	0	0	119	0	0	0	0	312	0	0	0	0	1014	0	0	0	12722	0
FFQ	15	0	0	0	0	0	0	0	0	0	0	0	0	89	0	0	0	0	0	0	0	0	0	54	0	0	0	0	123	0	0	0	0	301	0	0	0	0	948	0	0	0	12779	0
FFQ	16	0	0	0	0	0	0	0	0	0	0	0	0	79	0	0	0	0	0	0	0	0	0	68	0	0	0	0	106	0	0	0	0	309	0	0	0	0	938	0	0	0	12794	0
FFQ	17	0	0	0	0	0	0	0	0	0	0	0	0	73	0	0	0	0	0	0	0	0	0	57	0	0	0	0	122	0	0	0	0	270	0	0	0	0	951	0	0	0	12821	0
FFQ	18	0	0	1	0	0	0	0	0	0	0	0	0	74	0	0	0	0	0	0	0	0	0	65	0	0	0	0	111	0	0	0	0	294	0	0	0	0	925	0	0	0	12824	0
FFQ	19	0	0	1	0	0	0	0	0	0	0	0	0	85	0	0	0	0	0	0	0	0	0	82	0	0	0	0	119	0	0	0	0	302	0	0	0	0	950	0	0	0	12755	0
FFQ	20	0	0	0	0	0	0	0	0	0	0	0	0	66	0	0	0	0	0	0	0	0	0	55	0	0	0	0	117	0	0	0	0	308	0	0	0	0	936	0	0	0	12812	0
FFQ	21	0	0	0	0	0	0	0	0	0	0	0	0	70	0	0	0	0	0	0	0	0	0	64	0	0	0	0	107	0	0	0	0	258	0	0	0	0	926	0	0	0	12869	0
FFQ	22	0	0	0	0	0	0	0	0	0	0	0	0	87	0	0	0	0	0	0	0	0	0	75	0	0	0	0	118	0	0	0	0	269	0	0	0	0	962	0	0	0	12783	0
FFQ	23	0	0	0	0	0	0	0	0	0	0	0	0	98	0	0	0	0	0	0	0	0	0	71	0	0	0	0	124	0	0	0	0	297	0	0	0	0	907	0	0	0	12797	0
FFQ	24	0	0	0	0	0	0	0	0	0	0	0	0	137	0	0	0	0	0	0	0	0	0	81	0	0	0	0	138	0	0	0	0	370	0	0	0	0	952	0	0	0	12616	0
FFQ	25	0	0	0	0	0	0	0	0	0	0	0	0	134	0	0	0	0	0	0	0	0	0	101	0	0	0	0	170	0	0	0	0	302	0	0	0	0	1054	0	0	0	12533	0
FFQ	26	0	0	0	0	0	0	0	0	0	0	0	0	113	0	0	0	0	0	0	0	0	0	82	0	0	0	0	114	0	0	0	0	362	0	0	0	0	971	0	0	0	12652	0
FFQ	27	0	0	30	0	0	0	0	0	0	0	0	0	138	0	0	0	0	0	0	0	0	0	84	0	0	0	0	153	0	0	0	0	294	0	0	0	0	1007	0	0	0	12588	0
FFQ	28	0	0	13	0	0	0	0	0	0	0	0	0	133	0	0	0	0	0	0	0	0	0	94	0	0	0	0	168	0	0	0	0	260	0	0	0	0	1031	0	0	0	12595	0
FFQ	29	0	0	7	0	0	0	0	0	0	0	0	0	146	0	0	0	0	0	0	0	0	0	76	0	0	0	0	167	0	0	0	0	254	0	0	0	0	1048	0	0	0	12596	0
FFQ	30	0	0	0	0	0	0	0	0	0	0	0	0	162	0	0	0	0	0	0	0	0	0	104	0	0	0	0	185	0	0	0	0	279	0	0	0	0	1053	0	0	0	12511	0
FFQ	31	0	0	0	0	0	0	0	0	0	0	0	0	178	0	0	0	0	0	0	0	0	0	93	0	0	0	0	192	0	0	0	0	253	0	0	0	0	1058	0	0	0	12520	0
FFQ	32	0	0	1	0	0	0	0	0	0	0	0	0	162	0	0	0	0	0	0	0	0	0	107	0	0	0	0	217	0	0	0	0	263	0	0	0	0	1057	0	0	0	12487	0
FFQ	33	0	0	0	0	0	0	0	0	0	0	0	0	195	0	0	0	0	0	0	0	0	0	83	0	0	0	0	214	0	0	0	0	258	0	0	0	0	1009	0	0	0	12535	0
FFQ	34	0	0	0	0	0	0	0	0	0	0	0	0	146	0	0	0	0	0	0	0	0	0	121	0	0	0	0	240	0	0	0	0	267	0	0	0	0	1050	0	0	0	12470	0
FFQ	35	0	0	0	0	0	0	0	0	0	0	0	0	159	0	0	0	0	0	0	0	0	0	118	0	0	0	0	231	0	0	0	0	255	0	0	0	0	1095	0	0	0	12436	0
FFQ	36	0	0	5	0	0	0	0	0	0	0	0	0	161	0	0	0	0	0	0	0	0	0	112	0	0	0	0	196	0	0	0	0	259	0	0	0	0	1087	0	0	0	12474	0
FFQ	37	0	0	0	0	0	0	0	0	0	0	0	0	170	0	0	0	0	0	0	0	0	0	109	0	0	0	0	214	0	0	0	0	259	0	0	0	0	1024	0	0	0	12518	0
FFQ	38	0	0	0	0	0	0	0	0	0	0	0	0	174	0	0	0	0	0	0	0	0	0	125	0	0	0	0	216	0	0	0	0	267	0	0	0	0	1124	0	0	0	12388	0
FFQ	39	0	0	6	0	0	0	0	0	0	0	0	0	206	0	0	0	0	0	0	0	0	0	120	0	0	0	0	222	0	0	0	0	284	0	0	0	0	1100	0	0	0	12356	0
FFQ	40	0	0	23	0	0	0	0	0	0	0	0	0	210	0	0	0	0	0	0	0	0	0	116	0	0	0	0	243	0	0	0	0	266	0	0	0	0	1098	0	0	0	12338	0
FFQ	41	0	0	1	0	0	0	0	0	0	0	0	0	271	0	0	0	0	0	0	0	0	0	117	0	0	0	0	251	0	0	0	0	271	0	0	0	0	1114	0	0	0	12269	0
FFQ	42	0	0	1	0	0	0	0	0	0	0	0	0	208	0	0	0	0	0	0	0	0	0	134	0	0	0	0	257	0	0	0	0	251	0	0	0	0	1118	0	0	0	12325	0
FFQ	43	0	0	0	0	0	0	0	0	0	0	0	0	209	0	0	0	0	0	0	0	0	0	123	0	0	0	0	246	0	0	0	0	285	0	0	0	0	1184	0	0	0	12247	0
FFQ	44	0	0	27	0	0	0	0	0	0	0	0	0	224	0	0	0	0	0	0	0	0	0	114	0	0	0	0	227	0	0	0	0	262	0	0	0	0	1126	0	0	0	12314	0
FFQ	45	0	0	0	0	0	0	0	0	0	0	0	0	218	0	0	0	0	0	0	0	0	0	125	0	0	0	0	234	0	0	0	0	294	0	0	0	0	1084	0	0	0	12339	0
FFQ	46	0	0	13	0	0	0	0	0	0	0	0	0	227	0	0	0	0	0	0	0	0	0	116	0	0	0	0	235	0	0	0	0	264	0	0	0	0	1090	0	0	0	12349	0
FFQ	47	0	0	18	0	0	0	0	0	0	0	0	0	227	0	0	0	0	0	0	0	0	0	117	0	0	0	0	250	0	0	0	0	288	0	0	0	0	1167	0	0	0	12227	0
FFQ	48	0	0	11	0	0	0	0	0	0	0	0	0	226	0	0	0	0	0	0	0	0	0	142	0	0	0	0	241	0	0	0	0	289	0	0	0	0	1173	0	0	0	12212	0
FFQ	49	0	0	3	0	0	0	0	0	0	0	0	0	243	0	0	0	0	0	0	0	0	0	127	0	0	0	0	247	0	0	0	0	316	0	0	0	0	1175	0	0	0	12183	0
FFQ	50	0	0	1	0	0	0	0	0	0	0	0	0	256	0	0	0	0	0	0	0	0	0	119	0	0	0	0	265	0	0	0	0	308	0	0	0	0	1129	0	0	0	12216	0
FFQ	51	0	0	0	0	0	0	0	0	0	0	0	0	267	0	0	0	0	0	0	0	0	0	136	0	0	0	0	263	0	0	0	0	311	0	0	0	0	1198	0	0	0	12119	0
FFQ	52	0	0	1	0	0	0	0	0	0	0	0	0	262	0	0	0	0	0	0	0	0	0	120	0	0	0	0	280	0	0	0	0	283	0	0	0	0	1176	0	0	0	12172	0
FFQ	53	0	0	1	0	0	0	0	0	0	0	0	0	288	0	0	0	0	0	0	0	0	0	139	0	0	0	0	242	0	0	0	0	295	0	0	0	0	1209	0	0	0	12120	0
FFQ	54	0	0	1	0	0	0	0	0	0	0	0	0	258	0	0	0	0	0	0	0	0	0	154	0	0	0	0	255	0	0	0	0	275	0	0	0	0	1204	0	0	0	12147	0
FFQ	55	0	0	2	0	0	0	0	0	0	0	0	0	243	0	0	0	0	0	0	0	0	0	141	0	0	0	0	223	0	0	0	0	306	0	0	0	0	1238	0	0	0	12141	0
FFQ	56	0	0	0	0	0	0	0	0	0	0	0	0	256	0	0	0	0	0	0	0	0	0	114	0	0	0	0	248	0	0	0	0	309	0	0	0	0	1202	0	0	0	12165	0
FFQ	57	0	0	0	0	0	0	0	0	0	0	0	0	261	0	0	0	0	0	0	0	0	0	131	0	0	0	0	283	0	0	0	0	306	0	0	0	0	1166	0	0	0	12147	0
FFQ	58	0	0	1	0	0	0	0	0	0	0	0	0	243	0	0	0	0	0	0	0	0	0	119	0	0	0	0	285	0	0	0	0	281	0	0	0	0	1242	0	0	0	12123	0
FFQ	59	0	0	0	0	0	0	0	0	0	0	0	0	254	0	0	0	0	0	0	0	0	0	138	0	0	0	0	275	0	0	0	0	312	0	0	0	0	1218	0	0	0	12097	0
FFQ	60	0	0	0	0	0	0	0	0	0	0	0	0	269	0	0	0	0	0	0	0	0	0	150	0	0	0	0	262	0	0	0	0	313	0	0	0	0	1210	0	0	0	12090	0
FFQ	61	0	0	1	0	0	0	0	0	0	0	0	0	274	0	0	0	0	0	0	0	0	0	174	0	0	0	0	246	0	0	0	0	331	0	0	0	0	1192	0	0	0	12076	0
FFQ	62	0	0	0	0	0	0	0	0	0	0	0	0	247	0	0	0	0	0	0	0	0	0	155	0	0	0	0	261	0	0	0	0	327	0	0	0	0	1223	0	0	0	12081	0
FFQ	63	0	0	1	0	0	0	0	0	0	0	0	0	282	0	0	0	0	0	0	0	0	0	167	0	0	0	0	265	0	0	0	0	345	0	0	0	0	1224	0	0	0	12010	0
FFQ	64	0	0	0	0	0	0	0	0	0	0	0	0	300	0	0	0	0	0	0	0	0	0	153	0	0	0	0	295	0	0	0	0	318	0	0	0	0	1191	0	0	0	12037	0
FFQ	65	0	0	1	0	0	0	0	0	0	0	0	0	295	0	0	0	0	0	0	0	0	0	175	0	0	0	0	309	0	0	0	0	344	0	0	0	0	1213	0	0	0	11957	0
FFQ	66	0	0	0	0	0	0	0	0	0	0	0	0	310	0	0	0	0	0	0	0	0	0	157	0	0	0	0	293	0	0	0	0	369	0	0	0	0	1230	0	0	0	11935	0
FFQ	67	0	0	0	0	0	0	0	0	0	0	0	0	305	0	0	0	0	0	0	0	0	0	178	0	0	0	0	317	0	0	0	0	343	0	0	0	0	1187	0	0	0	11964	0
FFQ	68	0	0	0	0	0	0	0	0	0	0	0	0	333	0	0	0	0	0	0	0	0	0	153	0	0	0	0	293	0	0	0	0	360	0	0	0	0	1249	0	0	0	11906	0
FFQ	69	0	0	0	0	0	0	0	0	0	0	0	0	316	0	0	0	0	0	0	0	0	0	174	0	0	0	0	291	0	0	0	0	351	0	0	0	0	1260	0	0	0	11902	0
FFQ	70	0	0	0	0	0	0	0	0	0	0	0	0	286	0	0	0	0	0	0	0	0	0	185	0	0	0	0	281	0	0	0	0	344	0	0	0	0	1297	0	0	0	11901	0
FFQ	71	0	0	0	0	0	0	0	0	0	0	0	0	290	0	0	0	0	0	0	0	0	0	145	0	0	0	0	307	0	0	0	0	359	0	0	0	0	1224	0	0	0	11969	0
FFQ	72	0	0	0	0	0	0	0	0	0	0	0	0	333	0	0	0	0	0	0	0	0	0	154	0	0	0	0	264	0	0	0	0	402	0	0	0	0	1272	0	0	0	11869	0
FFQ	73	0	0	0	0	0	0	0	0	0	0	0	0	341	0	0	0	0	0	0	0	0	0	157	0	0	0	0	276	0	0	0	0	375	0	0	0	0	1217	0	0	0	11928	0
FFQ	74	0	0	0	0	0	0	0	0	0	0	0	0	336	0	0	0	0	0	0	0	0	0	171	0	0	0	0	290	0	0	0	0	363	0	0	0	0	1265	0	0	0	11869	0
FFQ	75	0	0	0	0	0	0	0	0	0	0	0	0	318	0	0	0	0	0	0	0	0	0	190	0	0	0	0	261	0	0	0	0	394	0	0	0	0	1341	0	0	0	11790	0
FFQ	76	0	0	0	0	0	0	0	0	0	0	0	0	391	0	0	0	0	0	0	0	0	0	158	0	0	0	0	309	0	0	0	0	385	0	0	0	0	1286	0	0	0	11765	0
FFQ	77	0	0	0	0	0	0	0	0	0	0	0	0	329	0	0	0	0	0	0	0	0	0	231	0	0	0	0	460	0	0	0	0	836	0	0	0	0	2321	0	0	0	10117	0
FFQ	78	0	0	0	0	0	0	0	0	0	0	0	0	367	0	0	0	0	0	0	0	0	0	199	0	0	0	0	345	0	0	0	0	563	0	0	0	0	1568	0	0	0	11252	0
FFQ	79	0	0	1	0	0	0	0	0	0	0	0	0	323	0	0	0	0	0	0	0	0	0	188	0	0	0	0	334	0	0	0	0	498	0	0	0	0	1340	0	0	0	11610	0
FFQ	80	0	0	0	0	0	0	0	0	0	0	0	0	379	0	0	0	0	0	0	0	0	0	166	0	0	0	0	285	0	0	0	0	491	0	0	0	0	1186	0	0	0	11787	0
FFQ	81	0	0	0	0	0	0	0	0	0	0	0	0	372	0	0	0	0	0	0	0	0	0	147	0	0	0	0	300	0	0	0	0	444	0	0	0	0	1145	0	0	0	11886	0
FFQ	82	0	0	2	0	0	0	0	0	0	0	0	0	356	0	0	0	0	0	0	0	0	0	178	0	0	0	0	290	0	0	0	0	450	0	0	0	0	1146	0	0	0	11872	0
FFQ	83	0	0	0	0	0	0	0	0	0	0	0	0	365	0	0	0	0	0	0	0	0	0	206	0	0	0	0	292	0	0	0	0	463	0	0	0	0	1117	0	0	0	11851	0
FFQ	84	0	0	0	0	0	0	0	0	0	0	0	0	398	0	0	0	0	0	0	0	0	0	175	0	0	0	0	303	0	0	0	0	463	0	0	0	0	1131	0	0	0	11824	0
FFQ	85	0	0	0	0	0	0	0	0	0	0	0	0	390	0	0	0	0	0	0	0	0	0	203	0	0	0	0	279	0	0	0	0	448	0	0	0	0	1139	0	0	0	11835	0
FFQ	86	0	0	0	0	0	0	0	0	0	0	0	0	401	0	0	0	0	0	0	0	0	0	205	0	0	0	0	304	0	0	0	0	464	0	0	0	0	1116	0	0	0	11804	0
FFQ	87	0	0	0	0	0	0	0	0	0	0	0	0	397	0	0	0	0	0	0	0	0	0	186	0	0	0	0	323	0	0	0	0	454	0	0	0	0	1162	0	0	0	11772	0
FFQ	88	0	0	1	0	0	0	0	0	0	0	0	0	415	0	0	0	0	0	0	0	0	0	223	0	0	0	0	323	0	0	0	0	496	0	0	0	0	1162	0	0	0	11674	0
FFQ	89	0	0	0	0	0	0	0	0	0	0	0	0	425	0	0	0	0	0	0	0	0	0	251	0	0	0	0	279	0	0	0	0	429	0	0	0	0	1240	0	0	0	11670	0
FFQ	90	0	0	0	0	0	0	0	0	0	0	0	0	475	0	0	0	0	0	0	0	0	0	272	0	0	0	0	254	0	0	0	0	484	0	0	0	0	1205	0	0	0	11604	0
FFQ	91	0	0	1	0	0	0	0	0	0	0	0	0	434	0	0	0	0	0	0	0	0	0	260	0	0	0	0	279	0	0	0	0	470	0	0	0	0	1237	0	0	0	11613	0
FFQ	92	0	0	0	0	0	0	0	0	0	0	0	0	465	0	0	0	0	0	0	0	0	0	273	0	0	0	0	282	0	0	0	0	459	0	0	0	0	1262	0	0	0	11553	0
FFQ	93	0	0	2	0	0	0	0	0	0	0	0	0	481	0	0	0	0	0	0	0	0	0	281	0	0	0	0	262	0	0	0	0	478	0	0	0	0	1251	0	0	0	11539	0
FFQ	94	0	0	1	0	0	0	0	0	0	0	0	0	554	0	0	0	0	0	0	0	0	0	305	0	0	0	0	262	0	0	0	0	505	0	0	0	0	1221	0	0	0	11446	0
FFQ	95	0	0	2	0	0	0	0	0	0	0	0	0	505	0	0	0	0	0	0	0	0	0	331	0	0	0	0	278	0	0	0	0	499	0	0	0	0	1254	0	0	0	11425	0
FFQ	96	0	0	0	0	0	0	0	0	0	0	0	0	508	0	0	0	0	0	0	0	0	0	302	0	0	0	0	280	0	0	0	0	505	0	0	0	0	1261	0	0	0	11438	0
FFQ	97	0	0	1	0	0	0	0	0	0	0	0	0	473	0	0	0	0	0	0	0	0	0	298	0	0	0	0	292	0	0	0	0	492	0	0	0	0	1312	0	0	0	11426	0
FFQ	98	0	0	2	0	0	0	0	0	0	0	0	0	446	0	0	0	0	0	0	0	0	0	304	0	0	0	0	280	0	0	0	0	480	0	0	0	0	1359	0	0	0	11423	0
FFQ	99	0	0	0	0	0	0	0	0	0	0	0	0	448	0	0	0	0	0	0	0	0	0	303	0	0	0	0	299	0	0	0	0	507	0	0	0	0	1271	0	0	0	11466	0
FFQ	100	0	0	0	0	0	0	0	0	0	0	0	0	442	0	0	0	0	0	0	0	0	0	296	0	0	0	0	291	0	0	0	0	478	0	0	0	0	1285	0	0	0	11502	0
FFQ	101	0	0	1	0	0	0	0	0	0	0	0	0	452	0	0	0	0	0	0	0	0	0	290	0	0	0	0	278	0	0	0	0	475	0	0	0	0	1326	0	0	0	11472	0
FFQ	102	0	0	0	0	0	0	0	0	0	0	0	0	449	0	0	0	0	0	0	0	0	0	303	0	0	0	0	269	0	0	0	0	519	0	0	0	0	1321	0	0	0	11433	0
FFQ	103	0	0	0	0	0	0	0	0	0	0	0	0	423	0	0	0	0	0	0	0	0	0	296	0	0	0	0	281	0	0	0	0	466	0	0	0	0	1270	0	0	0	11558	0
FFQ	104	0	0	1	0	0	0	0	0	0	0	0	0	416	0	0	0	0	0	0	0	0	0	299	0	0	0	0	273	0	0	0	0	521	0	0	0	0	1272	0	0	0	11512	0
FFQ	105	0	0	0	0	0	0	0	0	0	0	0	0	518	0	0	0	0	0	0	0	0	0	300	0	0	0	0	264	0	0	0	0	498	0	0	0	0	1368	0	0	0	11345	0
FFQ	106	0	0	1	0	0	0	0	0	0	0	0	0	455	0	0	0	0	0	0	0	0	0	316	0	0	0	0	304	0	0	0	0	470	0	0	0	0	1352	0	0	0	11392	0
FFQ	107	0	0	0	0	0	0	0	0	0	0	0	0	474	0	0	0	0	0	0	0	0	0	325	0	0	0	0	276	0	0	0	0	476	0	0	0	0	1313	0	0	0	11426	0
FFQ	108	0	0	3	0	0	0	0	0	0	0	0	0	473	0	0	0	0	0	0	0	0	0	331	0	0	0	0	292	0	0	0	0	520	0	0	0	0	1266	0	0	0	11404	0
FFQ	109	0	0	0	0	0	0	0	0	0	0	0	0	455	0	0	0	0	0	0	0	0	0	294	0	0	0	0	277	0	0	0	0	541	0	0	0	0	1323	0	0	0	11398	0
FFQ	110	0	0	0	0	0	0	0	0	0	0	0	0	454	0	0	0	0	0	0	0	0	0	309	0	0	0	0	298	0	0	0	0	492	0	0	0	0	1339	0	0	0	11396	0
FFQ	111	0	0	1	0	0	0	0	0	0	0	0	0	481	0	0	0	0	0	0	0	0	0	290	0	0	0	0	268	0	0	0	0	521	0	0	0	0	1314	0	0	0	11413	0
FFQ	112	0	0	1	0	0	0	0	0	0	0	0	0	445	0	0	0	0	0	0	0	0	0	292	0	0	0	0	300	0	0	0	0	542	0	0	0	0	1351	0	0	0	11357	0
FFQ	113	0	0	0	0	0	0	0	0	0	0	0	0	386	0	0	0	0	0	0	0	0	0	294	0	0	0	0	267	0	0	0	0	537	0	0	0	0	1395	0	0	0	11406	0
FFQ	114	0	0	0	0	0	0	0	0	0	0	0	0	446	0	0	0	0	0	0	0	0	0	274	0	0	0	0	286	0	0	0	0	566	0	0	0	0	1358	0	0	0	11354	0
FFQ	115	0	0	1	0	0	0	0	0	0	0	0	0	470	0	0	0	0	0	0	0	0	0	305	0	0	0	0	288	0	0	0	0	574	0	0	0	0	1338	0	0	0	11308	0
FFQ	116	0	0	1	0	0	0	0	0	0	0	0	0	455	0	0	0	0	0	0	0	0	0	284	0	0	0	0	272	0	0	0	0	576	0	0	0	0	1358	0	0	0	11338	0
FFQ	117	0	0	3	0	0	0	0	0	0	0	0	0	429	0	0	0	0	0	0	0	0	0	285	0	0	0	0	287	0	0	0	0	596	0	0	0	0	1360	0	0	0	11323	0
FFQ	118	0	0	1	0	0	0	0	0	0	0	0	0	493	0	0	0	0	0	0	0	0	0	285	0	0	0	0	274	0	0	0	0	559	0	0	0	0	1380	0	0	0	11291	0
FFQ	119	0	0	0	0	0	0	0	0	0	0	0	0	456	0	0	0	0	0	0	0	0	0	301	0	0	0	0	282	0	0	0	0	587	0	0	0	0	1321	0	0	0	11333	0
FFQ	120	0	0	1	0	0	0	0	0	0	0	0	0	472	0	0	0	0	0	0	0	0	0	306	0	0	0	0	304	0	0	0	0	537	0	0	0	0	1378	0	0	0	11281	0
FFQ	121	0	0	0	0	0	0	0	0	0	0	0	0	485	0	0	0	0	0	0	0	0	0	305	0	0	0	0	308	0	0	0	0	645	0	0	0	0	1331	0	0	0	11205	0
FFQ	122	0	0	0	0	0	0	0	0	0	0	0	0	482	0	0	0	0	0	0	0	0	0	282	0	0	0	0	295	0	0	0	0	617	0	0	0	0	1458	0	0	0	11143	0
FFQ	123	0	0	2	0	0	0	0	0	0	0	0	0	473	0	0	0	0	0	0	0	0	0	315	0	0	0	0	340	0	0	0	0	659	0	0	0	0	1382	0	0	0	11106	0
FFQ	124	0	0	1	0	0	0	0	0	0	0	0	0	478	0	0	0	0	0	0	0	0	0	302	0	0	0	0	344	0	0	0	0	646	0	0	0	0	1397	0	0	0	11108	0
FFQ	125	0	0	0	0	0	0	0	0	0	0	0	0	471	0	0	0	0	0	0	0	0	0	314	0	0	0	0	317	0	0	0	0	627	0	0	0	0	1437	0	0	0	11109	0
FFQ	126	0	0	3	0	0	0	0	0	0	0	0	0	499	0	0	0	0	0	0	0	0	0	322	0	0	0	0	288	0	0	0	0	651	0	0	0	0	1459	0	0	0	11053	0
FFQ	127	0	0	0	0	0	0	0	0	0	0	0	0	485	0	0	0	0	0	0	0	0	0	344	0	0	0	0	290	0	0	0	0	644	0	0	0	0	1558	0	0	0	10952	0
FFQ	128	0	0	4	0	0	0	0	0	0	0	0	0	457	0	0	0	0	0	0	0	0	0	339	0	0	0	0	320	0	0	0	0	651	0	0	0	0	1586	0	0	0	10914	0
FFQ	129	0	0	0	0	0	0	0	0	0	0	0	0	514	0	0	0	0	0	0	0	0	0	332	0	0	0	0	303	0	0	0	0	681	0	0	0	0	1590	0	0	0	10850	0
FFQ	130	0	0	3	0	0	0	0	0	0	0	0	0	531	0	0	0	0	0	0	0	0	0	355	0	0	0	0	329	0	0	0	0	662	0	0	0	0	1630	0	0	0	10760	0
FFQ	131	0	0	1	0	0	0	0	0	0	0	0	0	541	0	0	0	0	0	0	0	0	0	388	0	0	0	0	301	0	0	0	0	647	0	0	0	0	1706	0	0	0	10684	0
FFQ	132	0	0	0	0	0	0	0	0	0	0	0	0	554	0	0	0	0	0	0	0	0	0	377	0	0	0	0	333	0	0	0	0	661	0	0	0	0	1688	0	0	0	10654	0
FFQ	133	0	0	1	0	0	0	0	0	0	0	0	0	519	0	0	0	0	0	0	0	0	0	389	0	0	0	0	323	0	0	0	0	645	0	0	0	0	1828	0	0	0	10560	0
FFQ	134	0	0	2	0	0	0	0	0	0	0	0	0	553	0	0	0	0	0	0	0	0	0	390	0	0	0	0	289	0	0	0	0	694	0	0	0	0	1750	0	0	0	10585	0
FFQ	135	0	0	1	0	0	0	0	0	0	0	0	0	561	0	0	0	0	0	0	0	0	0	381	0	0	0	0	311	0	0	0	0	638	0	0	0	0	1856	0	0	0	10511	0
FFQ	136	0	0	1	0	0	0	0	0	0	0	0	0	521	0	0	0	0	0	0	0	0	0	352	0	0	0	0	326	0	0	0	0	681	0	0	0	0	1901	0	0	0	10476	0
FFQ	137	0	0	2	0	0	0	0	0	0	0	0	0	555	0	0	0	0	0	0	0	0	0	410	0	0	0	0	301	0	0	0	0	726	0	0	0	0	1933	0	0	0	10331	0
FFQ	138	0	0	1	0	0	0	0	0	0	0	0	0	502	0	0	0	0	0	0	0	0	0	419	0	0	0	0	357	0	0	0	0	670	0	0	0	0	1937	0	0	0	10368	0
FFQ	139	0	0	2	0	0	0	0	0	0	0	0	0	502	0	0	0	0	0	0	0	0	0	407	0	0	0	0	357	0	0	0	0	653	0	0	0	0	2054	0	0	0	10278	0
FFQ	140	0	0	3	0	0	0	0	0	0	0	0	0	494	0	0	0	0	0	0	0	0	0	398	0	0	0	0	376	0	0	0	0	678	0	0	0	0	1977	0	0	0	10324	0
FFQ	141	0	0	2	0	0	0	0	0	0	0	0	0	448	0	0	0	0	0	0	0	0	0	403	0	0	0	0	420	0	0	0	0	684	0	0	0	0	2134	0	0	0	10158	0
FFQ	142	0	0	1	0	0	0	0	0	0	0	0	0	468	0	0	0	0	0	0	0	0	0	393	0	0	0	0	379	0	0	0	0	725	0	0	0	0	2101	0	0	0	10180	0
FFQ	143	0	0	1	0	0	0	0	0	0	0	0	0	472	0	0	0	0	0	0	0	0	0	376	0	0	0	0	377	0	0	0	0	658	0	0	0	0	2206	0	0	0	10155	0
FFQ	144	0	0	4	0	0	0	0	0	0	0	0	0	542	0	0	0	0	0	0	0	0	0	342	0	0	0	0	412	0	0	0	0	657	0	0	0	0	2175	0	0	0	10109	0
FFQ	145	0	0	1	0	0	0	0	0	0	0	0	0	497	0	0	0	0	0	0	0	0	0	363	0	0	0	0	399	0	0	0	0	653	0	0	0	0	2281	0	0	0	10041	0
FFQ	146	0	0	12	0	0	0	0	0	0	0	0	0	525	0	0	0	0	0	0	0	0	0	320	0	0	0	0	404	0	0	0	0	635	0	0	0	0	2285	0	0	0	10044	0
FFQ	147	0	0	1	0	0	0	0	0	0	0	0	0	487	0	0	0	0	0	0	0	0	0	376	0	0	0	0	396	0	0	0	0	659	0	0	0	0	2295	0	0	0	9988	0
FFQ	148	0	0	1	0	0	0	0	0	3	0	0	0	585	0	0	0	0	0	0	0	0	0	356	0	0	0	0	409	0	0	0	0	671	0	0	0	0	2351	0	0	0	9746	0
FFQ	149	0	0	0	0	0	0	0	0	2	0	0	0	486	0	0	0	0	0	0	0	0	0	367	0	0	0	0	402	0	0	0	0	773	0	0	0	0	2308	0	0	0	9489	0
FFQ	150	0	0	0	0	0	0	0	0	10	0	0	0	366	0	0	0	0	0	0	0	0	0	316	0	0	0	0	368	0	0	0	0	758	0	0	0	0	2374	0	0	0	9487	0
FFQ	151	0	0	0	0	0	0	0	0	0	0	0	0	0	0	0	0	0	0	0	0	0	0	573	0	0	0	0	698	0	0	0	0	1245	0	0	0	0	3295	0	0	0	7128	0
# Last Fragment Qualities. Use `grep ^LFQ | cut -f 2-` to extract this part.
# Columns correspond to qualities and rows to cycles. First column is the cycle number.
LFQ	1	0	0	225	0	0	0	0	0	0	0	0	0	680	0	0	0	0	0	0	0	0	0	0	0	0	0	0	657	0	0	0	0	12732	0	0	0	0	0	0	0	0	0	0
LFQ	2	0	0	5	0	0	0	0	0	0	0	0	0	505	0	0	0	0	0	0	0	0	0	0	0	0	0	0	488	0	0	0	0	13296	0	0	0	0	0	0	0	0	0	0
LFQ	3	0	0	1	0	0	0	0	0	0	0	0	0	709	0	0	0	0	0	0	0	0	0	0	0	0	0	0	705	0	0	0	0	4169	0	0	0	0	8710	0	0	0	0	0
LFQ	4	0	0	0	0	0	0	0	0	0	0	0	0	522	0	0	0	0	0	0	0	0	0	28	0	0	0	0	463	0	0	0	0	1630	0	0	0	0	11651	0	0	0	0	0
LFQ	5	0	0	0	0	0	0	0	0	0	0	0	0	510	0	0	0	0	0	0	0	0	0	90	0	0	0	0	337	0	0	0	0	1076	0	0	0	0	12281	0	0	0	0	0
LFQ	6	0	0	0	0	0	0	0	0	0	0	0	0	522	0	0	0	0	0	0	0	0	0	49	0	0	0	0	297	0	0	0	0	650	0	0	0	0	1869	0	0	0	10907	0
LFQ	7	0	0	0	0	0	0	0	0	0	0	0	0	501	0	0	0	0	0	0	0	0	0	148	0	0	0	0	228	0	0	0	0	676	0	0	0	0	1838	0	0	0	10903	0
LFQ	8	0	0	0	0	0	0	0	0	0	0	0	0	575	0	0	0	0	0	0	0	0	0	147	0	0	0	0	231	0	0	0	0	683	0	0	0	0	1891	0	0	0	10767	0
LFQ	9	0	0	2	0	0	0	0	0	0	0	0	0	439	0	0	0	0	0	0	0	0	0	205	0	0	0	0	221	0	0	0	0	667	0	0	0	0	1618	0	0	0	11142	0
LFQ	10	0	0	1	0	0	0	0	0	0	0	0	0	457	0	0	0	0	0	0	0	0	0	187	0	0	0	0	235	0	0	0	0	599	0	0	0	0	1805	0	0	0	11010	0
LFQ	11	0	0	0	0	0	0	0	0	0	0	0	0	429	0	0	0	0	0	0	0	0	0	189	0	0	0	0	213	0	0	0	0	539	0	0	0	0	1456	0	0	0	11468	0
LFQ	12	0	0	2	0	0	0	0	0	0	0	0	0	453	0	0	0	0	0	0	0	0	0	178	0	0	0	0	188	0	0	0	0	521	0	0	0	0	1379	0	0	0	11573	0
LFQ	13	0	0	0	0	0	0	0	0	0	0	0	0	453	0	0	0	0	0	0	0	0	0	162	0	0	0	0	196	0	0	0	0	554	0	0	0	0	1514	0	0	0	11415	0
LFQ	14	0	0	0	0	0	0	0	0	0	0	0	0	461	0	0	0	0	0	0	0	0	0	170	0	0	0	0	214	0	0	0	0	528	0	0	0	0	1440	0	0	0	11481	0
LFQ	15	0	0	1	0	0	0	0	0	0	0	0	0	465	0	0	0	0	0	0	0	0	0	197	0	0	0	0	282	0	0	0	0	518	0	0	0	0	1578	0	0	0	11253	0
LFQ	16	0	0	0	0	0	0	0	0	0	0	0	0	458	0	0	0	0	0	0	0	0	0	223	0	0	0	0	328	0	0	0	0	383	0	0	0	0	1545	0	0	0	11357	0
LFQ	17	0	0	0	0	0	0	0	0	0	0	0	0	460	0	0	0	0	0	0	0	0	0	200	0	0	0	0	315	0	0	0	0	374	0	0	0	0	1624	0	0	0	11321	0
LFQ	18	0	0	0	0	0	0	0	0	0	0	0	0	486	0	0	0	0	0	0	0	0	0	209	0	0	0	0	368	0	0	0	0	438	0	0	0	0	1606	0	0	0	11187	0
LFQ	19	0	0	0	0	0	0	0	0	0	0	0	0	472	0	0	0	0	0	0	0	0	0	204	0	0	0	0	371	0	0	0	0	381	0	0	0	0	1507	0	0	0	11359	0
LFQ	20	0	0	0	0	0	0	0	0	0	0	0	0	516	0	0	0	0	0	0	0	0	0	224	0	0	0	0	339	0	0	0	0	390	0	0	0	0	1629	0	0	0	11196	0
LFQ	21	0	0	2	0	0	0	0	0	0	0	0	0	487	0	0	0	0	0	0	0	0	0	188	0	0	0	0	372	0	0	0	0	369	0	0	0	0	1498	0	0	0	11378	0
LFQ	22	0	0	2	0	0	0	0	0	0	0	0	0	498	0	0	0	0	0	0	0	0	0	227	0	0	0	0	366	0	0	0	0	372	0	0	0	0	1603	0	0	0	11226	0
LFQ	23	0	0	0	0	0	0	0	0	0	0	0	0	542	0	0	0	0	0	0	0	0	0	240	0	0	0	0	390	0	0	0	0	429	0	0	0	0	1674	0	0	0	11019	0
LFQ	24	0	0	0	0	0	0	0	0	0	0	0	0	507	0	0	0	0	0	0	0	0	0	209	0	0	0	0	374	0	0	0	0	399	0	0	0	0	1558	0	0	0	11247	0
LFQ	25	0	0	2	0	0	0	0	0	0	0	0	0	555	0	0	0	0	0	0	0	0	0	227	0	0	0	0	438	0	0	0	0	433	0	0	0	0	1724	0	0	0	10915	0
LFQ	26	0	0	2	0	0	0	0	0	0	0	0	0	640	0	0	0	0	0	0	0	0	0	242	0	0	0	0	447	0	0	0	0	375	0	0	0	0	1561	0	0	0	11027	0
LFQ	27	0	0	150	0	0	0	0	0	0	0	0	0	541	0	0	0	0	0	0	0	0	0	244	0	0	0	0	440	0	0	0	0	420	0	0	0	0	1555	0	0	0	10944	0
LFQ	28	0	0	0	0	0	0	0	0	0	0	0	0	564	0	0	0	0	0	0	0	0	0	237	0	0	0	0	390	0	0	0	0	456	0	0	0	0	1653	0	0	0	10994	0
LFQ	29	0	0	0	0	0	0	0	0	0	0	0	0	569	0	0	0	0	0	0	0	0	0	256	0	0	0	0	417	0	0	0	0	443	0	0	0	0	1763	0	0	0	10846	0
LFQ	30	0	0	0	0	0	0	0	0	0	0	0	0	586	0	0	0	0	0	0	0	0	0	232	0	0	0	0	390	0	0	0	0	421	0	0	0	0	1711	0	0	0	10954	0
LFQ	31	0	0	0	0	0	0	0	0	0	0	0	0	639	0	0	0	0	0	0	0	0	0	232	0	0	0	0	406	0	0	0	0	455	0	0	0	0	1628	0	0	0	10934	0
LFQ	32	0	0	2	0	0	0	0	0	0	0	0	0	572	0	0	0	0	0	0	0	0	0	219	0	0	0	0	484	0	0	0	0	386	0	0	0	0	1534	0	0	0	11097	0
LFQ	33	0	0	0	0	0	0	0	0	0	0	0	0	583	0	0	0	0	0	0	0	0	0	255	0	0	0	0	422	0	0	0	0	426	0	0	0	0	1682	0	0	0	10926	0
LFQ	34	0	0	1	0	0	0	0	0	0	0	0	0	527	0	0	0	0	0	0	0	0	0	235	0	0	0	0	428	0	0	0	0	433	0	0	0	0	1593	0	0	0	11077	0
LFQ	35	0	0	0	0	0	0	0	0	0	0	0	0	565	0	0	0	0	0	0	0	0	0	237	0	0	0	0	451	0	0	0	0	467	0	0	0	0	1703	0	0	0	10871	0
LFQ	36	0	0	0	0	0	0	0	0	0	0	0	0	616	0	0	0	0	0	0	0	0	0	234	0	0	0	0	460	0	0	0	0	481	0	0	0	0	1809	0	0	0	10694	0
LFQ	37	0	0	2	0	0	0	0	0	0	0	0	0	662	0	0	0	0	0	0	0	0	0	269	0	0	0	0	461	0	0	0	0	453	0	0	0	0	1852	0	0	0	10595	0
LFQ	38	0	0	3	0	0	0	0	0	0	0	0	0	705	0	0	0	0	0	0	0	0	0	262	0	0	0	0	505	0	0	0	0	500	0	0	0	0	1961	0	0	0	10358	0
LFQ	39	0	0	0	0	0	0	0	0	0	0	0	0	688	0	0	0	0	0	0	0	0	0	270	0	0	0	0	485	0	0	0	0	509	0	0	0	0	1930	0	0	0	10412	0
LFQ	40	0	0	0	0	0	0	0	0	0	0	0	0	780	0	0	0	0	0	0	0	0	0	275	0	0	0	0	579	0	0	0	0	556	0	0	0	0	1910	0	0	0	10194	0
LFQ	41	0	0	1	0	0	0	0	0	0	0	0	0	661	0	0	0	0	0	0	0	0	0	316	0	0	0	0	566	0	0	0	0	558	0	0	0	0	1935	0	0	0	10257	0
LFQ	42	0	0	3	0	0	0	0	0	0	0	0	0	683	0	0	0	0	0	0	0	0	0	288	0	0	0	0	514	0	0	0	0	583	0	0	0	0	2032	0	0	0	10191	0
LFQ	43	0	0	0	0	0	0	0	0	0	0	0	0	687	0	0	0	0	0	0	0	0	0	288	0	0	0	0	492	0	0	0	0	596	0	0	0	0	1936	0	0	0	10295	0
LFQ	44	0	0	0	0	0	0	0	0	0	0	0	0	688	0	0	0	0	0	0	0	0	0	255	0	0	0	0	529	0	0	0	0	609	0	0	0	0	1896	0	0	0	10317	0
LFQ	45	0	0	0	0	0	0	0	0	0	0	0	0	700	0	0	0	0	0	0	0	0	0	276	0	0	0	0	525	0	0	0	0	570	0	0	0	0	1906	0	0	0	10317	0
LFQ	46	0	0	4	0	0	0	0	0	0	0	0	0	706	0	0	0	0	0	0	0	0	0	304	0	0	0	0	541	0	0	0	0	546	0	0	0	0	1837	0	0	0	10356	0
LFQ	47	0	0	0	0	0	0	0	0	0	0	0	0	739	0	0	0	0	0	0	0	0	0	288	0	0	0	0	551	0	0	0	0	584	0	0	0	0	1934	0	0	0	10198	0
LFQ	48	0	0	2	0	0	0	0	0	0	0	0	0	685	0	0	0	0	0	0	0	0	0	320	0	0	0	0	553	0	0	0	0	603	0	0	0	0	1946	0	0	0	10185	0
LFQ	49	0	0	1	0	0	0	0	0	0	0	0	0	694	0	0	0	0	0	0	0	0	0	315	0	0	0	0	492	0	0	0	0	571	0	0	0	0	1875	0	0	0	10346	0
LFQ	50	0	0	0	0	0	0	0	0	0	0	0	0	750	0	0	0	0	0	0	0	0	0	298	0	0	0	0	534	0	0	0	0	526	0	0	0	0	1903	0	0	0	10283	0
LFQ	51	0	0	1	0	0	0	0	0	0	0	0	0	734	0	0	0	0	0	0	0	0	0	267	0	0	0	0	499	0	0	0	0	583	0	0	0	0	1861	0	0	0	10349	0
LFQ	52	0	0	6	0	0	0	0	0	0	0	0	0	728	0	0	0	0	0	0	0	0	0	271	0	0	0	0	482	0	0	0	0	625	0	0	0	0	1818	0	0	0	10364	0
LFQ	53	0	0	1	0	0	0	0	0	0	0	0	0	718	0	0	0	0	0	0	0	0	0	309	0	0	0	0	487	0	0	0	0	624	0	0	0	0	1869	0	0	0	10286	0
LFQ	54	0	0	0	0	0	0	0	0	0	0	0	0	748	0	0	0	0	0	0	0	0	0	299	0	0	0	0	513	0	0	0	0	597	0	0	0	0	1852	0	0	0	10285	0
LFQ	55	0	0	0	0	0	0	0	0	0	0	0	0	773	0	0	0	0	0	0	0	0	0	298	0	0	0	0	536	0	0	0	0	638	0	0	0	0	1827	0	0	0	10222	0
LFQ	56	0	0	0	0	0	0	0	0	0	0	0	0	825	0	0	0	0	0	0	0	0	0	328	0	0	0	0	517	0	0	0	0	694	0	0	0	0	1734	0	0	0	10196	0
LFQ	57	0	0	1	0	0	0	0	0	0	0	0	0	739	0	0	0	0	0	0	0	0	0	311	0	0	0	0	530	0	0	0	0	743	0	0	0	0	1762	0	0	0	10208	0
LFQ	58	0	0	0	0	0	0	0	0	0	0	0	0	711	0	0	0	0	0	0	0	0	0	300	0	0	0	0	560	0	0	0	0	677	0	0	0	0	1803	0	0	0	10243	0
LFQ	59	0	0	1	0	0	0	0	0	0	0	0	0	746	0	0	0	0	0	0	0	0	0	292	0	0	0	0	541	0	0	0	0	737	0	0	0	0	1784	0	0	0	10193	0
LFQ	60	0	0	2	0	0	0	0	0	0	0	0	0	701	0	0	0	0	0	0	0	0	0	289	0	0	0	0	545	0	0	0	0	727	0	0	0	0	1824	0	0	0	10206	0
LFQ	61	0	0	2	0	0	0	0	0	0	0	0	0	692	0	0	0	0	0	0	0	0	0	295	0	0	0	0	576	0	0	0	0	723	0	0	0	0	1722	0	0	0	10284	0
LFQ	62	0	0	0	0	0	0	0	0	0	0	0	0	707	0	0	0	0	0	0	0	0	0	290	0	0	0	0	506	0	0	0	0	732	0	0	0	0	1794	0	0	0	10265	0
LFQ	63	0	0	0	0	0	0	0	0	0	0	0	0	704	0	0	0	0	0	0	0	0	0	346	0	0	0	0	508	0	0	0	0	692	0	0	0	0	1764	0	0	0	10280	0
LFQ	64	0	0	0	0	0	0	0	0	0	0	0	0	693	0	0	0	0	0	0	0	0	0	278	0	0	0	0	511	0	0	0	0	712	0	0	0	0	1767	0	0	0	10333	0
LFQ	65	0	0	0	0	0	0	0	0	0	0	0	0	690	0	0	0	0	0	0	0	0	0	300	0	0	0	0	480	0	0	0	0	694	0	0	0	0	1776	0	0	0	10354	0
LFQ	66	0	0	2	0	0	0	0	0	0	0	0	0	702	0	0	0	0	0	0	0	0	0	288	0	0	0	0	480	0	0	0	0	663	0	0	0	0	1786	0	0	0	10373	0
LFQ	67	0	0	0	0	0	0	0	0	0	0	0	0	703	0	0	0	0	0	0	0	0	0	342	0	0	0	0	450	0	0	0	0	735	0	0	0	0	1776	0	0	0	10288	0
LFQ	68	0	0	0	0	0	0	0	0	0	0	0	0	694	0	0	0	0	0	0	0	0	0	334	0	0	0	0	453	0	0	0	0	701	0	0	0	0	1850	0	0	0	10262	0
LFQ	69	0	0	1	0	0	0	0	0	0	0	0	0	675	0	0	0	0	0	0	0	0	0	382	0	0	0	0	467	0	0	0	0	690	0	0	0	0	1853	0	0	0	10226	0
LFQ	70	0	0	1	0	0	0	0	0	0	0	0	0	698	0	0	0	0	0	0	0	0	0	378	0	0	0	0	428	0	0	0	0	674	0	0	0	0	1880	0	0	0	10235	0
LFQ	71	0	0	1	0	0	0	0	0	0	0	0	0	723	0	0	0	0	0	0	0	0	0	376	0	0	0	0	428	0	0	0	0	715	0	0	0	0	1768	0	0	0	10283	0
LFQ	72	0	0	1	0	0	0	0	0	0	0	0	0	721	0	0	0	0	0	0	0	0	0	434	0	0	0	0	421	0	0	0	0	687	0	0	0	0	1843	0	0	0	10187	0
LFQ	73	0	0	2	0	0	0	0	0	0	0	0	0	678	0	0	0	0	0	0	0	0	0	414	0	0	0	0	427	0	0	0	0	691	0	0	0	0	1934	0	0	0	10148	0
LFQ	74	0	0	1	0	0	0	0	0	0	0	0	0	728	0	0	0	0	0	0	0	0	0	424	0	0	0	0	373	0	0	0	0	715	0	0	0	0	1890	0	0	0	10163	0
LFQ	75	0	0	0	0	0	0	0	0	0	0	0	0	698	0	0	0	0	0	0	0	0	0	430	0	0	0	0	389	0	0	0	0	714	0	0	0	0	1881	0	0	0	10182	0
LFQ	76	0	0	0	0	0	0	0	0	0	0	0	0	713	0	0	0	0	0	0	0	0	0	374	0	0	0	0	458	0	0	0	0	694	0	0	0	0	1828	0	0	0	10227	0
LFQ	77	0	0	0	0	0	0	0	0	0	0	0	0	665	0	0	0	0	0	0	0	0	0	670	0	0	0	0	573	0	0	0	0	1285	0	0	0	0	3251	0	0	0	7850	0
LFQ	78	0	0	1	0	0	0	0	0	0	0	0	0	643	0	0	0	0	0	0	0	0	0	555	0	0	0	0	396	0	0	0	0	911	0	0	0	0	2398	0	0	0	9390	0
LFQ	79	0	0	1	0	0	0	0	0	0	0	0	0	641	0	0	0	0	0	0	0	0	0	417	0	0	0	0	347	0	0	0	0	778	0	0	0	0	1952	0	0	0	10158	0
LFQ	80	0	0	2	0	0	0	0	0	0	0	0	0	598	0	0	0	0	0	0	0	0	0	408	0	0	0	0	326	0	0	0	0	725	0	0	0	0	1869	0	0	0	10366	0
LFQ	81	0	0	1	0	0	0	0	0	0	0	0	0	667	0	0	0	0	0	0	0	0	0	381	0	0	0	0	289	0	0	0	0	710	0	0	0	0	1796	0	0	0	10450	0
LFQ	82	0	0	0	0	0	0	0	0	0	0	0	0	571	0	0	0	0	0	0	0	0	0	390	0	0	0	0	344	0	0	0	0	651	0	0	0	0	1714	0	0	0	10624	0
LFQ	83	0	0	1	0	0	0	0	0	0	0	0	0	585	0	0	0	0	0	0	0	0	0	360	0	0	0	0	330	0	0	0	0	614	0	0	0	0	1782	0	0	0	10622	0
LFQ	84	0	0	0	0	0	0	0	0	0	0	0	0	581	0	0	0	0	0	0	0	0	0	385	0	0	0	0	349	0	0	0	0	646	0	0	0	0	1674	0	0	0	10659	0
LFQ	85	0	0	1	0	0	0	0	0	0	0	0	0	577	0	0	0	0	0	0	0	0	0	343	0	0	0	0	366	0	0	0	0	615	0	0	0	0	1693	0	0	0	10699	0
LFQ	86	0	0	1	0	0	0	0	0	0	0	0	0	623	0	0	0	0	0	0	0	0	0	372	0	0	0	0	350	0	0	0	0	595	0	0	0	0	1663	0	0	0	10690	0
LFQ	87	0	0	0	0	0	0	0	0	0	0	0	0	601	0	0	0	0	0	0	0	0	0	359	0	0	0	0	342	0	0	0	0	646	0	0	0	0	1678	0	0	0	10668	0
LFQ	88	0	0	1	0	0	0	0	0	0	0	0	0	628	0	0	0	0	0	0	0	0	0	352	0	0	0	0	312	0	0	0	0	681	0	0	0	0	1722	0	0	0	10598	0
LFQ	89	0	0	0	0	0	0	0	0	0	0	0	0	657	0	0	0	0	0	0	0	0	0	386	0	0	0	0	385	0	0	0	0	654	0	0	0	0	1654	0	0	0	10558	0
LFQ	90	0	0	0	0	0	0	0	0	0	0	0	0	610	0	0	0	0	0	0	0	0	0	361	0	0	0	0	340	0	0	0	0	710	0	0	0	0	1653	0	0	0	10620	0
LFQ	91	0	0	0	0	0	0	0	0	0	0	0	0	600	0	0	0	0	0	0	0	0	0	376	0	0	0	0	350	0	0	0	0	750	0	0	0	0	1707	0	0	0	10511	0
LFQ	92	0	0	1	0	0	0	0	0	0	0	0	0	603	0	0	0	0	0	0	0	0	0	388	0	0	0	0	336	0	0	0	0	713	0	0	0	0	1736	0	0	0	10517	0
LFQ	93	0	0	0	0	0	0	0	0	0	0	0	0	611	0	0	0	0	0	0	0	0	0	367	0	0	0	0	351	0	0	0	0	705	0	0	0	0	1775	0	0	0	10485	0
LFQ	94	0	0	2	0	0	0	0	0	0	0	0	0	643	0	0	0	0	0	0	0	0	0	384	0	0	0	0	367	0	0	0	0	722	0	0	0	0	1667	0	0	0	10509	0
LFQ	95	0	0	0	0	0	0	0	0	0	0	0	0	661	0	0	0	0	0	0	0	0	0	350	0	0	0	0	343	0	0	0	0	766	0	0	0	0	1647	0	0	0	10527	0
LFQ	96	0	0	2	0	0	0	0	0	0	0	0	0	616	0	0	0	0	0	0	0	0	0	378	0	0	0	0	348	0	0	0	0	828	0	0	0	0	1679	0	0	0	10443	0
LFQ	97	0	0	0	0	0	0	0	0	0	0	0	0	611	0	0	0	0	0	0	0	0	0	390	0	0	0	0	375	0	0	0	0	795	0	0	0	0	1751	0	0	0	10372	0
LFQ	98	0	0	0	0	0	0	0	0	0	0	0	0	667	0	0	0	0	0	0	0	0	0	360	0	0	0	0	357	0	0	0	0	765	0	0	0	0	1721	0	0	0	10424	0
LFQ	99	0	0	0	0	0	0	0	0	0	0	0	0	660	0	0	0	0	0	0	0	0	0	391	0	0	0	0	371	0	0	0	0	765	0	0	0	0	1702	0	0	0	10405	0
LFQ	100	0	0	0	0	0	0	0	0	0	0	0	0	694	0	0	0	0	0	0	0	0	0	417	0	0	0	0	404	0	0	0	0	729	0	0	0	0	1705	0	0	0	10345	0
LFQ	101	0	0	0	0	0	0	0	0	0	0	0	0	657	0	0	0	0	0	0	0	0	0	431	0	0	0	0	381	0	0	0	0	751	0	0	0	0	1735	0	0	0	10339	0
LFQ	102	0	0	1	0	0	0	0	0	0	0	0	0	696	0	0	0	0	0	0	0	0	0	424	0	0	0	0	392	0	0	0	0	798	0	0	0	0	1674	0	0	0	10309	0
LFQ	103	0	0	0	0	0	0	0	0	0	0	0	0	669	0	0	0	0	0	0	0	0	0	423	0	0	0	0	409	0	0	0	0	773	0	0	0	0	1789	0	0	0	10230	0
LFQ	104	0	0	0	0	0	0	0	0	0	0	0	0	704	0	0	0	0	0	0	0	0	0	419	0	0	0	0	425	0	0	0	0	750	0	0	0	0	1782	0	0	0	10212	0
LFQ	105	0	0	2	0	0	0	0	0	0	0	0	0	708	0	0	0	0	0	0	0	0	0	456	0	0	0	0	406	0	0	0	0	814	0	0	0	0	1801	0	0	0	10104	0
LFQ	106	0	0	3	0	0	0	0	0	0	0	0	0	735	0	0	0	0	0	0	0	0	0	431	0	0	0	0	402	0	0	0	0	806	0	0	0	0	1983	0	0	0	9928	0
LFQ	107	0	0	2	0	0	0	0	0	0	0	0	0	702	0	0	0	0	0	0	0	0	0	450	0	0	0	0	364	0	0	0	0	856	0	0	0	0	1979	0	0	0	9933	0
LFQ	108	0	0	0	0	0	0	0	0	0	0	0	0	688	0	0	0	0	0	0	0	0	0	477	0	0	0	0	401	0	0	0	0	800	0	0	0	0	2057	0	0	0	9861	0
LFQ	109	0	0	0	0	0	0	0	0	0	0	0	0	739	0	0	0	0	0	0	0	0	0	493	0	0	0	0	345	0	0	0	0	856	0	0	0	0	2096	0	0	0	9749	0
LFQ	110	0	0	124	0	0	0	0	0	0	0	0	0	747	0	0	0	0	0	0	0	0	0	515	0	0	0	0	382	0	0	0	0	854	0	0	0	0	2104	0	0	0	9552	0
LFQ	111	0	0	0	0	0	0	0	0	0	0	0	0	767	0	0	0	0	0	0	0	0	0	524	0	0	0	0	383	0	0	0	0	872	0	0	0	0	2251	0	0	0	9478	0
LFQ	112	0	0	2	0	0	0	0	0	0	0	0	0	738	0	0	0	0	0	0	0	0	0	553	0	0	0	0	441	0	0	0	0	814	0	0	0	0	2302	0	0	0	9424	0
LFQ	113	0	0	0	0	0	0	0	0	0	0	0	0	783	0	0	0	0	0	0	0	0	0	498	0	0	0	0	439	0	0	0	0	891	0	0	0	0	2358	0	0	0	9304	0
LFQ	114	0	0	2	0	0	0	0	0	0	0	0	0	803	0	0	0	0	0	0	0	0	0	538	0	0	0	0	480	0	0	0	0	895	0	0	0	0	2283	0	0	0	9271	0
LFQ	115	0	0	0	0	0	0	0	0	0	0	0	0	817	0	0	0	0	0	0	0	0	0	514	0	0	0	0	466	0	0	0	0	885	0	0	0	0	2459	0	0	0	9127	0
LFQ	116	0	0	0	0	0	0	0	0	0	0	0	0	851	0	0	0	0	0	0	0	0	0	524	0	0	0	0	472	0	0	0	0	901	0	0	0	0	2364	0	0	0	9156	0
LFQ	117	0	0	3	0	0	0	0	0	0	0	0	0	828	0	0	0	0	0	0	0	0	0	591	0	0	0	0	441	0	0	0	0	830	0	0	0	0	2489	0	0	0	9082	0
LFQ	118	0	0	0	0	0	0	0	0	0	0	0	0	893	0	0	0	0	0	0	0	0	0	515	0	0	0	0	508	0	0	0	0	823	0	0	0	0	2487	0	0	0	9034	0
LFQ	119	0	0	3	0	0	0	0	0	0	0	0	0	954	0	0	0	0	0	0	0	0	0	528	0	0	0	0	524	0	0	0	0	829	0	0	0	0	2588	0	0	0	8831	0
LFQ	120	0	0	0	0	0	0	0	0	0	0	0	0	964	0	0	0	0	0	0	0	0	0	541	0	0	0	0	498	0	0	0	0	874	0	0	0	0	2596	0	0	0	8782	0
LFQ	121	0	0	0	0	0	0	0	0	0	0	0	0	960	0	0	0	0	0	0	0	0	0	512	0	0	0	0	538	0	0	0	0	854	0	0	0	0	2701	0	0	0	8686	0
LFQ	122	0	0	2	0	0	0	0	0	0	0	0	0	1036	0	0	0	0	0	0	0	0	0	520	0	0	0	0	555	0	0	0	0	852	0	0	0	0	2646	0	0	0	8634	0
LFQ	123	0	0	0	0	0	0	0	0	3	0	0	0	1093	0	0	0	0	0	0	0	0	0	502	0	0	0	0	514	0	0	0	0	865	0	0	0	0	2788	0	0	0	8477	0
LFQ	124	0	0	3	0	0	0	0	0	13	0	0	0	1064	0	0	0	0	0	0	0	0	0	495	0	0	0	0	522	0	0	0	0	847	0	0	0	0	2816	0	0	0	8477	0
LFQ	125	0	0	0	0	0	0	0	0	17	0	0	0	1071	0	0	0	0	0	0	0	0	0	512	0	0	0	0	513	0	0	0	0	996	0	0	0	0	2772	0	0	0	8352	0
LFQ	126	0	0	0	0	0	0	0	0	31	0	0	0	1136	0	0	0	0	0	0	0	0	0	516	0	0	0	0	550	0	0	0	0	962	0	0	0	0	2710	0	0	0	8324	0
LFQ	127	0	0	2	0	0	0	0	0	32	0	0	0	1142	0	0	0	0	0	0	0	0	0	544	0	0	0	0	551	0	0	0	0	981	0	0	0	0	2738	0	0	0	8235	0
LFQ	128	0	0	0	0	0	0	0	0	22	0	0	0	1169	0	0	0	0	0	0	0	0	0	569	0	0	0	0	570	0	0	0	0	992	0	0	0	0	2824	0	0	0	8076	0
LFQ	129	0	0	1	0	0	0	0	0	62	0	0	0	1161	0	0	0	0	0	0	0	0	0	583	0	0	0	0	518	0	0	0	0	1144	0	0	0	0	2714	0	0	0	8036	0
LFQ	130	0	0	0	0	0	0	0	0	92	0	0	0	1126	0	0	0	0	0	0	0	0	0	587	0	0	0	0	489	0	0	0	0	1215	0	0	0	0	2669	0	0	0	8036	0
LFQ	131	0	0	3	0	0	0	0	0	113	0	0	0	1118	0	0	0	0	0	0	0	0	0	590	0	0	0	0	520	0	0	0	0	1353	0	0	0	0	2548	0	0	0	7965	0
LFQ	132	0	0	1	0	0	0	0	0	128	0	0	0	1106	0	0	0	0	0	0	0	0	0	652	0	0	0	0	541	0	0	0	0	1290	0	0	0	0	2562	0	0	0	7926	0
LFQ	133	0	0	1	0	0	0	0	0	122	0	0	0	1112	0	0	0	0	0	0	0	0	0	584	0	0	0	0	546	0	0	0	0	1472	0	0	0	0	2416	0	0	0	7947	0
LFQ	134	0	0	1	0	0	0	0	0	149	0	0	0	1154	0	0	0	0	0	0	0	0	0	625	0	0	0	0	489	0	0	0	0	1479	0	0	0	0	2373	0	0	0	7927	0
LFQ	135	0	0	1	0	0	0	0	0	152	0	0	0	1095	0	0	0	0	0	0	0	0	0	634	0	0	0	0	624	0	0	0	0	1430	0	0	0	0	2378	0	0	0	7878	0
LFQ	136	0	0	0	0	0	0	0	0	147	0	0	0	1116	0	0	0	0	0	0	0	0	0	644	0	0	0	0	642	0	0	0	0	1507	0	0	0	0	2321	0	0	0	7809	0
LFQ	137	0	0	1	0	0	0	0	0	146	0	0	0	1183	0	0	0	0	0	0	0	0	0	670	0	0	0	0	615	0	0	0	0	1494	0	0	0	0	2417	0	0	0	7655	0
LFQ	138	0	0	2	0	0	0	0	0	142	0	0	0	1170	0	0	0	0	0	0	0	0	0	710	0	0	0	0	690	0	0	0	0	1517	0	0	0	0	2308	0	0	0	7637	0
LFQ	139	0	0	0	0	0	0	0	0	161	0	0	0	1203	0	0	0	0	0	0	0	0	0	679	0	0	0	0	619	0	0	0	0	1548	0	0	0	0	2457	0	0	0	7506	0
LFQ	140	0	0	3	0	0	0	0	0	161	0	0	0	1150	0	0	0	0	0	0	0	0	0	680	0	0	0	0	704	0	0	0	0	1502	0	0	0	0	2397	0	0	0	7566	0
LFQ	141	0	0	0	0	0	0	0	0	153	0	0	0	1185	0	0	0	0	0	0	0	0	0	707	0	0	0	0	797	0	0	0	0	1544	0	0	0	0	2209	0	0	0	7557	0
LFQ	142	0	0	1	0	0	0	0	0	167	0	0	0	1217	0	0	0	0	0	0	0	0	0	652	0	0	0	0	808	0	0	0	0	1564	0	0	0	0	2166	0	0	0	7558	0
LFQ	143	0	0	2	0	0	0	0	0	145	0	0	0	1209	0	0	0	0	0	0	0	0	0	714	0	0	0	0	849	0	0	0	0	1628	0	0	0	0	2137	0	0	0	7442	0
LFQ	144	0	0	0	0	0	0	0	0	161	0	0	0	1238	0	0	0	0	0	0	0	0	0	757	0	0	0	0	818	0	0	0	0	1587	0	0	0	0	2294	0	0	0	7247	0
LFQ	145	0	0	0	0	0	0	0	0	157	0	0	0	1186	0	0	0	0	0	0	0	0	0	736	0	0	0	0	892	0	0	0	0	1591	0	0	0	0	2298	0	0	0	7217	0
LFQ	146	0	0	3	0	0	0	0	0	148	0	0	0	1161	0	0	0	0	0	0	0	0	0	715	0	0	0	0	866	0	0	0	0	1601	0	0	0	0	2251	0	0	0	7304	0
LFQ	147	0	0	0	0	0	0	0	0	139	0	0	0	1170	0	0	0	0	0	0	0	0	0	739	0	0	0	0	908	0	0	0	0	1615	0	0	0	0	2245	0	0	0	7182	0
LFQ	148	0	0	0	0	0	0	0	0	128	0	0	0	1159	0	0	0	0	0	0	0	0	0	710	0	0	0	0	991	0	0	0	0	1524	0	0	0	0	2331	0	0	0	7037	0
LFQ	149	0	0	0	0	0	0	0	0	114	0	0	0	931	0	0	0	0	0	0	0	0	0	791	0	0	0	0	1032	0	0	0	0	1542	0	0	0	0	2354	0	0	0	6791	0
LFQ	150	0	0	2	0	0	0	0	0	74	0	0	0	645	0	0	0	0	0	0	0	0	0	752	0	0	0	0	1038	0	0	0	0	1545	0	0	0	0	2328	0	0	0	6769	0
LFQ	151	0	0	0	0	0	0	0	0	0	0	0	0	0	0	0	0	0	0	0	0	0	0	1230	0	0	0	0	1554	0	0	0	0	2012	0	0	0	0	2609	0	0	0	4192	0
# GC Content of first fragments. Use `grep ^GCF | cut -f 2-` to extract this part.
GCF	5.78	0
GCF	12.06	1
GCF	13.07	0
GCF	14.32	1
GCF	15.33	0
GCF	15.83	4
GCF	16.58	5
GCF	17.34	4
GCF	17.84	10
GCF	18.34	20
GCF	18.84	19
GCF	19.35	27
GCF	19.85	46
GCF	20.35	58
GCF	20.85	57
GCF	21.36	71
GCF	21.86	70
GCF	22.36	102
GCF	22.86	104
GCF	23.37	117
GCF	23.87	153
GCF	24.37	189
GCF	24.87	199
GCF	25.38	278
GCF	25.88	284
GCF	26.38	348
GCF	26.88	361
GCF	27.39	364
GCF	27.89	378
GCF	28.39	445
GCF	28.89	534
GCF	29.40	529
GCF	29.90	542
GCF	30.40	559
GCF	30.90	715
GCF	31.41	702
GCF	31.91	639
GCF	32.41	668
GCF	32.91	696
GCF	33.42	682
GCF	33.92	671
GCF	34.42	702
GCF	34.92	710
GCF	35.43	737
GCF	35.93	661
GCF	36.43	613
GCF	36.93	529
GCF	37.44	546
GCF	37.94	416
GCF	38.44	380
GCF	38.94	364
GCF	39.45	365
GCF	39.95	325
GCF	40.45	253
GCF	40.95	213
GCF	41.46	209
GCF	41.96	182
GCF	42.46	127
GCF	42.96	109
GCF	43.47	63
GCF	43.97	65
GCF	44.47	48
GCF	45.23	32
GCF	45.98	31
GCF	46.48	20
GCF	46.98	12
GCF	47.49	14
GCF	47.99	15
GCF	48.74	18
GCF	49.50	36
GCF	50.00	44
GCF	50.50	59
GCF	51.01	32
GCF	51.51	27
GCF	52.26	23
GCF	53.02	16
GCF	53.52	20
GCF	54.02	19
GCF	54.52	10
GCF	55.03	13
GCF	55.53	12
GCF	56.03	11
GCF	56.78	7
GCF	57.54	19
GCF	58.04	10
GCF	58.54	12
GCF	59.05	7
GCF	60.05	4
GCF	61.06	3
GCF	61.56	6
GCF	62.06	4
GCF	62.56	5
GCF	63.07	7
GCF	63.57	9
GCF	64.07	4
GCF	64.57	5
GCF	65.08	4
GCF	65.58	6
GCF	66.08	3
GCF	66.58	2
GCF	67.09	4
GCF	67.59	2
GCF	68.09	5
GCF	68.59	4
GCF	69.35	2
GCF	70.35	1
GCF	71.11	0
GCF	71.61	2
GCF	72.11	1
GCF	72.86	0
GCF	73.62	2
# GC Content of last fragments. Use `grep ^GCL | cut -f 2-` to extract this part.
GCL	4.77	0
GCL	10.05	1
GCL	11.06	0
GCL	12.06	1
GCL	12.81	3
GCL	13.32	0
GCL	14.32	1
GCL	15.33	4
GCL	15.83	6
GCL	16.33	8
GCL	16.83	6
GCL	17.34	13
GCL	17.84	19
GCL	18.34	20
GCL	18.84	14
GCL	19.35	25
GCL	19.85	43
GCL	20.60	48
GCL	21.36	74
GCL	21.86	107
GCL	22.36	120
GCL	22.86	123
GCL	23.37	170
GCL	23.87	182
GCL	24.37	220
GCL	24.87	213
GCL	25.38	265
GCL	25.88	281
GCL	26.38	334
GCL	26.88	337
GCL	27.39	364
GCL	27.89	458
GCL	28.39	468
GCL	28.89	528
GCL	29.40	532
GCL	29.90	570
GCL	30.40	548
GCL	30.90	658
GCL	31.41	668
GCL	31.91	641
GCL	32.41	683
GCL	32.91	671
GCL	33.42	681
GCL	33.92	673
GCL	34.42	649
GCL	34.92	672
GCL	35.43	646
GCL	35.93	699
GCL	36.43	548
GCL	36.93	512
GCL	37.44	530
GCL	37.94	461
GCL	38.44	372
GCL	38.94	338
GCL	39.45	345
GCL	39.95	283
GCL	40.45	254
GCL	40.95	248
GCL	41.46	224
GCL	41.96	143
GCL	42.46	123
GCL	42.96	109
GCL	43.47	91
GCL	43.97	85
GCL	44.47	49
GCL	44.97	52
GCL	45.48	34
GCL	45.98	33
GCL	46.48	37
GCL	46.98	27
GCL	47.49	28
GCL	47.99	27
GCL	48.74	21
GCL	49.50	26
GCL	50.00	27
GCL	50.50	26
GCL	51.01	20
GCL	51.51	19
GCL	52.01	15
GCL	52.76	24
GCL	53.52	20
GCL	54.02	18
GCL	54.52	10
GCL	55.03	12
GCL	55.53	7
GCL	56.03	16
GCL	56.53	13
GCL	57.54	10
GCL	58.54	9
GCL	59.55	12
GCL	60.80	7
GCL	61.56	11
GCL	62.06	8
GCL	62.56	9
GCL	63.07	12
GCL	63.57	5
GCL	64.07	2
GCL	64.57	5
GCL	65.08	4
GCL	65.58	6
GCL	66.08	5
GCL	66.58	2
GCL	67.09	3
GCL	67.59	5
GCL	68.09	2
GCL	68.59	0
GCL	69.10	2
GCL	69.60	1
GCL	70.10	0
GCL	70.60	3
GCL	71.11	1
GCL	71.61	0
GCL	72.36	1
GCL	73.12	2
GCL	73.62	0
GCL	74.12	1
GCL	74.62	4
GCL	75.13	2
GCL	75.63	0
GCL	76.63	1
GCL	78.39	0
GCL	79.65	1
GCL	80.90	0
GCL	82.16	1
GCL	82.66	2
GCL	83.17	1
GCL	83.67	0
GCL	84.17	1
GCL	84.92	0
GCL	85.93	1
GCL	86.93	0
GCL	87.69	1
GCL	88.19	2
GCL	89.20	0
GCL	90.20	1
GCL	90.70	0
GCL	91.21	1
GCL	91.71	2
GCL	92.21	1
GCL	93.97	0
GCL	95.98	1
# ACGT content per cycle. Use `grep ^GCC | cut -f 2-` to extract this part. The columns are: cycle; A,C,G,T base counts as a percentage of all A/C/G/T bases [%]; and N and O counts as a percentage of all A/C/G/T bases [%]
GCC	1	40.52	11.12	10.99	37.38	1.04	0.00
GCC	2	34.60	15.66	18.10	31.63	0.02	0.00
GCC	3	34.02	15.47	15.26	35.26	0.00	0.00
GCC	4	33.81	16.96	17.52	31.71	0.00	0.00
GCC	5	33.37	17.59	17.44	31.60	0.00	0.00
GCC	6	34.40	16.39	16.19	33.03	0.00	0.00
GCC	7	34.12	15.88	15.40	34.60	0.00	0.00
GCC	8	32.68	16.82	17.02	33.48	0.00	0.00
GCC	9	32.72	17.14	16.81	33.32	0.01	0.00
GCC	10	35.11	15.64	15.87	33.38	0.00	0.00
GCC	11	32.22	18.19	18.15	31.45	0.01	0.00
GCC	12	31.78	17.56	17.59	33.07	0.01	0.00
GCC	13	32.55	17.27	16.67	33.51	0.00	0.00
GCC	14	32.73	16.86	17.55	32.85	0.00	0.00
GCC	15	32.76	17.01	16.80	33.43	0.00	0.00
GCC	16	32.93	16.66	16.56	33.86	0.00	0.00
GCC	17	32.84	16.90	17.56	32.70	0.00	0.00
GCC	18	33.73	16.78	16.46	33.03	0.00	0.00
GCC	19	33.85	16.35	16.61	33.19	0.00	0.00
GCC	20	33.60	16.54	16.93	32.93	0.00	0.00
GCC	21	32.56	17.39	16.35	33.70	0.01	0.00
GCC	22	33.51	15.90	16.92	33.67	0.01	0.00
GCC	23	32.61	16.67	17.14	33.57	0.00	0.00
GCC	24	33.08	16.38	16.70	33.84	0.00	0.00
GCC	25	33.65	16.78	16.46	33.11	0.01	0.00
GCC	26	33.20	16.91	17.16	32.74	0.01	0.00
GCC	27	33.58	16.37	16.41	33.63	0.63	0.00
GCC	28	33.62	16.02	16.72	33.64	0.05	0.00
GCC	29	33.18	17.10	16.84	32.88	0.02	0.00
GCC	30	33.46	16.09	16.57	33.88	0.00	0.00
GCC	31	33.59	16.79	16.51	33.11	0.00	0.00
GCC	32	33.04	16.35	17.68	32.93	0.01	0.00
GCC	33	33.42	16.56	16.29	33.73	0.00	0.00
GCC	34	33.38	16.22	16.82	33.58	0.00	0.00
GCC	35	32.94	16.96	16.99	33.11	0.00	0.00
GCC	36	33.02	16.03	16.49	34.45	0.02	0.00
GCC	37	33.62	16.31	16.21	33.86	0.01	0.00
GCC	38	32.81	16.80	17.43	32.97	0.01	0.00
GCC	39	33.54	16.67	16.20	33.58	0.02	0.00
GCC	40	33.85	16.18	16.46	33.52	0.08	0.00
GCC	41	32.89	17.47	17.03	32.61	0.01	0.00
GCC	42	33.20	16.25	16.65	33.90	0.01	0.00
GCC	43	33.26	16.63	16.43	33.67	0.00	0.00
GCC	44	33.07	16.94	16.98	33.01	0.09	0.00
GCC	45	32.91	16.99	16.27	33.82	0.00	0.00
GCC	46	33.66	16.53	16.30	33.51	0.06	0.00
GCC	47	32.37	16.67	17.97	32.99	0.06	0.00
GCC	48	33.28	16.58	17.08	33.06	0.05	0.00
GCC	49	33.82	16.63	16.19	33.35	0.01	0.00
GCC	50	33.04	16.59	17.46	32.92	0.00	0.00
GCC	51	33.02	17.18	16.50	33.29	0.00	0.00
GCC	52	34.13	15.62	16.76	33.49	0.02	0.00
GCC	53	32.83	16.74	17.23	33.20	0.01	0.00
GCC	54	33.79	16.55	16.38	33.28	0.00	0.00
GCC	55	33.65	16.35	16.56	33.44	0.01	0.00
GCC	56	33.13	16.59	17.10	33.18	0.00	0.00
GCC	57	32.75	17.10	16.25	33.90	0.00	0.00
GCC	58	34.21	15.68	16.89	33.21	0.00	0.00
GCC	59	32.94	17.02	17.30	32.74	0.00	0.00
GCC	60	33.55	16.46	16.58	33.41	0.01	0.00
GCC	61	33.41	16.49	16.97	33.13	0.01	0.00
GCC	62	33.28	17.15	16.96	32.61	0.00	0.00
GCC	63	32.91	17.03	16.54	33.53	0.00	0.00
GCC	64	33.22	16.04	17.12	33.62	0.00	0.00
GCC	65	32.07	17.00	17.19	33.74	0.00	0.00
GCC	66	32.90	16.77	16.48	33.85	0.01	0.00
GCC	67	33.05	16.54	17.20	33.21	0.00	0.00
GCC	68	33.04	16.88	17.31	32.78	0.00	0.00
GCC	69	33.08	16.65	16.42	33.85	0.00	0.00
GCC	70	33.52	16.08	16.82	33.58	0.00	0.00
GCC	71	32.53	17.50	17.15	32.82	0.00	0.00
GCC	72	33.79	16.89	16.74	32.58	0.00	0.00
GCC	73	33.63	16.73	16.45	33.19	0.01	0.00
GCC	74	32.94	16.94	17.39	32.73	0.00	0.00
GCC	75	33.51	17.26	16.53	32.70	0.00	0.00
GCC	76	33.93	16.21	16.84	33.01	0.00	0.00
GCC	77	32.88	17.41	17.01	32.70	0.00	0.00
GCC	78	33.21	16.55	16.87	33.38	0.00	0.00
GCC	79	33.24	16.61	16.67	33.48	0.01	0.00
GCC	80	33.21	16.72	17.34	32.74	0.01	0.00
GCC	81	33.29	17.34	16.23	33.13	0.00	0.00
GCC	82	34.20	16.49	16.50	32.81	0.01	0.00
GCC	83	32.81	17.27	17.19	32.74	0.00	0.00
GCC	84	33.43	16.51	16.51	33.55	0.00	0.00
GCC	85	34.11	16.84	16.24	32.81	0.00	0.00
GCC	86	33.43	16.67	17.36	32.54	0.00	0.00
GCC	87	33.05	16.88	16.46	33.60	0.00	0.00
GCC	88	34.10	16.21	16.36	33.32	0.01	0.00
GCC	89	32.42	17.16	17.52	32.90	0.00	0.00
GCC	90	33.39	16.62	16.50	33.49	0.00	0.00
GCC	91	33.21	16.77	16.52	33.50	0.00	0.00
GCC	92	32.86	16.57	17.31	33.25	0.00	0.00
GCC	93	32.99	16.81	16.65	33.55	0.01	0.00
GCC	94	33.86	16.12	16.80	33.22	0.01	0.00
GCC	95	33.09	17.04	17.10	32.77	0.01	0.00
GCC	96	32.87	16.82	17.03	33.29	0.01	0.00
GCC	97	33.38	16.72	16.51	33.39	0.00	0.00
GCC	98	33.09	16.82	17.07	33.02	0.01	0.00
GCC	99	33.14	17.35	16.66	32.85	0.00	0.00
GCC	100	33.79	15.93	16.52	33.75	0.00	0.00
GCC	101	32.61	16.95	17.05	33.39	0.00	0.00
GCC	102	34.00	16.46	16.63	32.92	0.00	0.00
GCC	103	32.97	16.72	16.56	33.75	0.00	0.00
GCC	104	33.06	16.56	17.14	33.24	0.00	0.00
GCC	105	33.48	17.06	16.82	32.64	0.01	0.00
GCC	106	33.96	16.45	16.87	32.72	0.01	0.00
GCC	107	33.60	16.92	17.19	32.29	0.01	0.00
GCC	108	33.82	16.67	16.34	33.17	0.01	0.00
GCC	109	33.74	16.09	16.62	33.55	0.00	0.00
GCC	110	33.67	16.63	17.37	32.32	0.44	0.00
GCC	111	33.15	16.96	16.86	33.03	0.00	0.00
GCC	112	33.44	16.32	16.43	33.81	0.01	0.00
GCC	113	33.19	17.06	17.47	32.28	0.00	0.00
GCC	114	33.81	16.08	16.66	33.45	0.01	0.00
GCC	115	33.45	16.62	16.86	33.07	0.00	0.00
GCC	116	33.55	17.25	16.82	32.38	0.00	0.00
GCC	117	33.53	16.99	16.81	32.67	0.02	0.00
GCC	118	33.14	16.28	16.81	33.78	0.00	0.00
GCC	119	32.68	17.04	17.51	32.77	0.01	0.00
GCC	120	33.05	16.62	16.73	33.60	0.00	0.00
GCC	121	33.45	16.69	16.23	33.62	0.00	0.00
GCC	122	32.90	16.98	17.65	32.47	0.01	0.00
GCC	123	33.22	16.94	16.81	33.03	0.01	0.00
GCC	124	33.62	16.33	16.59	33.46	0.01	0.00
GCC	125	32.43	17.24	17.32	33.01	0.00	0.00
GCC	126	33.38	16.32	16.79	33.50	0.01	0.00
GCC	127	33.59	16.16	17.33	32.93	0.01	0.00
GCC	128	33.16	16.92	16.99	32.94	0.01	0.00
GCC	129	33.35	16.73	16.27	33.65	0.00	0.00
GCC	130	33.40	16.35	16.83	33.42	0.01	0.00
GCC	131	32.79	17.01	17.31	32.89	0.01	0.00
GCC	132	33.92	16.71	16.55	32.82	0.00	0.00
GCC	133	34.09	16.86	16.37	32.68	0.01	0.00
GCC	134	33.20	16.89	17.14	32.77	0.01	0.00
GCC	135	33.13	16.79	16.75	33.33	0.01	0.00
GCC	136	34.06	16.14	16.44	33.35	0.00	0.00
GCC	137	32.91	16.93	17.21	32.95	0.01	0.00
GCC	138	33.67	16.69	16.65	32.99	0.01	0.00
GCC	139	33.32	16.90	16.70	33.08	0.01	0.00
GCC	140	32.88	16.61	17.89	32.62	0.02	0.00
GCC	141	33.06	16.91	16.70	33.33	0.01	0.00
GCC	142	33.33	16.75	16.69	33.23	0.01	0.00
GCC	143	32.85	17.26	17.04	32.84	0.01	0.00
GCC	144	33.33	16.98	16.33	33.37	0.01	0.00
GCC	145	33.11	16.63	16.93	33.32	0.00	0.00
GCC	146	33.44	16.91	17.24	32.41	0.05	0.00
GCC	147	32.81	16.63	16.54	34.03	0.00	0.00
GCC	148	34.31	16.11	16.26	33.32	0.00	0.00
GCC	149	33.42	16.86	16.65	33.07	0.00	0.00
GCC	150	33.16	16.77	16.49	33.59	0.01	0.00
GCC	151	33.63	16.74	16.67	32.96	0.00	0.00
# ACGT content per cycle, read oriented. Use `grep ^GCT | cut -f 2-` to extract this part. The columns are: cycle; A,C,G,T base counts as a percentage of all A/C/G/T bases [%]
GCT	1	44.74	10.40	11.70	33.15
GCT	2	39.11	10.80	22.96	27.13
GCT	3	33.57	14.76	15.96	35.71
GCT	4	34.93	15.73	18.76	30.58
GCT	5	36.52	17.15	17.88	28.45
GCT	6	37.95	16.38	16.20	29.47
GCT	7	33.54	15.13	16.16	35.18
GCT	8	31.49	17.19	16.65	34.68
GCT	9	30.83	17.54	16.41	35.22
GCT	10	35.69	15.54	15.97	32.80
GCT	11	33.78	18.54	17.80	29.88
GCT	12	32.16	17.95	17.20	32.69
GCT	13	32.76	17.25	16.69	33.30
GCT	14	33.14	16.59	17.83	32.44
GCT	15	33.24	17.48	16.33	32.95
GCT	16	33.36	16.40	16.81	33.42
GCT	17	32.82	17.15	17.31	32.72
GCT	18	33.24	17.16	16.08	33.52
GCT	19	33.67	16.53	16.43	33.38
GCT	20	33.58	16.59	16.87	32.95
GCT	21	32.80	17.34	16.40	33.46
GCT	22	33.98	16.05	16.77	33.20
GCT	23	33.00	17.18	16.64	33.19
GCT	24	33.82	16.82	16.26	33.10
GCT	25	33.45	16.55	16.69	33.31
GCT	26	33.14	16.64	17.42	32.80
GCT	27	33.79	16.67	16.11	33.43
GCT	28	33.62	16.08	16.65	33.64
GCT	29	33.25	16.61	17.33	32.81
GCT	30	33.62	16.75	15.91	33.72
GCT	31	33.44	16.17	17.13	33.26
GCT	32	33.43	16.52	17.50	32.55
GCT	33	33.82	16.74	16.12	33.33
GCT	34	33.60	16.32	16.72	33.36
GCT	35	33.17	16.72	17.24	32.88
GCT	36	33.25	16.22	16.30	34.22
GCT	37	33.17	16.27	16.25	34.31
GCT	38	32.77	16.81	17.41	33.01
GCT	39	33.28	16.92	15.96	33.85
GCT	40	34.06	15.99	16.64	33.31
GCT	41	32.56	16.88	17.62	32.94
GCT	42	33.29	16.56	16.34	33.81
GCT	43	33.38	16.67	16.39	33.56
GCT	44	33.41	16.70	17.21	32.68
GCT	45	33.05	17.46	15.81	33.69
GCT	46	33.18	16.11	16.72	33.99
GCT	47	32.83	16.82	17.82	32.53
GCT	48	33.56	16.82	16.84	32.77
GCT	49	33.20	16.13	16.69	33.98
GCT	50	33.17	16.93	17.11	32.79
GCT	51	33.27	17.24	16.45	33.05
GCT	52	34.05	15.79	16.59	33.57
GCT	53	32.80	17.02	16.95	33.23
GCT	54	33.38	16.85	16.09	33.69
GCT	55	32.94	16.48	16.44	34.14
GCT	56	33.59	16.42	17.27	32.71
GCT	57	32.93	16.79	16.55	33.73
GCT	58	33.64	15.78	16.80	33.78
GCT	59	32.64	17.05	17.27	33.04
GCT	60	33.31	16.68	16.35	33.65
GCT	61	33.42	16.47	16.99	33.12
GCT	62	33.32	16.59	17.52	32.57
GCT	63	32.48	17.20	16.36	33.96
GCT	64	33.70	16.27	16.89	33.14
GCT	65	33.47	17.20	16.99	32.34
GCT	66	33.31	16.43	16.81	33.45
GCT	67	32.90	16.59	17.15	33.36
GCT	68	33.11	16.63	17.56	32.70
GCT	69	33.25	16.75	16.32	33.68
GCT	70	33.06	15.87	17.04	34.04
GCT	71	32.53	17.50	17.15	32.83
GCT	72	33.55	17.10	16.53	32.83
GCT	73	33.38	16.46	16.73	33.43
GCT	74	33.40	16.47	17.86	32.26
GCT	75	32.64	17.34	16.45	33.57
GCT	76	33.49	16.03	17.03	33.46
GCT	77	32.49	17.18	17.24	33.09
GCT	78	33.10	17.30	16.12	33.48
GCT	79	33.17	16.53	16.75	33.55
GCT	80	33.09	16.69	17.37	32.86
GCT	81	33.63	17.21	16.37	32.79
GCT	82	33.87	16.42	16.58	33.13
GCT	83	32.84	17.11	17.35	32.71
GCT	84	33.56	16.58	16.44	33.42
GCT	85	33.59	16.52	16.56	33.33
GCT	86	32.84	16.72	17.31	33.13
GCT	87	33.24	17.06	16.29	33.41
GCT	88	34.17	16.27	16.31	33.25
GCT	89	32.52	17.17	17.51	32.80
GCT	90	33.31	16.71	16.41	33.57
GCT	91	33.33	16.67	16.62	33.38
GCT	92	33.06	16.66	17.22	33.06
GCT	93	33.13	17.03	16.42	33.42
GCT	94	33.48	16.06	16.87	33.59
GCT	95	33.05	17.09	17.05	32.81
GCT	96	32.81	17.12	16.72	33.35
GCT	97	33.31	16.42	16.81	33.46
GCT	98	33.49	16.28	17.61	32.62
GCT	99	32.82	17.43	16.57	33.17
GCT	100	33.81	15.71	16.75	33.73
GCT	101	33.01	16.91	17.08	32.99
GCT	102	33.41	16.84	16.25	33.50
GCT	103	33.11	16.80	16.48	33.61
GCT	104	33.68	16.44	17.26	32.62
GCT	105	33.05	17.34	16.54	33.07
GCT	106	33.34	15.98	17.35	33.33
GCT	107	32.61	17.18	16.94	33.27
GCT	108	33.18	16.77	16.24	33.82
GCT	109	33.63	16.20	16.51	33.66
GCT	110	33.44	16.68	17.33	32.55
GCT	111	32.83	17.37	16.45	33.35
GCT	112	33.95	16.16	16.59	33.30
GCT	113	33.12	16.97	17.57	32.35
GCT	114	34.07	16.56	16.18	33.19
GCT	115	33.84	16.54	16.94	32.67
GCT	116	32.97	16.97	17.10	32.96
GCT	117	32.74	17.61	16.20	33.46
GCT	118	34.11	16.23	16.86	32.80
GCT	119	33.17	17.08	17.46	32.28
GCT	120	32.86	16.70	16.65	33.79
GCT	121	33.47	16.25	16.68	33.60
GCT	122	33.09	16.83	17.80	32.28
GCT	123	33.16	17.22	16.53	33.09
GCT	124	33.13	16.22	16.70	33.95
GCT	125	32.77	17.33	17.23	32.67
GCT	126	33.47	16.35	16.76	33.42
GCT	127	33.36	16.78	16.71	33.16
GCT	128	32.90	16.61	17.29	33.20
GCT	129	33.57	17.09	15.91	33.44
GCT	130	33.13	16.53	16.66	33.69
GCT	131	33.35	16.75	17.57	32.33
GCT	132	33.33	16.82	16.44	33.41
GCT	133	33.62	16.60	16.63	33.15
GCT	134	33.23	16.66	17.37	32.74
GCT	135	33.33	17.23	16.31	33.13
GCT	136	34.51	15.92	16.66	32.90
GCT	137	32.90	16.94	17.20	32.96
GCT	138	33.82	16.98	16.37	32.83
GCT	139	32.87	16.92	16.68	33.54
GCT	140	33.32	17.10	17.40	32.18
GCT	141	33.01	17.19	16.42	33.37
GCT	142	33.44	16.57	16.87	33.12
GCT	143	32.84	17.17	17.13	32.86
GCT	144	33.10	16.84	16.47	33.60
GCT	145	32.93	16.93	16.64	33.51
GCT	146	33.47	16.84	17.30	32.39
GCT	147	33.15	16.73	16.44	33.68
GCT	148	33.77	15.94	16.42	33.86
GCT	149	33.27	17.29	16.22	33.22
GCT	150	32.76	17.00	16.25	33.98
GCT	151	34.30	16.56	16.84	32.30
# ACGT content per cycle for first fragments. Use `grep ^FBC | cut -f 2-` to extract this part. The columns are: cycle; A,C,G,T base counts as a percentage of all A/C/G/T bases [%]; and N and O counts as a percentage of all A/C/G/T bases [%]
FBC	1	40.33	11.65	11.18	36.84	0.48	0.00
FBC	2	35.08	15.63	18.32	30.98	0.00	0.00
FBC	3	34.04	15.31	15.19	35.46	0.00	0.00
FBC	4	33.99	17.24	17.15	31.62	0.00	0.00
FBC	5	32.63	18.18	17.76	31.43	0.00	0.00
FBC	6	34.57	16.78	15.96	32.69	0.00	0.00
FBC	7	33.59	16.23	15.34	34.84	0.00	0.00
FBC	8	33.02	16.77	17.01	33.20	0.00	0.00
FBC	9	32.36	17.56	16.86	33.22	0.00	0.00
FBC	10	35.64	14.84	15.74	33.78	0.00	0.00
FBC	11	32.28	18.40	18.14	31.18	0.01	0.00
FBC	12	31.64	17.88	17.66	32.82	0.00	0.00
FBC	13	32.62	17.68	16.45	33.24	0.00	0.00
FBC	14	32.56	16.36	18.11	32.98	0.00	0.00
FBC	15	32.89	17.22	16.38	33.52	0.00	0.00
FBC	16	33.24	16.57	16.85	33.34	0.00	0.00
FBC	17	32.44	17.03	18.01	32.52	0.00	0.00
FBC	18	34.05	17.04	16.41	32.50	0.01	0.00
FBC	19	33.77	16.89	16.79	32.55	0.01	0.00
FBC	20	33.27	16.27	17.35	33.11	0.00	0.00
FBC	21	32.62	17.24	16.48	33.66	0.00	0.00
FBC	22	33.71	15.57	16.51	34.22	0.00	0.00
FBC	23	32.85	16.49	17.33	33.33	0.00	0.00
FBC	24	33.11	16.48	16.48	33.92	0.00	0.00
FBC	25	33.84	16.66	16.41	33.09	0.00	0.00
FBC	26	33.35	17.00	17.56	32.09	0.00	0.00
FBC	27	32.94	16.62	16.97	33.47	0.21	0.00
FBC	28	33.84	16.13	16.69	33.34	0.09	0.00
FBC	29	33.39	17.08	16.83	32.70	0.05	0.00
FBC	30	34.05	16.14	16.50	33.31	0.00	0.00
FBC	31	33.38	17.22	16.51	32.89	0.00	0.00
FBC	32	33.14	16.45	18.06	32.35	0.01	0.00
FBC	33	33.27	16.95	16.37	33.41	0.00	0.00
FBC	34	33.00	16.64	16.78	33.58	0.00	0.00
FBC	35	33.22	17.18	16.78	32.82	0.00	0.00
FBC	36	32.98	16.39	16.29	34.34	0.03	0.00
FBC	37	33.78	16.60	15.79	33.83	0.00	0.00
FBC	38	33.15	16.87	17.59	32.38	0.00	0.00
FBC	39	33.44	17.04	16.25	33.27	0.04	0.00
FBC	40	33.89	16.30	16.12	33.69	0.16	0.00
FBC	41	33.00	17.74	16.63	32.63	0.01	0.00
FBC	42	33.28	16.52	16.70	33.50	0.01	0.00
FBC	43	33.03	16.85	16.37	33.75	0.00	0.00
FBC	44	33.24	16.95	16.83	32.98	0.19	0.00
FBC	45	32.41	17.56	16.43	33.60	0.00	0.00
FBC	46	33.92	16.74	16.06	33.28	0.09	0.00
FBC	47	32.13	17.20	18.12	32.54	0.13	0.00
FBC	48	33.11	16.31	16.75	33.83	0.08	0.00
FBC	49	33.26	16.91	16.30	33.53	0.02	0.00
FBC	50	33.38	16.39	17.63	32.60	0.01	0.00
FBC	51	33.24	17.36	16.17	33.23	0.00	0.00
FBC	52	34.14	15.85	16.81	33.20	0.01	0.00
FBC	53	32.96	16.97	17.42	32.65	0.01	0.00
FBC	54	34.02	16.22	16.44	33.31	0.01	0.00
FBC	55	33.55	17.33	16.23	32.89	0.01	0.00
FBC	56	33.62	16.31	17.29	32.77	0.00	0.00
FBC	57	32.86	16.94	16.31	33.89	0.00	0.00
FBC	58	34.59	15.62	16.39	33.41	0.01	0.00
FBC	59	32.94	17.11	17.13	32.82	0.00	0.00
FBC	60	33.34	16.02	16.80	33.84	0.00	0.00
FBC	61	32.34	17.04	16.92	33.69	0.01	0.00
FBC	62	33.57	17.41	16.66	32.37	0.00	0.00
FBC	63	32.97	17.31	16.52	33.21	0.01	0.00
FBC	64	33.05	16.19	17.02	33.74	0.00	0.00
FBC	65	31.92	17.51	17.01	33.56	0.01	0.00
FBC	66	33.15	16.94	16.27	33.64	0.00	0.00
FBC	67	33.14	16.42	17.24	33.20	0.00	0.00
FBC	68	33.24	16.92	17.75	32.09	0.00	0.00
FBC	69	32.52	17.02	16.83	33.62	0.00	0.00
FBC	70	33.81	16.15	16.73	33.31	0.00	0.00
FBC	71	32.10	18.13	17.02	32.75	0.00	0.00
FBC	72	33.92	16.77	16.78	32.53	0.00	0.00
FBC	73	33.89	16.83	16.06	33.22	0.00	0.00
FBC	74	33.45	16.76	17.22	32.56	0.00	0.00
FBC	75	33.41	17.24	16.49	32.85	0.00	0.00
FBC	76	34.06	16.24	16.50	33.20	0.00	0.00
FBC	77	32.70	17.16	17.67	32.47	0.00	0.00
FBC	78	33.19	16.97	16.65	33.20	0.00	0.00
FBC	79	32.76	16.60	16.62	34.02	0.01	0.00
FBC	80	33.41	16.97	17.07	32.56	0.00	0.00
FBC	81	33.41	17.87	15.87	32.85	0.00	0.00
FBC	82	34.63	16.36	16.24	32.77	0.01	0.00
FBC	83	32.76	17.58	16.99	32.66	0.00	0.00
FBC	84	33.31	16.47	16.85	33.36	0.00	0.00
FBC	85	33.72	17.11	16.13	33.05	0.00	0.00
FBC	86	33.73	16.81	17.11	32.35	0.00	0.00
FBC	87	33.49	16.79	16.35	33.37	0.00	0.00
FBC	88	34.39	16.31	16.13	33.17	0.01	0.00
FBC	89	32.41	17.41	17.12	33.06	0.00	0.00
FBC	90	33.78	16.56	16.40	33.27	0.00	0.00
FBC	91	33.30	16.97	16.19	33.53	0.01	0.00
FBC	92	32.98	16.29	17.52	33.22	0.00	0.00
FBC	93	32.72	16.97	16.78	33.54	0.01	0.00
FBC	94	33.78	16.08	16.36	33.77	0.01	0.00
FBC	95	33.10	17.00	17.35	32.56	0.01	0.00
FBC	96	32.79	17.27	16.64	33.29	0.00	0.00
FBC	97	33.58	16.83	16.58	33.00	0.01	0.00
FBC	98	32.89	16.61	16.99	33.52	0.01	0.00
FBC	99	33.23	17.73	16.05	32.99	0.00	0.00
FBC	100	34.13	15.40	16.10	34.38	0.00	0.00
FBC	101	32.44	16.96	16.98	33.62	0.01	0.00
FBC	102	33.66	16.96	16.34	33.04	0.00	0.00
FBC	103	32.75	16.63	16.55	34.08	0.00	0.00
FBC	104	33.30	16.55	16.98	33.17	0.01	0.00
FBC	105	33.61	17.30	16.80	32.29	0.00	0.00
FBC	106	34.70	16.08	16.23	33.00	0.01	0.00
FBC	107	33.91	17.37	17.03	31.69	0.00	0.00
FBC	108	34.19	16.69	15.99	33.14	0.02	0.00
FBC	109	33.46	16.29	16.49	33.76	0.00	0.00
FBC	110	33.69	16.25	17.25	32.80	0.00	0.00
FBC	111	33.15	17.51	16.62	32.72	0.01	0.00
FBC	112	34.07	16.41	15.76	33.76	0.01	0.00
FBC	113	32.36	17.22	17.81	32.61	0.00	0.00
FBC	114	33.50	16.26	16.25	34.00	0.00	0.00
FBC	115	33.19	16.85	16.43	33.53	0.01	0.00
FBC	116	33.32	17.26	17.01	32.41	0.01	0.00
FBC	117	33.66	17.23	16.89	32.23	0.02	0.00
FBC	118	33.66	16.17	16.47	33.70	0.01	0.00
FBC	119	32.75	17.00	17.82	32.43	0.00	0.00
FBC	120	32.97	16.81	16.65	33.58	0.01	0.00
FBC	121	33.17	16.55	16.02	34.25	0.00	0.00
FBC	122	32.49	17.06	17.80	32.65	0.00	0.00
FBC	123	33.15	17.58	16.83	32.44	0.01	0.00
FBC	124	33.25	16.27	16.52	33.96	0.01	0.00
FBC	125	32.23	17.68	17.42	32.67	0.00	0.00
FBC	126	33.27	16.23	17.45	33.05	0.02	0.00
FBC	127	33.48	16.43	16.93	33.16	0.00	0.00
FBC	128	33.74	16.79	17.10	32.38	0.03	0.00
FBC	129	33.59	17.02	16.08	33.31	0.00	0.00
FBC	130	33.11	16.01	16.96	33.92	0.02	0.00
FBC	131	32.52	17.07	17.51	32.90	0.01	0.00
FBC	132	33.76	16.82	16.72	32.70	0.00	0.00
FBC	133	34.30	17.44	16.00	32.26	0.01	0.00
FBC	134	33.03	16.98	17.22	32.77	0.01	0.00
FBC	135	33.31	17.08	16.73	32.88	0.01	0.00
FBC	136	34.11	15.94	16.59	33.36	0.01	0.00
FBC	137	32.90	17.02	16.97	33.12	0.01	0.00
FBC	138	33.26	17.02	16.78	32.93	0.01	0.00
FBC	139	33.71	17.04	16.81	32.45	0.01	0.00
FBC	140	33.35	16.54	17.97	32.14	0.02	0.00
FBC	141	32.72	17.15	16.68	33.44	0.01	0.00
FBC	142	32.77	16.68	16.73	33.82	0.01	0.00
FBC	143	33.13	17.34	17.12	32.41	0.01	0.00
FBC	144	33.39	16.64	16.33	33.64	0.03	0.00
FBC	145	33.56	16.52	16.61	33.31	0.01	0.00
FBC	146	33.65	16.86	17.09	32.41	0.08	0.00
FBC	147	32.56	17.05	16.13	34.27	0.01	0.00
FBC	148	33.90	16.30	16.06	33.74	0.01	0.00
FBC	149	33.50	16.79	16.64	33.07	0.00	0.00
FBC	150	33.28	16.65	16.43	33.63	0.00	0.00
FBC	151	33.26	16.96	16.78	33.01	0.00	0.00
# ACGT raw counters for first fragments. Use `grep ^FTC | cut -f 2-` to extract this part. The columns are: A,C,G,T,N base counters
FTC	718724	361211	360387	714060	319
# ACGT content per cycle for last fragments. Use `grep ^LBC | cut -f 2-` to extract this part. The columns are: cycle; A,C,G,T base counts as a percentage of all A/C/G/T bases [%]; and N and O counts as a percentage of all A/C/G/T bases [%]
LBC	1	40.70	10.58	10.80	37.92	1.60	0.00
LBC	2	34.13	15.69	17.89	32.29	0.03	0.00
LBC	3	34.00	15.63	15.32	35.05	0.01	0.00
LBC	4	33.62	16.69	17.90	31.79	0.00	0.00
LBC	5	34.11	17.00	17.13	31.76	0.00	0.00
LBC	6	34.22	16.00	16.42	33.36	0.00	0.00
LBC	7	34.65	15.53	15.46	34.36	0.00	0.00
LBC	8	32.34	16.87	17.02	33.77	0.00	0.00
LBC	9	33.07	16.73	16.76	33.43	0.01	0.00
LBC	10	34.58	16.43	16.01	32.98	0.01	0.00
LBC	11	32.15	17.97	18.15	31.72	0.00	0.00
LBC	12	31.93	17.23	17.51	33.32	0.01	0.00
LBC	13	32.48	16.85	16.90	33.78	0.00	0.00
LBC	14	32.90	17.37	17.00	32.73	0.00	0.00
LBC	15	32.63	16.81	17.23	33.34	0.01	0.00
LBC	16	32.61	16.75	16.27	34.38	0.00	0.00
LBC	17	33.24	16.78	17.10	32.88	0.00	0.00
LBC	18	33.41	16.52	16.50	33.56	0.00	0.00
LBC	19	33.94	15.80	16.43	33.83	0.00	0.00
LBC	20	33.94	16.81	16.50	32.75	0.00	0.00
LBC	21	32.50	17.55	16.21	33.74	0.01	0.00
LBC	22	33.31	16.23	17.32	33.13	0.01	0.00
LBC	23	32.37	16.85	16.96	33.82	0.00	0.00
LBC	24	33.04	16.28	16.92	33.76	0.00	0.00
LBC	25	33.46	16.90	16.50	33.14	0.01	0.00
LBC	26	33.05	16.81	16.76	33.38	0.01	0.00
LBC	27	34.23	16.12	15.84	33.80	1.06	0.00
LBC	28	33.41	15.92	16.74	33.94	0.00	0.00
LBC	29	32.97	17.13	16.85	33.06	0.00	0.00
LBC	30	32.87	16.05	16.64	34.45	0.00	0.00
LBC	31	33.79	16.37	16.51	33.33	0.00	0.00
LBC	32	32.95	16.25	17.29	33.52	0.01	0.00
LBC	33	33.57	16.17	16.22	34.04	0.00	0.00
LBC	34	33.76	15.80	16.85	33.58	0.01	0.00
LBC	35	32.65	16.75	17.21	33.39	0.00	0.00
LBC	36	33.07	15.68	16.69	34.57	0.00	0.00
LBC	37	33.45	16.02	16.62	33.90	0.01	0.00
LBC	38	32.46	16.72	17.26	33.57	0.02	0.00
LBC	39	33.64	16.30	16.15	33.90	0.00	0.00
LBC	40	33.81	16.06	16.79	33.34	0.00	0.00
LBC	41	32.78	17.21	17.43	32.58	0.01	0.00
LBC	42	33.11	15.98	16.60	34.30	0.02	0.00
LBC	43	33.49	16.42	16.49	33.60	0.00	0.00
LBC	44	32.90	16.92	17.13	33.05	0.00	0.00
LBC	45	33.42	16.43	16.11	34.04	0.00	0.00
LBC	46	33.41	16.32	16.54	33.73	0.03	0.00
LBC	47	32.62	16.15	17.81	33.43	0.00	0.00
LBC	48	33.45	16.86	17.41	32.29	0.01	0.00
LBC	49	34.39	16.34	16.09	33.18	0.01	0.00
LBC	50	32.69	16.78	17.28	33.24	0.00	0.00
LBC	51	32.81	17.00	16.83	33.36	0.01	0.00
LBC	52	34.11	15.38	16.72	33.79	0.04	0.00
LBC	53	32.70	16.52	17.04	33.74	0.01	0.00
LBC	54	33.55	16.88	16.32	33.24	0.00	0.00
LBC	55	33.74	15.38	16.89	33.99	0.00	0.00
LBC	56	32.63	16.87	16.90	33.59	0.00	0.00
LBC	57	32.64	17.25	16.19	33.92	0.01	0.00
LBC	58	33.84	15.75	17.40	33.01	0.00	0.00
LBC	59	32.94	16.93	17.47	32.66	0.01	0.00
LBC	60	33.77	16.90	16.35	32.98	0.01	0.00
LBC	61	34.47	15.95	17.02	32.56	0.01	0.00
LBC	62	33.00	16.89	17.27	32.85	0.00	0.00
LBC	63	32.85	16.75	16.55	33.85	0.00	0.00
LBC	64	33.39	15.89	17.22	33.50	0.00	0.00
LBC	65	32.22	16.50	17.37	33.91	0.00	0.00
LBC	66	32.65	16.60	16.69	34.06	0.01	0.00
LBC	67	32.96	16.66	17.16	33.22	0.00	0.00
LBC	68	32.83	16.84	16.87	33.46	0.00	0.00
LBC	69	33.65	16.28	16.00	34.07	0.01	0.00
LBC	70	33.23	16.02	16.90	33.85	0.01	0.00
LBC	71	32.97	16.86	17.27	32.90	0.01	0.00
LBC	72	33.66	17.01	16.70	32.63	0.01	0.00
LBC	73	33.37	16.63	16.84	33.16	0.01	0.00
LBC	74	32.42	17.13	17.55	32.90	0.01	0.00
LBC	75	33.62	17.27	16.57	32.54	0.00	0.00
LBC	76	33.80	16.19	17.18	32.82	0.00	0.00
LBC	77	33.07	17.66	16.34	32.93	0.00	0.00
LBC	78	33.23	16.13	17.09	33.55	0.01	0.00
LBC	79	33.72	16.62	16.72	32.94	0.01	0.00
LBC	80	33.00	16.47	17.60	32.92	0.01	0.00
LBC	81	33.18	16.82	16.60	33.40	0.01	0.00
LBC	82	33.76	16.63	16.77	32.85	0.00	0.00
LBC	83	32.85	16.96	17.38	32.81	0.01	0.00
LBC	84	33.55	16.55	16.17	33.73	0.00	0.00
LBC	85	34.50	16.57	16.36	32.57	0.01	0.00
LBC	86	33.14	16.53	17.61	32.72	0.01	0.00
LBC	87	32.62	16.98	16.58	33.83	0.00	0.00
LBC	88	33.81	16.12	16.60	33.46	0.01	0.00
LBC	89	32.43	16.91	17.92	32.74	0.00	0.00
LBC	90	33.01	16.68	16.59	33.72	0.00	0.00
LBC	91	33.12	16.56	16.85	33.47	0.00	0.00
LBC	92	32.75	16.86	17.10	33.29	0.01	0.00
LBC	93	33.27	16.64	16.52	33.57	0.00	0.00
LBC	94	33.94	16.16	17.23	32.67	0.01	0.00
LBC	95	33.08	17.09	16.85	32.98	0.00	0.00
LBC	96	32.94	16.36	17.42	33.28	0.01	0.00
LBC	97	33.17	16.61	16.44	33.78	0.00	0.00
LBC	98	33.29	17.03	17.15	32.53	0.00	0.00
LBC	99	33.05	16.97	17.27	32.71	0.00	0.00
LBC	100	33.45	16.47	16.95	33.13	0.00	0.00
LBC	101	32.78	16.94	17.12	33.17	0.00	0.00
LBC	102	34.34	15.95	16.92	32.79	0.01	0.00
LBC	103	33.19	16.82	16.57	33.42	0.00	0.00
LBC	104	32.81	16.58	17.30	33.31	0.00	0.00
LBC	105	33.35	16.81	16.85	32.99	0.01	0.00
LBC	106	33.22	16.83	17.51	32.44	0.02	0.00
LBC	107	33.28	16.47	17.36	32.88	0.01	0.00
LBC	108	33.46	16.65	16.69	33.20	0.00	0.00
LBC	109	34.01	15.89	16.76	33.34	0.00	0.00
LBC	110	33.65	17.02	17.49	31.84	0.88	0.00
LBC	111	33.16	16.41	17.09	33.34	0.00	0.00
LBC	112	32.82	16.23	17.10	33.85	0.01	0.00
LBC	113	34.02	16.90	17.14	31.94	0.00	0.00
LBC	114	34.12	15.91	17.08	32.89	0.01	0.00
LBC	115	33.71	16.38	17.30	32.60	0.00	0.00
LBC	116	33.78	17.24	16.63	32.35	0.00	0.00
LBC	117	33.40	16.76	16.74	33.10	0.02	0.00
LBC	118	32.62	16.38	17.15	33.86	0.00	0.00
LBC	119	32.62	17.08	17.19	33.11	0.02	0.00
LBC	120	33.14	16.44	16.81	33.62	0.00	0.00
LBC	121	33.72	16.84	16.44	32.99	0.00	0.00
LBC	122	33.30	16.91	17.50	32.29	0.01	0.00
LBC	123	33.28	16.31	16.78	33.63	0.00	0.00
LBC	124	33.99	16.39	16.66	32.96	0.02	0.00
LBC	125	32.64	16.80	17.22	33.35	0.00	0.00
LBC	126	33.50	16.42	16.12	33.96	0.00	0.00
LBC	127	33.69	15.89	17.72	32.69	0.01	0.00
LBC	128	32.58	17.05	16.88	33.50	0.00	0.00
LBC	129	33.10	16.44	16.46	34.00	0.01	0.00
LBC	130	33.69	16.69	16.71	32.91	0.00	0.00
LBC	131	33.05	16.95	17.11	32.89	0.02	0.00
LBC	132	34.08	16.60	16.39	32.93	0.01	0.00
LBC	133	33.87	16.29	16.73	33.11	0.01	0.00
LBC	134	33.38	16.79	17.06	32.77	0.01	0.00
LBC	135	32.95	16.50	16.77	33.77	0.01	0.00
LBC	136	34.01	16.35	16.30	33.35	0.00	0.00
LBC	137	32.92	16.84	17.45	32.79	0.01	0.00
LBC	138	34.07	16.36	16.52	33.05	0.01	0.00
LBC	139	32.92	16.76	16.59	33.73	0.00	0.00
LBC	140	32.39	16.69	17.81	33.11	0.02	0.00
LBC	141	33.39	16.66	16.73	33.22	0.00	0.00
LBC	142	33.90	16.81	16.65	32.64	0.01	0.00
LBC	143	32.57	17.18	16.97	33.28	0.01	0.00
LBC	144	33.26	17.32	16.33	33.09	0.00	0.00
LBC	145	32.66	16.74	17.26	33.34	0.00	0.00
LBC	146	33.23	16.96	17.39	32.42	0.02	0.00
LBC	147	33.05	16.21	16.95	33.78	0.00	0.00
LBC	148	34.73	15.91	16.46	32.90	0.00	0.00
LBC	149	33.35	16.92	16.67	33.07	0.00	0.00
LBC	150	33.02	16.90	16.54	33.54	0.02	0.00
LBC	151	34.05	16.50	16.54	32.91	0.00	0.00
# ACGT raw counters for last fragments. Use `grep ^LTC | cut -f 2-` to extract this part. The columns are: A,C,G,T,N base counters
LTC	716626	355539	361777	715403	622
# Insert sizes. Use `grep ^IS | cut -f 2-` to extract this part. The columns are: insert size, pairs total, inward oriented pairs, outward oriented pairs, other pairs
IS	0	18	3	6	9
IS	1	0	0	0	0
IS	2	0	0	0	0
IS	3	0	0	0	0
IS	4	0	0	0	0
IS	5	0	0	0	0
IS	6	0	0	0	0
IS	7	0	0	0	0
IS	8	0	0	0	0
IS	9	0	0	0	0
IS	10	0	0	0	0
IS	11	0	0	0	0
IS	12	0	0	0	0
IS	13	0	0	0	0
IS	14	0	0	0	0
IS	15	0	0	0	0
IS	16	0	0	0	0
IS	17	0	0	0	0
IS	18	0	0	0	0
IS	19	0	0	0	0
IS	20	0	0	0	0
IS	21	0	0	0	0
IS	22	0	0	0	0
IS	23	0	0	0	0
IS	24	0	0	0	0
IS	25	0	0	0	0
IS	26	0	0	0	0
IS	27	0	0	0	0
IS	28	0	0	0	0
IS	29	0	0	0	0
IS	30	0	0	0	0
IS	31	0	0	0	0
IS	32	0	0	0	0
IS	33	0	0	0	0
IS	34	0	0	0	0
IS	35	0	0	0	0
IS	36	0	0	0	0
IS	37	0	0	0	0
IS	38	0	0	0	0
IS	39	0	0	0	0
IS	40	0	0	0	0
IS	41	0	0	0	0
IS	42	0	0	0	0
IS	43	0	0	0	0
IS	44	0	0	0	0
IS	45	0	0	0	0
IS	46	0	0	0	0
IS	47	0	0	0	0
IS	48	0	0	0	0
IS	49	0	0	0	0
IS	50	0	0	0	0
IS	51	0	0	0	0
IS	52	0	0	0	0
IS	53	0	0	0	0
IS	54	0	0	0	0
IS	55	0	0	0	0
IS	56	0	0	0	0
IS	57	0	0	0	0
IS	58	0	0	0	0
IS	59	0	0	0	0
IS	60	0	0	0	0
IS	61	0	0	0	0
IS	62	0	0	0	0
IS	63	0	0	0	0
IS	64	0	0	0	0
IS	65	0	0	0	0
IS	66	0	0	0	0
IS	67	0	0	0	0
IS	68	0	0	0	0
IS	69	0	0	0	0
IS	70	0	0	0	0
IS	71	0	0	0	0
IS	72	0	0	0	0
IS	73	0	0	0	0
IS	74	0	0	0	0
IS	75	0	0	0	0
IS	76	0	0	0	0
IS	77	0	0	0	0
IS	78	0	0	0	0
IS	79	0	0	0	0
IS	80	0	0	0	0
IS	81	0	0	0	0
IS	82	0	0	0	0
IS	83	0	0	0	0
IS	84	0	0	0	0
IS	85	0	0	0	0
IS	86	0	0	0	0
IS	87	0	0	0	0
IS	88	0	0	0	0
IS	89	0	0	0	0
IS	90	0	0	0	0
IS	91	0	0	0	0
IS	92	0	0	0	0
IS	93	0	0	0	0
IS	94	0	0	0	0
IS	95	0	0	0	0
IS	96	0	0	0	0
IS	97	0	0	0	0
IS	98	0	0	0	0
IS	99	0	0	0	0
IS	100	0	0	0	0
IS	101	0	0	0	0
IS	102	0	0	0	0
IS	103	0	0	0	0
IS	104	0	0	0	0
IS	105	0	0	0	0
IS	106	2	0	2	0
IS	107	0	0	0	0
IS	108	0	0	0	0
IS	109	1	0	1	0
IS	110	0	0	0	0
IS	111	0	0	0	0
IS	112	0	0	0	0
IS	113	1	0	1	0
IS	114	1	0	1	0
IS	115	0	0	0	0
IS	116	0	0	0	0
IS	117	1	0	1	0
IS	118	0	0	0	0
IS	119	0	0	0	0
IS	120	0	0	0	0
IS	121	0	0	0	0
IS	122	2	0	2	0
IS	123	0	0	0	0
IS	124	0	0	0	0
IS	125	1	0	1	0
IS	126	0	0	0	0
IS	127	1	0	1	0
IS	128	0	0	0	0
IS	129	0	0	0	0
IS	130	0	0	0	0
IS	131	1	0	1	0
IS	132	0	0	0	0
IS	133	1	0	1	0
IS	134	0	0	0	0
IS	135	1	0	1	0
IS	136	0	0	0	0
IS	137	0	0	0	0
IS	138	1	0	1	0
IS	139	1	0	1	0
IS	140	0	0	0	0
IS	141	0	0	0	0
IS	142	0	0	0	0
IS	143	0	0	0	0
IS	144	1	0	1	0
IS	145	1	0	1	0
IS	146	0	0	0	0
IS	147	2	0	2	0
IS	148	2	0	2	0
IS	149	0	0	0	0
IS	150	0	0	0	0
IS	151	1	0	1	0
IS	152	1	0	1	0
IS	153	2	1	1	0
IS	154	2	2	0	0
IS	155	3	3	0	0
IS	156	0	0	0	0
IS	157	0	0	0	0
IS	158	3	3	0	0
IS	159	0	0	0	0
IS	160	1	1	0	0
IS	161	2	2	0	0
IS	162	0	0	0	0
IS	163	2	2	0	0
IS	164	0	0	0	0
IS	165	0	0	0	0
IS	166	1	1	0	0
IS	167	1	1	0	0
IS	168	0	0	0	0
IS	169	3	3	0	0
IS	170	3	3	0	0
IS	171	1	1	0	0
IS	172	1	1	0	0
IS	173	0	0	0	0
IS	174	0	0	0	0
IS	175	2	2	0	0
IS	176	0	0	0	0
IS	177	2	2	0	0
IS	178	6	6	0	0
IS	179	4	4	0	0
IS	180	4	4	0	0
IS	181	0	0	0	0
IS	182	3	3	0	0
IS	183	1	1	0	0
IS	184	3	3	0	0
IS	185	1	1	0	0
IS	186	5	5	0	0
IS	187	6	6	0	0
IS	188	5	5	0	0
IS	189	10	10	0	0
IS	190	7	7	0	0
IS	191	5	5	0	0
IS	192	7	7	0	0
IS	193	7	7	0	0
IS	194	10	10	0	0
IS	195	5	5	0	0
IS	196	6	6	0	0
IS	197	15	15	0	0
IS	198	6	6	0	0
IS	199	12	12	0	0
IS	200	8	8	0	0
IS	201	15	15	0	0
IS	202	13	13	0	0
IS	203	19	19	0	0
IS	204	14	14	0	0
IS	205	21	21	0	0
IS	206	22	22	0	0
IS	207	15	15	0	0
IS	208	15	15	0	0
IS	209	18	18	0	0
IS	210	20	20	0	0
IS	211	21	21	0	0
IS	212	14	14	0	0
IS	213	22	22	0	0
IS	214	19	19	0	0
IS	215	23	23	0	0
IS	216	23	23	0	0
IS	217	34	34	0	0
IS	218	33	33	0	0
IS	219	31	31	0	0
IS	220	34	34	0	0
IS	221	44	44	0	0
IS	222	17	17	0	0
IS	223	22	22	0	0
IS	224	29	29	0	0
IS	225	22	22	0	0
IS	226	27	27	0	0
IS	227	21	21	0	0
IS	228	22	22	0	0
IS	229	42	42	0	0
IS	230	34	34	0	0
IS	231	31	31	0	0
IS	232	39	39	0	0
IS	233	43	43	0	0
IS	234	44	44	0	0
IS	235	28	28	0	0
IS	236	36	36	0	0
IS	237	35	35	0	0
IS	238	40	40	0	0
IS	239	19	19	0	0
IS	240	30	30	0	0
IS	241	33	33	0	0
IS	242	38	38	0	0
IS	243	31	31	0	0
IS	244	34	34	0	0
IS	245	40	40	0	0
IS	246	42	42	0	0
IS	247	30	30	0	0
IS	248	30	30	0	0
IS	249	16	16	0	0
IS	250	29	29	0	0
IS	251	38	38	0	0
IS	252	33	33	0	0
IS	253	15	15	0	0
IS	254	33	33	0	0
IS	255	40	40	0	0
IS	256	33	33	0	0
IS	257	22	22	0	0
IS	258	32	32	0	0
IS	259	32	32	0	0
IS	260	37	37	0	0
IS	261	44	44	0	0
IS	262	25	25	0	0
IS	263	31	31	0	0
IS	264	17	17	0	0
IS	265	28	28	0	0
IS	266	35	35	0	0
IS	267	34	34	0	0
IS	268	25	25	0	0
IS	269	41	41	0	0
IS	270	26	26	0	0
IS	271	29	29	0	0
IS	272	33	33	0	0
IS	273	21	21	0	0
IS	274	27	27	0	0
IS	275	24	24	0	0
IS	276	39	39	0	0
IS	277	47	47	0	0
IS	278	33	33	0	0
IS	279	27	27	0	0
IS	280	24	24	0	0
IS	281	34	34	0	0
IS	282	35	35	0	0
IS	283	27	27	0	0
IS	284	28	28	0	0
IS	285	34	34	0	0
IS	286	36	36	0	0
IS	287	41	41	0	0
IS	288	28	28	0	0
IS	289	31	31	0	0
IS	290	32	32	0	0
IS	291	32	32	0	0
IS	292	21	21	0	0
IS	293	37	37	0	0
IS	294	31	31	0	0
IS	295	32	32	0	0
IS	296	32	32	0	0
IS	297	28	28	0	0
IS	298	26	26	0	0
IS	299	36	36	0	0
IS	300	31	31	0	0
IS	301	25	25	0	0
IS	302	44	44	0	0
IS	303	19	19	0	0
IS	304	32	32	0	0
IS	305	37	37	0	0
IS	306	30	30	0	0
IS	307	32	32	0	0
IS	308	37	37	0	0
IS	309	23	23	0	0
IS	310	24	24	0	0
IS	311	36	36	0	0
IS	312	27	27	0	0
IS	313	34	34	0	0
IS	314	32	32	0	0
IS	315	36	36	0	0
IS	316	25	25	0	0
IS	317	40	40	0	0
IS	318	34	34	0	0
IS	319	35	35	0	0
IS	320	44	44	0	0
IS	321	33	33	0	0
IS	322	45	45	0	0
IS	323	36	36	0	0
IS	324	39	39	0	0
IS	325	44	44	0	0
IS	326	33	33	0	0
IS	327	46	46	0	0
IS	328	32	32	0	0
IS	329	37	37	0	0
IS	330	31	31	0	0
IS	331	35	35	0	0
IS	332	37	37	0	0
IS	333	40	40	0	0
IS	334	36	36	0	0
IS	335	32	32	0	0
IS	336	49	49	0	0
IS	337	43	43	0	0
IS	338	29	29	0	0
IS	339	51	51	0	0
IS	340	37	37	0	0
IS	341	34	34	0	0
IS	342	33	33	0	0
IS	343	25	25	0	0
IS	344	49	49	0	0
IS	345	21	21	0	0
IS	346	30	30	0	0
IS	347	50	50	0	0
IS	348	35	35	0	0
IS	349	53	53	0	0
IS	350	41	41	0	0
IS	351	37	37	0	0
IS	352	37	37	0	0
IS	353	33	33	0	0
IS	354	34	34	0	0
IS	355	31	31	0	0
IS	356	42	42	0	0
IS	357	40	40	0	0
IS	358	40	40	0	0
IS	359	49	49	0	0
IS	360	37	37	0	0
IS	361	37	37	0	0
IS	362	40	40	0	0
IS	363	29	29	0	0
IS	364	39	39	0	0
IS	365	49	49	0	0
IS	366	38	38	0	0
IS	367	30	30	0	0
IS	368	39	39	0	0
IS	369	43	43	0	0
IS	370	30	30	0	0
IS	371	44	44	0	0
IS	372	43	43	0	0
IS	373	49	49	0	0
IS	374	36	36	0	0
IS	375	48	48	0	0
IS	376	43	43	0	0
IS	377	38	38	0	0
IS	378	60	60	0	0
IS	379	38	38	0	0
IS	380	42	42	0	0
IS	381	42	42	0	0
IS	382	39	39	0	0
IS	383	41	41	0	0
IS	384	47	47	0	0
IS	385	42	42	0	0
IS	386	41	41	0	0
IS	387	59	59	0	0
IS	388	47	47	0	0
IS	389	47	47	0	0
IS	390	39	39	0	0
IS	391	50	50	0	0
IS	392	34	34	0	0
IS	393	69	69	0	0
IS	394	62	62	0	0
IS	395	34	34	0	0
IS	396	51	51	0	0
IS	397	37	37	0	0
IS	398	44	44	0	0
IS	399	48	48	0	0
IS	400	38	38	0	0
IS	401	51	51	0	0
IS	402	40	40	0	0
IS	403	46	46	0	0
IS	404	48	48	0	0
IS	405	62	62	0	0
IS	406	47	47	0	0
IS	407	54	54	0	0
IS	408	44	44	0	0
IS	409	36	36	0	0
IS	410	50	50	0	0
IS	411	49	49	0	0
IS	412	40	40	0	0
IS	413	47	47	0	0
IS	414	62	62	0	0
IS	415	48	48	0	0
IS	416	47	47	0	0
IS	417	60	60	0	0
IS	418	52	52	0	0
IS	419	42	42	0	0
IS	420	55	55	0	0
IS	421	48	48	0	0
IS	422	50	50	0	0
IS	423	53	53	0	0
IS	424	49	49	0	0
IS	425	61	61	0	0
IS	426	59	59	0	0
IS	427	61	61	0	0
IS	428	46	46	0	0
IS	429	50	50	0	0
IS	430	55	55	0	0
IS	431	48	48	0	0
IS	432	54	54	0	0
IS	433	51	51	0	0
IS	434	65	65	0	0
IS	435	59	59	0	0
IS	436	66	66	0	0
IS	437	47	47	0	0
IS	438	50	50	0	0
IS	439	59	59	0	0
IS	440	57	57	0	0
IS	441	48	48	0	0
IS	442	68	68	0	0
IS	443	53	53	0	0
IS	444	49	49	0	0
IS	445	64	64	0	0
IS	446	69	69	0	0
IS	447	60	60	0	0
IS	448	67	67	0	0
IS	449	60	60	0	0
IS	450	58	58	0	0
IS	451	49	49	0	0
IS	452	41	41	0	0
IS	453	54	54	0	0
IS	454	46	46	0	0
IS	455	58	58	0	0
IS	456	63	63	0	0
IS	457	36	36	0	0
IS	458	50	50	0	0
IS	459	58	58	0	0
IS	460	38	38	0	0
IS	461	43	43	0	0
IS	462	56	56	0	0
IS	463	34	34	0	0
IS	464	33	33	0	0
IS	465	37	37	0	0
IS	466	40	40	0	0
IS	467	35	35	0	0
IS	468	44	44	0	0
IS	469	43	43	0	0
IS	470	31	31	0	0
IS	471	26	26	0	0
IS	472	26	26	0	0
IS	473	22	22	0	0
IS	474	25	25	0	0
IS	475	23	23	0	0
IS	476	22	22	0	0
IS	477	27	27	0	0
IS	478	16	16	0	0
IS	479	14	14	0	0
IS	480	14	14	0	0
IS	481	22	22	0	0
IS	482	14	14	0	0
IS	483	13	13	0	0
IS	484	9	9	0	0
# Read lengths. Use `grep ^RL | cut -f 2-` to extract this part. The columns are: read length, count
RL	102	1
RL	103	1
RL	104	2
RL	105	6
RL	106	2
RL	107	3
RL	108	7
RL	110	3
RL	111	1
RL	112	4
RL	113	2
RL	114	4
RL	116	5
RL	117	4
RL	118	6
RL	119	3
RL	120	4
RL	121	8
RL	122	3
RL	123	6
RL	124	5
RL	125	4
RL	126	6
RL	127	5
RL	128	4
RL	129	5
RL	130	6
RL	131	5
RL	132	8
RL	133	5
RL	134	9
RL	135	7
RL	136	5
RL	137	9
RL	138	4
RL	139	13
RL	140	12
RL	141	21
RL	142	9
RL	143	28
RL	144	31
RL	145	38
RL	146	74
RL	147	198
RL	148	620
RL	149	550
RL	150	2296
RL	151	24536
# Read lengths - first fragments. Use `grep ^FRL | cut -f 2-` to extract this part. The columns are: read length, count
FRL	104	1
FRL	105	3
FRL	107	1
FRL	108	1
FRL	112	3
FRL	113	1
FRL	116	1
FRL	118	3
FRL	119	1
FRL	121	2
FRL	123	1
FRL	124	1
FRL	126	2
FRL	127	2
FRL	128	1
FRL	130	2
FRL	131	1
FRL	132	2
FRL	133	2
FRL	134	4
FRL	135	1
FRL	137	4
FRL	138	1
FRL	139	3
FRL	140	1
FRL	141	2
FRL	142	2
FRL	143	4
FRL	144	6
FRL	145	10
FRL	146	23
FRL	147	80
FRL	148	295
FRL	149	148
FRL	150	740
FRL	151	12939
# Read lengths - last fragments. Use `grep ^LRL | cut -f 2-` to extract this part. The columns are: read length, count
LRL	102	1
LRL	103	1
LRL	104	1
LRL	105	3
LRL	106	2
LRL	107	2
LRL	108	6
LRL	110	3
LRL	111	1
LRL	112	1
LRL	113	1
LRL	114	4
LRL	116	4
LRL	117	4
LRL	118	3
LRL	119	2
LRL	120	4
LRL	121	6
LRL	122	3
LRL	123	5
LRL	124	4
LRL	125	4
LRL	126	4
LRL	127	3
LRL	128	3
LRL	129	5
LRL	130	4
LRL	131	4
LRL	132	6
LRL	133	3
LRL	134	5
LRL	135	6
LRL	136	5
LRL	137	5
LRL	138	3
LRL	139	10
LRL	140	11
LRL	141	19
LRL	142	7
LRL	143	24
LRL	144	25
LRL	145	28
LRL	146	51
LRL	147	118
LRL	148	325
LRL	149	402
LRL	150	1556
LRL	151	11597
# Mapping qualities for reads !(UNMAP|SECOND|SUPPL|QCFAIL|DUP). Use `grep ^MAPQ | cut -f 2-` to extract this part. The columns are: mapq, count
MAPQ	0	388
MAPQ	1	435
MAPQ	2	34
MAPQ	3	243
MAPQ	4	3
MAPQ	6	19
MAPQ	7	6
MAPQ	8	464
MAPQ	11	4
MAPQ	12	4
MAPQ	14	4
MAPQ	15	1
MAPQ	17	6
MAPQ	18	2
MAPQ	22	2
MAPQ	23	842
MAPQ	24	1422
MAPQ	25	2
MAPQ	32	2
MAPQ	39	1
MAPQ	40	2891
MAPQ	42	15730
# Indel distribution. Use `grep ^ID | cut -f 2-` to extract this part. The columns are: length, number of insertions, number of deletions
ID	1	456	490
ID	2	77	60
ID	3	53	22
ID	4	35	21
ID	5	26	3
ID	6	22	7
ID	7	6	0
ID	8	2	0
ID	9	10	3
ID	10	3	6
ID	11	0	2
ID	12	2	0
ID	13	4	5
ID	14	1	2
ID	15	1	0
ID	16	3	0
ID	19	1	0
ID	21	0	1
ID	22	0	1
# Indels per cycle. Use `grep ^IC | cut -f 2-` to extract this part. The columns are: cycle, number of insertions (fwd), .. (rev) , number of deletions (fwd), .. (rev)
IC	2	0	1	0	0
IC	4	0	4	1	0
IC	5	10	10	3	2
IC	6	8	3	2	3
IC	7	5	10	4	2
IC	8	2	6	7	6
IC	9	6	4	1	1
IC	10	5	6	2	2
IC	11	7	5	1	5
IC	12	5	4	0	1
IC	13	4	4	2	2
IC	14	7	2	4	2
IC	15	3	5	4	6
IC	16	1	1	3	2
IC	17	3	3	2	2
IC	18	4	2	1	0
IC	19	3	3	3	3
IC	20	4	1	3	3
IC	21	3	4	2	5
IC	22	3	5	1	0
IC	23	3	2	3	1
IC	24	4	3	2	6
IC	25	5	5	0	1
IC	26	0	3	0	1
IC	27	5	4	0	4
IC	28	0	3	1	2
IC	29	2	3	2	2
IC	30	2	0	1	2
IC	31	5	3	3	2
IC	32	2	4	1	2
IC	33	1	2	2	1
IC	34	5	1	3	2
IC	35	4	0	6	9
IC	36	3	2	6	1
IC	37	1	1	2	1
IC	38	2	1	2	4
IC	39	0	5	3	2
IC	40	0	3	3	0
IC	41	2	3	1	1
IC	42	3	2	0	5
IC	43	3	1	5	0
IC	44	2	0	4	1
IC	45	2	4	5	5
IC	46	1	1	2	3
IC	47	2	3	2	5
IC	48	1	2	3	2
IC	49	1	0	4	2
IC	50	0	0	2	5
IC	51	0	0	2	2
IC	52	4	2	1	3
IC	53	0	2	6	4
IC	54	1	4	6	5
IC	55	1	1	4	5
IC	56	2	0	8	2
IC	57	1	1	1	3
IC	58	4	4	2	3
IC	59	2	0	1	1
IC	61	5	1	2	0
IC	62	4	0	4	2
IC	63	1	3	1	2
IC	64	2	2	1	4
IC	65	6	2	2	1
IC	66	4	0	2	4
IC	67	1	5	0	0
IC	68	2	0	5	1
IC	69	4	0	2	3
IC	70	5	3	1	3
IC	71	0	2	0	1
IC	72	1	3	2	1
IC	73	0	2	5	0
IC	74	0	1	3	0
IC	75	2	1	1	2
IC	76	1	1	0	1
IC	77	2	1	4	2
IC	78	1	1	3	2
IC	79	0	4	0	2
IC	80	1	2	0	1
IC	81	3	4	1	1
IC	82	3	1	1	6
IC	83	2	2	2	3
IC	84	2	2	1	2
IC	85	1	1	2	1
IC	86	3	0	3	1
IC	87	1	2	3	0
IC	88	2	1	0	0
IC	89	2	0	1	2
IC	90	3	1	0	3
IC	91	3	1	2	1
IC	92	2	1	1	2
IC	93	1	0	5	3
IC	94	3	0	2	1
IC	95	0	2	2	2
IC	96	0	3	0	3
IC	97	2	2	0	2
IC	98	0	3	1	3
IC	99	1	0	2	2
IC	100	2	2	1	5
IC	101	3	3	3	3
IC	102	5	1	1	2
IC	103	1	3	1	1
IC	104	2	3	6	1
IC	105	0	1	4	2
IC	106	0	4	4	2
IC	107	4	1	4	3
IC	108	0	1	2	6
IC	109	3	0	1	1
IC	110	5	2	3	1
IC	111	1	6	1	0
IC	112	1	5	4	3
IC	113	2	0	1	3
IC	114	0	3	1	0
IC	115	0	1	0	1
IC	116	2	3	5	1
IC	117	3	2	0	3
IC	118	0	3	0	1
IC	119	3	1	0	5
IC	120	2	5	0	3
IC	121	1	2	0	5
IC	122	2	1	0	2
IC	123	2	2	0	1
IC	124	4	5	1	2
IC	125	2	4	1	2
IC	126	3	0	0	0
IC	127	2	2	4	1
IC	128	3	0	1	1
IC	129	5	0	6	1
IC	130	2	4	5	1
IC	131	3	2	2	3
IC	132	2	2	4	1
IC	133	2	4	1	0
IC	134	1	2	1	3
IC	135	5	2	2	4
IC	136	2	1	4	2
IC	137	3	3	2	1
IC	138	3	2	3	2
IC	139	1	5	5	1
IC	140	2	2	3	3
IC	141	7	7	1	5
IC	142	4	2	1	4
IC	143	6	4	0	3
IC	144	3	7	3	2
IC	145	7	5	0	1
IC	146	5	3	0	0
IC	147	2	1	2	0
IC	148	2	0	0	2
# Coverage distribution. Use `grep ^COV | cut -f 2-` to extract this part.
COV	[1-1]	1	700581
COV	[2-2]	2	461096
COV	[3-3]	3	244288
COV	[4-4]	4	122881
COV	[5-5]	5	52399
COV	[6-6]	6	24401
COV	[7-7]	7	10084
COV	[8-8]	8	3854
COV	[9-9]	9	1692
COV	[10-10]	10	933
COV	[11-11]	11	339
COV	[12-12]	12	191
COV	[13-13]	13	114
COV	[14-14]	14	39
COV	[15-15]	15	28
# GC-depth. Use `grep ^GCD | cut -f 2-` to extract this part. The columns are: GC%, unique sequence percentiles, 10th, 25th, 50th, 75th and 90th depth percentile
GCD	0.0	1.504	0.000	0.000	0.000	0.000	0.000
GCD	5.8	2.256	0.143	0.143	0.143	0.143	0.143
GCD	30.0	3.759	0.911	0.911	1.118	1.325	1.325
GCD	31.0	12.030	0.778	1.137	1.302	1.596	1.671
GCD	32.0	30.827	0.961	1.020	1.122	1.378	1.555
GCD	33.0	58.647	0.944	1.069	1.235	1.408	1.563
GCD	34.0	84.211	0.851	1.112	1.404	1.508	1.931
GCD	35.0	93.985	0.928	1.321	1.506	1.600	1.814
GCD	36.0	96.992	1.265	1.338	1.611	1.715	1.732
GCD	37.0	98.496	0.700	0.700	0.994	1.287	1.287
GCD	38.0	100.000	1.265	1.265	1.366	1.468	1.468
