# This file was produced by samtools stats (1.21+htslib-1.21) and can be plotted using plot-bamstats
# This file contains statistics for all reads.
# The command line was:  stats NC.Staphy1.7G_sorted.bam
# CHK, Checksum	[2]Read Names	[3]Sequences	[4]Qualities
# CHK, CRC32 of reads which passed filtering followed by addition (32bit overflow)
CHK	96fc3344	c12954ec	31ac63c4
# Summary Numbers. Use `grep ^SN | cut -f 2-` to extract this part.
SN	raw total sequences:	826	# excluding supplementary and secondary reads
SN	filtered sequences:	0
SN	sequences:	826
SN	is sorted:	1
SN	1st fragments:	413
SN	last fragments:	413
SN	reads mapped:	134
SN	reads mapped and paired:	130	# paired-end technology bit set + both mates mapped
SN	reads unmapped:	692
SN	reads properly paired:	130	# proper-pair bit set
SN	reads paired:	826	# paired-end technology bit set
SN	reads duplicated:	0	# PCR or optical duplicate bit set
SN	reads MQ0:	1	# mapped and MQ=0
SN	reads QC failed:	0
SN	non-primary alignments:	0
SN	supplementary alignments:	0
SN	total length:	123661	# ignores clipping
SN	total first fragment length:	62167	# ignores clipping
SN	total last fragment length:	61494	# ignores clipping
SN	bases mapped:	20218	# ignores clipping
SN	bases mapped (cigar):	20218	# more accurate
SN	bases trimmed:	0
SN	bases duplicated:	0
SN	mismatches:	408	# from NM fields
SN	error rate:	2.018004e-02	# mismatches / bases mapped (cigar)
SN	average length:	150
SN	average first fragment length:	151
SN	average last fragment length:	149
SN	maximum length:	151
SN	maximum first fragment length:	151
SN	maximum last fragment length:	151
SN	average quality:	36.5
SN	insert size average:	367.9
SN	insert size standard deviation:	74.9
SN	inward oriented pairs:	65
SN	outward oriented pairs:	0
SN	pairs with other orientation:	0
SN	pairs on different chromosomes:	0
SN	percentage of properly paired reads (%):	15.7
# First Fragment Qualities. Use `grep ^FFQ | cut -f 2-` to extract this part.
# Columns correspond to qualities and rows to cycles. First column is the cycle number.
FFQ	1	0	0	1	0	0	0	0	0	0	0	0	0	6	0	0	0	0	0	0	0	0	0	0	0	0	0	0	15	0	0	0	0	391	0	0	0	0	0	0	0	0	0	0
FFQ	2	0	0	0	0	0	0	0	0	0	0	0	0	8	0	0	0	0	0	0	0	0	0	0	0	0	0	0	12	0	0	0	0	393	0	0	0	0	0	0	0	0	0	0
FFQ	3	0	0	0	0	0	0	0	0	0	0	0	0	6	0	0	0	0	0	0	0	0	0	0	0	0	0	0	12	0	0	0	0	75	0	0	0	0	320	0	0	0	0	0
FFQ	4	0	0	0	0	0	0	0	0	0	0	0	0	5	0	0	0	0	0	0	0	0	0	3	0	0	0	0	13	0	0	0	0	31	0	0	0	0	361	0	0	0	0	0
FFQ	5	0	0	0	0	0	0	0	0	0	0	0	0	6	0	0	0	0	0	0	0	0	0	0	0	0	0	0	8	0	0	0	0	17	0	0	0	0	382	0	0	0	0	0
FFQ	6	0	0	0	0	0	0	0	0	0	0	0	0	5	0	0	0	0	0	0	0	0	0	2	0	0	0	0	6	0	0	0	0	12	0	0	0	0	46	0	0	0	342	0
FFQ	7	0	0	0	0	0	0	0	0	0	0	0	0	6	0	0	0	0	0	0	0	0	0	0	0	0	0	0	3	0	0	0	0	22	0	0	0	0	43	0	0	0	339	0
FFQ	8	0	0	0	0	0	0	0	0	0	0	0	0	1	0	0	0	0	0	0	0	0	0	2	0	0	0	0	7	0	0	0	0	16	0	0	0	0	37	0	0	0	350	0
FFQ	9	0	0	0	0	0	0	0	0	0	0	0	0	2	0	0	0	0	0	0	0	0	0	3	0	0	0	0	4	0	0	0	0	17	0	0	0	0	34	0	0	0	353	0
FFQ	10	0	0	0	0	0	0	0	0	0	0	0	0	2	0	0	0	0	0	0	0	0	0	2	0	0	0	0	2	0	0	0	0	13	0	0	0	0	28	0	0	0	366	0
FFQ	11	0	0	0	0	0	0	0	0	0	0	0	0	3	0	0	0	0	0	0	0	0	0	1	0	0	0	0	0	0	0	0	0	10	0	0	0	0	39	0	0	0	360	0
FFQ	12	0	0	0	0	0	0	0	0	0	0	0	0	2	0	0	0	0	0	0	0	0	0	0	0	0	0	0	3	0	0	0	0	17	0	0	0	0	42	0	0	0	349	0
FFQ	13	0	0	0	0	0	0	0	0	0	0	0	0	2	0	0	0	0	0	0	0	0	0	2	0	0	0	0	4	0	0	0	0	13	0	0	0	0	41	0	0	0	351	0
FFQ	14	0	0	0	0	0	0	0	0	0	0	0	0	3	0	0	0	0	0	0	0	0	0	2	0	0	0	0	2	0	0	0	0	12	0	0	0	0	30	0	0	0	364	0
FFQ	15	0	0	0	0	0	0	0	0	0	0	0	0	2	0	0	0	0	0	0	0	0	0	3	0	0	0	0	2	0	0	0	0	9	0	0	0	0	36	0	0	0	361	0
FFQ	16	0	0	0	0	0	0	0	0	0	0	0	0	2	0	0	0	0	0	0	0	0	0	2	0	0	0	0	4	0	0	0	0	12	0	0	0	0	37	0	0	0	356	0
FFQ	17	0	0	0	0	0	0	0	0	0	0	0	0	7	0	0	0	0	0	0	0	0	0	4	0	0	0	0	6	0	0	0	0	5	0	0	0	0	32	0	0	0	359	0
FFQ	18	0	0	0	0	0	0	0	0	0	0	0	0	4	0	0	0	0	0	0	0	0	0	0	0	0	0	0	4	0	0	0	0	18	0	0	0	0	35	0	0	0	352	0
FFQ	19	0	0	0	0	0	0	0	0	0	0	0	0	3	0	0	0	0	0	0	0	0	0	5	0	0	0	0	8	0	0	0	0	12	0	0	0	0	32	0	0	0	353	0
FFQ	20	0	0	0	0	0	0	0	0	0	0	0	0	0	0	0	0	0	0	0	0	0	0	2	0	0	0	0	7	0	0	0	0	12	0	0	0	0	40	0	0	0	352	0
FFQ	21	0	0	0	0	0	0	0	0	0	0	0	0	1	0	0	0	0	0	0	0	0	0	2	0	0	0	0	7	0	0	0	0	13	0	0	0	0	35	0	0	0	355	0
FFQ	22	0	0	0	0	0	0	0	0	0	0	0	0	9	0	0	0	0	0	0	0	0	0	4	0	0	0	0	2	0	0	0	0	12	0	0	0	0	26	0	0	0	360	0
FFQ	23	0	0	0	0	0	0	0	0	0	0	0	0	4	0	0	0	0	0	0	0	0	0	4	0	0	0	0	4	0	0	0	0	11	0	0	0	0	31	0	0	0	359	0
FFQ	24	0	0	0	0	0	0	0	0	0	0	0	0	5	0	0	0	0	0	0	0	0	0	5	0	0	0	0	5	0	0	0	0	11	0	0	0	0	28	0	0	0	359	0
FFQ	25	0	0	0	0	0	0	0	0	0	0	0	0	7	0	0	0	0	0	0	0	0	0	4	0	0	0	0	5	0	0	0	0	9	0	0	0	0	55	0	0	0	333	0
FFQ	26	0	0	0	0	0	0	0	0	0	0	0	0	3	0	0	0	0	0	0	0	0	0	7	0	0	0	0	3	0	0	0	0	12	0	0	0	0	32	0	0	0	356	0
FFQ	27	0	0	1	0	0	0	0	0	0	0	0	0	6	0	0	0	0	0	0	0	0	0	5	0	0	0	0	11	0	0	0	0	10	0	0	0	0	37	0	0	0	343	0
FFQ	28	0	0	1	0	0	0	0	0	0	0	0	0	7	0	0	0	0	0	0	0	0	0	3	0	0	0	0	4	0	0	0	0	13	0	0	0	0	37	0	0	0	348	0
FFQ	29	0	0	0	0	0	0	0	0	0	0	0	0	7	0	0	0	0	0	0	0	0	0	3	0	0	0	0	8	0	0	0	0	8	0	0	0	0	38	0	0	0	349	0
FFQ	30	0	0	0	0	0	0	0	0	0	0	0	0	4	0	0	0	0	0	0	0	0	0	9	0	0	0	0	5	0	0	0	0	16	0	0	0	0	42	0	0	0	337	0
FFQ	31	0	0	0	0	0	0	0	0	0	0	0	0	8	0	0	0	0	0	0	0	0	0	5	0	0	0	0	13	0	0	0	0	11	0	0	0	0	48	0	0	0	328	0
FFQ	32	0	0	0	0	0	0	0	0	0	0	0	0	6	0	0	0	0	0	0	0	0	0	5	0	0	0	0	12	0	0	0	0	17	0	0	0	0	35	0	0	0	338	0
FFQ	33	0	0	0	0	0	0	0	0	0	0	0	0	8	0	0	0	0	0	0	0	0	0	10	0	0	0	0	9	0	0	0	0	10	0	0	0	0	37	0	0	0	339	0
FFQ	34	0	0	0	0	0	0	0	0	0	0	0	0	11	0	0	0	0	0	0	0	0	0	4	0	0	0	0	11	0	0	0	0	11	0	0	0	0	44	0	0	0	332	0
FFQ	35	0	0	0	0	0	0	0	0	0	0	0	0	13	0	0	0	0	0	0	0	0	0	2	0	0	0	0	11	0	0	0	0	13	0	0	0	0	44	0	0	0	330	0
FFQ	36	0	0	0	0	0	0	0	0	0	0	0	0	10	0	0	0	0	0	0	0	0	0	5	0	0	0	0	5	0	0	0	0	14	0	0	0	0	50	0	0	0	329	0
FFQ	37	0	0	0	0	0	0	0	0	0	0	0	0	6	0	0	0	0	0	0	0	0	0	8	0	0	0	0	7	0	0	0	0	12	0	0	0	0	36	0	0	0	344	0
FFQ	38	0	0	0	0	0	0	0	0	0	0	0	0	9	0	0	0	0	0	0	0	0	0	9	0	0	0	0	6	0	0	0	0	13	0	0	0	0	39	0	0	0	337	0
FFQ	39	0	0	0	0	0	0	0	0	0	0	0	0	9	0	0	0	0	0	0	0	0	0	11	0	0	0	0	10	0	0	0	0	9	0	0	0	0	39	0	0	0	335	0
FFQ	40	0	0	1	0	0	0	0	0	0	0	0	0	11	0	0	0	0	0	0	0	0	0	12	0	0	0	0	9	0	0	0	0	6	0	0	0	0	47	0	0	0	327	0
FFQ	41	0	0	0	0	0	0	0	0	0	0	0	0	16	0	0	0	0	0	0	0	0	0	9	0	0	0	0	16	0	0	0	0	15	0	0	0	0	54	0	0	0	303	0
FFQ	42	0	0	0	0	0	0	0	0	0	0	0	0	9	0	0	0	0	0	0	0	0	0	18	0	0	0	0	15	0	0	0	0	15	0	0	0	0	49	0	0	0	307	0
FFQ	43	0	0	0	0	0	0	0	0	0	0	0	0	9	0	0	0	0	0	0	0	0	0	8	0	0	0	0	15	0	0	0	0	12	0	0	0	0	53	0	0	0	316	0
FFQ	44	0	0	0	0	0	0	0	0	0	0	0	0	12	0	0	0	0	0	0	0	0	0	8	0	0	0	0	12	0	0	0	0	15	0	0	0	0	35	0	0	0	331	0
FFQ	45	0	0	0	0	0	0	0	0	0	0	0	0	16	0	0	0	0	0	0	0	0	0	12	0	0	0	0	4	0	0	0	0	13	0	0	0	0	44	0	0	0	324	0
FFQ	46	0	0	0	0	0	0	0	0	0	0	0	0	13	0	0	0	0	0	0	0	0	0	8	0	0	0	0	14	0	0	0	0	9	0	0	0	0	35	0	0	0	334	0
FFQ	47	0	0	0	0	0	0	0	0	0	0	0	0	16	0	0	0	0	0	0	0	0	0	10	0	0	0	0	9	0	0	0	0	9	0	0	0	0	46	0	0	0	323	0
FFQ	48	0	0	0	0	0	0	0	0	0	0	0	0	15	0	0	0	0	0	0	0	0	0	14	0	0	0	0	13	0	0	0	0	17	0	0	0	0	36	0	0	0	318	0
FFQ	49	0	0	0	0	0	0	0	0	0	0	0	0	16	0	0	0	0	0	0	0	0	0	6	0	0	0	0	15	0	0	0	0	18	0	0	0	0	47	0	0	0	311	0
FFQ	50	0	0	0	0	0	0	0	0	0	0	0	0	15	0	0	0	0	0	0	0	0	0	7	0	0	0	0	16	0	0	0	0	14	0	0	0	0	38	0	0	0	323	0
FFQ	51	0	0	0	0	0	0	0	0	0	0	0	0	23	0	0	0	0	0	0	0	0	0	5	0	0	0	0	12	0	0	0	0	11	0	0	0	0	57	0	0	0	305	0
FFQ	52	0	0	0	0	0	0	0	0	0	0	0	0	13	0	0	0	0	0	0	0	0	0	10	0	0	0	0	12	0	0	0	0	20	0	0	0	0	40	0	0	0	318	0
FFQ	53	0	0	0	0	0	0	0	0	0	0	0	0	17	0	0	0	0	0	0	0	0	0	7	0	0	0	0	15	0	0	0	0	7	0	0	0	0	61	0	0	0	306	0
FFQ	54	0	0	0	0	0	0	0	0	0	0	0	0	19	0	0	0	0	0	0	0	0	0	6	0	0	0	0	15	0	0	0	0	17	0	0	0	0	56	0	0	0	300	0
FFQ	55	0	0	0	0	0	0	0	0	0	0	0	0	18	0	0	0	0	0	0	0	0	0	13	0	0	0	0	16	0	0	0	0	10	0	0	0	0	37	0	0	0	319	0
FFQ	56	0	0	0	0	0	0	0	0	0	0	0	0	14	0	0	0	0	0	0	0	0	0	7	0	0	0	0	7	0	0	0	0	20	0	0	0	0	49	0	0	0	316	0
FFQ	57	0	0	0	0	0	0	0	0	0	0	0	0	12	0	0	0	0	0	0	0	0	0	9	0	0	0	0	9	0	0	0	0	15	0	0	0	0	56	0	0	0	312	0
FFQ	58	0	0	0	0	0	0	0	0	0	0	0	0	15	0	0	0	0	0	0	0	0	0	2	0	0	0	0	14	0	0	0	0	16	0	0	0	0	56	0	0	0	310	0
FFQ	59	0	0	0	0	0	0	0	0	0	0	0	0	11	0	0	0	0	0	0	0	0	0	11	0	0	0	0	12	0	0	0	0	10	0	0	0	0	50	0	0	0	319	0
FFQ	60	0	0	0	0	0	0	0	0	0	0	0	0	23	0	0	0	0	0	0	0	0	0	7	0	0	0	0	8	0	0	0	0	17	0	0	0	0	39	0	0	0	319	0
FFQ	61	0	0	0	0	0	0	0	0	0	0	0	0	14	0	0	0	0	0	0	0	0	0	11	0	0	0	0	14	0	0	0	0	9	0	0	0	0	38	0	0	0	327	0
FFQ	62	0	0	0	0	0	0	0	0	0	0	0	0	20	0	0	0	0	0	0	0	0	0	9	0	0	0	0	7	0	0	0	0	10	0	0	0	0	45	0	0	0	322	0
FFQ	63	0	0	0	0	0	0	0	0	0	0	0	0	22	0	0	0	0	0	0	0	0	0	14	0	0	0	0	16	0	0	0	0	8	0	0	0	0	37	0	0	0	316	0
FFQ	64	0	0	0	0	0	0	0	0	0	0	0	0	17	0	0	0	0	0	0	0	0	0	6	0	0	0	0	16	0	0	0	0	16	0	0	0	0	42	0	0	0	316	0
FFQ	65	0	0	0	0	0	0	0	0	0	0	0	0	20	0	0	0	0	0	0	0	0	0	8	0	0	0	0	7	0	0	0	0	16	0	0	0	0	46	0	0	0	316	0
FFQ	66	0	0	0	0	0	0	0	0	0	0	0	0	19	0	0	0	0	0	0	0	0	0	10	0	0	0	0	12	0	0	0	0	18	0	0	0	0	38	0	0	0	316	0
FFQ	67	0	0	0	0	0	0	0	0	0	0	0	0	16	0	0	0	0	0	0	0	0	0	10	0	0	0	0	13	0	0	0	0	25	0	0	0	0	42	0	0	0	307	0
FFQ	68	0	0	0	0	0	0	0	0	0	0	0	0	14	0	0	0	0	0	0	0	0	0	11	0	0	0	0	19	0	0	0	0	17	0	0	0	0	40	0	0	0	312	0
FFQ	69	0	0	0	0	0	0	0	0	0	0	0	0	21	0	0	0	0	0	0	0	0	0	8	0	0	0	0	16	0	0	0	0	19	0	0	0	0	38	0	0	0	311	0
FFQ	70	0	0	0	0	0	0	0	0	0	0	0	0	20	0	0	0	0	0	0	0	0	0	11	0	0	0	0	6	0	0	0	0	25	0	0	0	0	55	0	0	0	296	0
FFQ	71	0	0	0	0	0	0	0	0	0	0	0	0	23	0	0	0	0	0	0	0	0	0	11	0	0	0	0	11	0	0	0	0	27	0	0	0	0	48	0	0	0	293	0
FFQ	72	0	0	0	0	0	0	0	0	0	0	0	0	16	0	0	0	0	0	0	0	0	0	19	0	0	0	0	19	0	0	0	0	16	0	0	0	0	44	0	0	0	299	0
FFQ	73	0	0	0	0	0	0	0	0	0	0	0	0	18	0	0	0	0	0	0	0	0	0	9	0	0	0	0	18	0	0	0	0	22	0	0	0	0	53	0	0	0	293	0
FFQ	74	0	0	0	0	0	0	0	0	0	0	0	0	23	0	0	0	0	0	0	0	0	0	16	0	0	0	0	8	0	0	0	0	25	0	0	0	0	50	0	0	0	291	0
FFQ	75	0	0	0	0	0	0	0	0	0	0	0	0	24	0	0	0	0	0	0	0	0	0	16	0	0	0	0	17	0	0	0	0	19	0	0	0	0	41	0	0	0	296	0
FFQ	76	0	0	0	0	0	0	0	0	0	0	0	0	28	0	0	0	0	0	0	0	0	0	15	0	0	0	0	10	0	0	0	0	18	0	0	0	0	50	0	0	0	292	0
FFQ	77	0	0	0	0	0	0	0	0	0	0	0	0	28	0	0	0	0	0	0	0	0	0	21	0	0	0	0	18	0	0	0	0	42	0	0	0	0	75	0	0	0	229	0
FFQ	78	0	0	0	0	0	0	0	0	0	0	0	0	21	0	0	0	0	0	0	0	0	0	18	0	0	0	0	19	0	0	0	0	31	0	0	0	0	59	0	0	0	265	0
FFQ	79	0	0	0	0	0	0	0	0	0	0	0	0	22	0	0	0	0	0	0	0	0	0	12	0	0	0	0	10	0	0	0	0	24	0	0	0	0	56	0	0	0	289	0
FFQ	80	0	0	0	0	0	0	0	0	0	0	0	0	25	0	0	0	0	0	0	0	0	0	18	0	0	0	0	11	0	0	0	0	16	0	0	0	0	43	0	0	0	300	0
FFQ	81	0	0	0	0	0	0	0	0	0	0	0	0	26	0	0	0	0	0	0	0	0	0	12	0	0	0	0	13	0	0	0	0	19	0	0	0	0	35	0	0	0	308	0
FFQ	82	0	0	0	0	0	0	0	0	0	0	0	0	25	0	0	0	0	0	0	0	0	0	11	0	0	0	0	8	0	0	0	0	24	0	0	0	0	33	0	0	0	312	0
FFQ	83	0	0	0	0	0	0	0	0	0	0	0	0	21	0	0	0	0	0	0	0	0	0	10	0	0	0	0	18	0	0	0	0	25	0	0	0	0	38	0	0	0	301	0
FFQ	84	0	0	0	0	0	0	0	0	0	0	0	0	20	0	0	0	0	0	0	0	0	0	13	0	0	0	0	12	0	0	0	0	23	0	0	0	0	44	0	0	0	301	0
FFQ	85	0	0	0	0	0	0	0	0	0	0	0	0	22	0	0	0	0	0	0	0	0	0	12	0	0	0	0	18	0	0	0	0	28	0	0	0	0	38	0	0	0	295	0
FFQ	86	0	0	0	0	0	0	0	0	0	0	0	0	25	0	0	0	0	0	0	0	0	0	15	0	0	0	0	17	0	0	0	0	19	0	0	0	0	44	0	0	0	293	0
FFQ	87	0	0	0	0	0	0	0	0	0	0	0	0	30	0	0	0	0	0	0	0	0	0	10	0	0	0	0	16	0	0	0	0	30	0	0	0	0	38	0	0	0	289	0
FFQ	88	0	0	0	0	0	0	0	0	0	0	0	0	33	0	0	0	0	0	0	0	0	0	13	0	0	0	0	8	0	0	0	0	25	0	0	0	0	48	0	0	0	286	0
FFQ	89	0	0	0	0	0	0	0	0	0	0	0	0	30	0	0	0	0	0	0	0	0	0	13	0	0	0	0	16	0	0	0	0	16	0	0	0	0	50	0	0	0	288	0
FFQ	90	0	0	0	0	0	0	0	0	0	0	0	0	22	0	0	0	0	0	0	0	0	0	18	0	0	0	0	12	0	0	0	0	24	0	0	0	0	47	0	0	0	290	0
FFQ	91	0	0	0	0	0	0	0	0	0	0	0	0	28	0	0	0	0	0	0	0	0	0	15	0	0	0	0	17	0	0	0	0	20	0	0	0	0	41	0	0	0	292	0
FFQ	92	0	0	0	0	0	0	0	0	0	0	0	0	25	0	0	0	0	0	0	0	0	0	19	0	0	0	0	7	0	0	0	0	17	0	0	0	0	46	0	0	0	299	0
FFQ	93	0	0	0	0	0	0	0	0	0	0	0	0	30	0	0	0	0	0	0	0	0	0	13	0	0	0	0	9	0	0	0	0	22	0	0	0	0	43	0	0	0	296	0
FFQ	94	0	0	0	0	0	0	0	0	0	0	0	0	18	0	0	0	0	0	0	0	0	0	18	0	0	0	0	15	0	0	0	0	25	0	0	0	0	38	0	0	0	299	0
FFQ	95	0	0	0	0	0	0	0	0	0	0	0	0	27	0	0	0	0	0	0	0	0	0	16	0	0	0	0	15	0	0	0	0	15	0	0	0	0	43	0	0	0	297	0
FFQ	96	0	0	0	0	0	0	0	0	0	0	0	0	30	0	0	0	0	0	0	0	0	0	15	0	0	0	0	11	0	0	0	0	30	0	0	0	0	40	0	0	0	287	0
FFQ	97	0	0	0	0	0	0	0	0	0	0	0	0	22	0	0	0	0	0	0	0	0	0	27	0	0	0	0	9	0	0	0	0	24	0	0	0	0	41	0	0	0	290	0
FFQ	98	0	0	0	0	0	0	0	0	0	0	0	0	25	0	0	0	0	0	0	0	0	0	25	0	0	0	0	10	0	0	0	0	18	0	0	0	0	53	0	0	0	282	0
FFQ	99	0	0	0	0	0	0	0	0	0	0	0	0	25	0	0	0	0	0	0	0	0	0	22	0	0	0	0	13	0	0	0	0	18	0	0	0	0	49	0	0	0	286	0
FFQ	100	0	0	0	0	0	0	0	0	0	0	0	0	22	0	0	0	0	0	0	0	0	0	19	0	0	0	0	13	0	0	0	0	26	0	0	0	0	41	0	0	0	292	0
FFQ	101	0	0	0	0	0	0	0	0	0	0	0	0	33	0	0	0	0	0	0	0	0	0	22	0	0	0	0	6	0	0	0	0	17	0	0	0	0	49	0	0	0	286	0
FFQ	102	0	0	0	0	0	0	0	0	0	0	0	0	35	0	0	0	0	0	0	0	0	0	16	0	0	0	0	11	0	0	0	0	24	0	0	0	0	46	0	0	0	281	0
FFQ	103	0	0	0	0	0	0	0	0	0	0	0	0	28	0	0	0	0	0	0	0	0	0	21	0	0	0	0	10	0	0	0	0	23	0	0	0	0	37	0	0	0	294	0
FFQ	104	0	0	0	0	0	0	0	0	0	0	0	0	25	0	0	0	0	0	0	0	0	0	22	0	0	0	0	11	0	0	0	0	23	0	0	0	0	43	0	0	0	289	0
FFQ	105	0	0	0	0	0	0	0	0	0	0	0	0	33	0	0	0	0	0	0	0	0	0	12	0	0	0	0	14	0	0	0	0	22	0	0	0	0	51	0	0	0	281	0
FFQ	106	0	0	0	0	0	0	0	0	0	0	0	0	29	0	0	0	0	0	0	0	0	0	20	0	0	0	0	14	0	0	0	0	27	0	0	0	0	53	0	0	0	270	0
FFQ	107	0	0	0	0	0	0	0	0	0	0	0	0	34	0	0	0	0	0	0	0	0	0	13	0	0	0	0	8	0	0	0	0	27	0	0	0	0	51	0	0	0	280	0
FFQ	108	0	0	0	0	0	0	0	0	0	0	0	0	32	0	0	0	0	0	0	0	0	0	25	0	0	0	0	10	0	0	0	0	27	0	0	0	0	39	0	0	0	280	0
FFQ	109	0	0	0	0	0	0	0	0	0	0	0	0	31	0	0	0	0	0	0	0	0	0	22	0	0	0	0	8	0	0	0	0	24	0	0	0	0	47	0	0	0	281	0
FFQ	110	0	0	0	0	0	0	0	0	0	0	0	0	31	0	0	0	0	0	0	0	0	0	16	0	0	0	0	7	0	0	0	0	27	0	0	0	0	52	0	0	0	280	0
FFQ	111	0	0	0	0	0	0	0	0	0	0	0	0	22	0	0	0	0	0	0	0	0	0	20	0	0	0	0	11	0	0	0	0	29	0	0	0	0	46	0	0	0	285	0
FFQ	112	0	0	0	0	0	0	0	0	0	0	0	0	35	0	0	0	0	0	0	0	0	0	21	0	0	0	0	13	0	0	0	0	28	0	0	0	0	39	0	0	0	277	0
FFQ	113	0	0	0	0	0	0	0	0	0	0	0	0	22	0	0	0	0	0	0	0	0	0	19	0	0	0	0	9	0	0	0	0	32	0	0	0	0	48	0	0	0	283	0
FFQ	114	0	0	0	0	0	0	0	0	0	0	0	0	29	0	0	0	0	0	0	0	0	0	16	0	0	0	0	18	0	0	0	0	19	0	0	0	0	57	0	0	0	274	0
FFQ	115	0	0	0	0	0	0	0	0	0	0	0	0	29	0	0	0	0	0	0	0	0	0	21	0	0	0	0	14	0	0	0	0	25	0	0	0	0	52	0	0	0	272	0
FFQ	116	0	0	0	0	0	0	0	0	0	0	0	0	36	0	0	0	0	0	0	0	0	0	15	0	0	0	0	9	0	0	0	0	26	0	0	0	0	46	0	0	0	281	0
FFQ	117	0	0	0	0	0	0	0	0	0	0	0	0	33	0	0	0	0	0	0	0	0	0	20	0	0	0	0	12	0	0	0	0	26	0	0	0	0	49	0	0	0	273	0
FFQ	118	0	0	0	0	0	0	0	0	0	0	0	0	37	0	0	0	0	0	0	0	0	0	17	0	0	0	0	14	0	0	0	0	28	0	0	0	0	51	0	0	0	266	0
FFQ	119	0	0	0	0	0	0	0	0	0	0	0	0	34	0	0	0	0	0	0	0	0	0	22	0	0	0	0	13	0	0	0	0	27	0	0	0	0	43	0	0	0	273	0
FFQ	120	0	0	0	0	0	0	0	0	0	0	0	0	29	0	0	0	0	0	0	0	0	0	21	0	0	0	0	15	0	0	0	0	33	0	0	0	0	38	0	0	0	276	0
FFQ	121	0	0	0	0	0	0	0	0	0	0	0	0	30	0	0	0	0	0	0	0	0	0	17	0	0	0	0	11	0	0	0	0	35	0	0	0	0	48	0	0	0	271	0
FFQ	122	0	0	0	0	0	0	0	0	0	0	0	0	25	0	0	0	0	0	0	0	0	0	25	0	0	0	0	16	0	0	0	0	36	0	0	0	0	42	0	0	0	268	0
FFQ	123	0	0	0	0	0	0	0	0	0	0	0	0	34	0	0	0	0	0	0	0	0	0	13	0	0	0	0	21	0	0	0	0	22	0	0	0	0	51	0	0	0	271	0
FFQ	124	0	0	0	0	0	0	0	0	0	0	0	0	25	0	0	0	0	0	0	0	0	0	24	0	0	0	0	8	0	0	0	0	31	0	0	0	0	66	0	0	0	258	0
FFQ	125	0	0	0	0	0	0	0	0	0	0	0	0	28	0	0	0	0	0	0	0	0	0	27	0	0	0	0	14	0	0	0	0	28	0	0	0	0	40	0	0	0	275	0
FFQ	126	0	0	0	0	0	0	0	0	0	0	0	0	27	0	0	0	0	0	0	0	0	0	21	0	0	0	0	17	0	0	0	0	33	0	0	0	0	48	0	0	0	266	0
FFQ	127	0	0	0	0	0	0	0	0	0	0	0	0	44	0	0	0	0	0	0	0	0	0	17	0	0	0	0	14	0	0	0	0	31	0	0	0	0	52	0	0	0	254	0
FFQ	128	0	0	0	0	0	0	0	0	0	0	0	0	26	0	0	0	0	0	0	0	0	0	22	0	0	0	0	19	0	0	0	0	26	0	0	0	0	59	0	0	0	260	0
FFQ	129	0	0	0	0	0	0	0	0	0	0	0	0	31	0	0	0	0	0	0	0	0	0	17	0	0	0	0	16	0	0	0	0	23	0	0	0	0	70	0	0	0	255	0
FFQ	130	0	0	0	0	0	0	0	0	0	0	0	0	28	0	0	0	0	0	0	0	0	0	22	0	0	0	0	17	0	0	0	0	25	0	0	0	0	63	0	0	0	257	0
FFQ	131	0	0	0	0	0	0	0	0	0	0	0	0	32	0	0	0	0	0	0	0	0	0	16	0	0	0	0	15	0	0	0	0	33	0	0	0	0	66	0	0	0	250	0
FFQ	132	0	0	0	0	0	0	0	0	0	0	0	0	28	0	0	0	0	0	0	0	0	0	31	0	0	0	0	14	0	0	0	0	32	0	0	0	0	55	0	0	0	252	0
FFQ	133	0	0	0	0	0	0	0	0	0	0	0	0	35	0	0	0	0	0	0	0	0	0	19	0	0	0	0	13	0	0	0	0	38	0	0	0	0	59	0	0	0	248	0
FFQ	134	0	0	0	0	0	0	0	0	0	0	0	0	36	0	0	0	0	0	0	0	0	0	20	0	0	0	0	17	0	0	0	0	30	0	0	0	0	67	0	0	0	242	0
FFQ	135	0	0	0	0	0	0	0	0	0	0	0	0	31	0	0	0	0	0	0	0	0	0	24	0	0	0	0	11	0	0	0	0	33	0	0	0	0	65	0	0	0	248	0
FFQ	136	0	0	0	0	0	0	0	0	0	0	0	0	36	0	0	0	0	0	0	0	0	0	24	0	0	0	0	15	0	0	0	0	28	0	0	0	0	59	0	0	0	250	0
FFQ	137	0	0	0	0	0	0	0	0	0	0	0	0	32	0	0	0	0	0	0	0	0	0	21	0	0	0	0	19	0	0	0	0	30	0	0	0	0	64	0	0	0	246	0
FFQ	138	0	0	0	0	0	0	0	0	0	0	0	0	36	0	0	0	0	0	0	0	0	0	16	0	0	0	0	15	0	0	0	0	26	0	0	0	0	75	0	0	0	244	0
FFQ	139	0	0	0	0	0	0	0	0	0	0	0	0	28	0	0	0	0	0	0	0	0	0	30	0	0	0	0	18	0	0	0	0	24	0	0	0	0	75	0	0	0	237	0
FFQ	140	0	0	0	0	0	0	0	0	0	0	0	0	34	0	0	0	0	0	0	0	0	0	27	0	0	0	0	13	0	0	0	0	18	0	0	0	0	87	0	0	0	233	0
FFQ	141	0	0	0	0	0	0	0	0	0	0	0	0	32	0	0	0	0	0	0	0	0	0	19	0	0	0	0	17	0	0	0	0	34	0	0	0	0	73	0	0	0	237	0
FFQ	142	0	0	0	0	0	0	0	0	0	0	0	0	32	0	0	0	0	0	0	0	0	0	23	0	0	0	0	18	0	0	0	0	33	0	0	0	0	75	0	0	0	230	0
FFQ	143	0	0	0	0	0	0	0	0	0	0	0	0	33	0	0	0	0	0	0	0	0	0	19	0	0	0	0	18	0	0	0	0	36	0	0	0	0	84	0	0	0	219	0
FFQ	144	0	0	0	0	0	0	0	0	0	0	0	0	30	0	0	0	0	0	0	0	0	0	21	0	0	0	0	22	0	0	0	0	26	0	0	0	0	75	0	0	0	233	0
FFQ	145	0	0	0	0	0	0	0	0	0	0	0	0	38	0	0	0	0	0	0	0	0	0	22	0	0	0	0	16	0	0	0	0	28	0	0	0	0	71	0	0	0	229	0
FFQ	146	0	0	0	0	0	0	0	0	0	0	0	0	25	0	0	0	0	0	0	0	0	0	25	0	0	0	0	19	0	0	0	0	25	0	0	0	0	70	0	0	0	237	0
FFQ	147	0	0	0	0	0	0	0	0	0	0	0	0	34	0	0	0	0	0	0	0	0	0	16	0	0	0	0	23	0	0	0	0	23	0	0	0	0	82	0	0	0	223	0
FFQ	148	0	0	0	0	0	0	0	0	1	0	0	0	30	0	0	0	0	0	0	0	0	0	19	0	0	0	0	19	0	0	0	0	25	0	0	0	0	74	0	0	0	232	0
FFQ	149	0	0	0	0	0	0	0	0	0	0	0	0	24	0	0	0	0	0	0	0	0	0	22	0	0	0	0	19	0	0	0	0	25	0	0	0	0	70	0	0	0	235	0
FFQ	150	0	0	0	0	0	0	0	0	1	0	0	0	21	0	0	0	0	0	0	0	0	0	21	0	0	0	0	23	0	0	0	0	26	0	0	0	0	69	0	0	0	222	0
FFQ	151	0	0	0	0	0	0	0	0	0	0	0	0	0	0	0	0	0	0	0	0	0	0	32	0	0	0	0	25	0	0	0	0	47	0	0	0	0	78	0	0	0	164	0
# Last Fragment Qualities. Use `grep ^LFQ | cut -f 2-` to extract this part.
# Columns correspond to qualities and rows to cycles. First column is the cycle number.
LFQ	1	0	0	2	0	0	0	0	0	0	0	0	0	17	0	0	0	0	0	0	0	0	0	0	0	0	0	0	22	0	0	0	0	372	0	0	0	0	0	0	0	0	0	0
LFQ	2	0	0	0	0	0	0	0	0	0	0	0	0	14	0	0	0	0	0	0	0	0	0	0	0	0	0	0	12	0	0	0	0	387	0	0	0	0	0	0	0	0	0	0
LFQ	3	0	0	0	0	0	0	0	0	0	0	0	0	15	0	0	0	0	0	0	0	0	0	0	0	0	0	0	14	0	0	0	0	136	0	0	0	0	248	0	0	0	0	0
LFQ	4	0	0	0	0	0	0	0	0	0	0	0	0	24	0	0	0	0	0	0	0	0	0	1	0	0	0	0	5	0	0	0	0	42	0	0	0	0	341	0	0	0	0	0
LFQ	5	0	0	0	0	0	0	0	0	0	0	0	0	15	0	0	0	0	0	0	0	0	0	4	0	0	0	0	10	0	0	0	0	23	0	0	0	0	361	0	0	0	0	0
LFQ	6	0	0	0	0	0	0	0	0	0	0	0	0	14	0	0	0	0	0	0	0	0	0	2	0	0	0	0	6	0	0	0	0	22	0	0	0	0	66	0	0	0	303	0
LFQ	7	0	0	0	0	0	0	0	0	0	0	0	0	17	0	0	0	0	0	0	0	0	0	4	0	0	0	0	9	0	0	0	0	24	0	0	0	0	56	0	0	0	303	0
LFQ	8	0	0	0	0	0	0	0	0	0	0	0	0	20	0	0	0	0	0	0	0	0	0	7	0	0	0	0	3	0	0	0	0	21	0	0	0	0	60	0	0	0	302	0
LFQ	9	0	0	0	0	0	0	0	0	0	0	0	0	16	0	0	0	0	0	0	0	0	0	8	0	0	0	0	10	0	0	0	0	25	0	0	0	0	55	0	0	0	299	0
LFQ	10	0	0	0	0	0	0	0	0	0	0	0	0	9	0	0	0	0	0	0	0	0	0	9	0	0	0	0	6	0	0	0	0	26	0	0	0	0	61	0	0	0	302	0
LFQ	11	0	0	0	0	0	0	0	0	0	0	0	0	14	0	0	0	0	0	0	0	0	0	3	0	0	0	0	5	0	0	0	0	13	0	0	0	0	49	0	0	0	329	0
LFQ	12	0	0	0	0	0	0	0	0	0	0	0	0	14	0	0	0	0	0	0	0	0	0	3	0	0	0	0	4	0	0	0	0	12	0	0	0	0	42	0	0	0	338	0
LFQ	13	0	0	0	0	0	0	0	0	0	0	0	0	14	0	0	0	0	0	0	0	0	0	3	0	0	0	0	8	0	0	0	0	17	0	0	0	0	49	0	0	0	322	0
LFQ	14	0	0	0	0	0	0	0	0	0	0	0	0	16	0	0	0	0	0	0	0	0	0	2	0	0	0	0	11	0	0	0	0	18	0	0	0	0	60	0	0	0	306	0
LFQ	15	0	0	0	0	0	0	0	0	0	0	0	0	13	0	0	0	0	0	0	0	0	0	7	0	0	0	0	18	0	0	0	0	21	0	0	0	0	45	0	0	0	309	0
LFQ	16	0	0	0	0	0	0	0	0	0	0	0	0	14	0	0	0	0	0	0	0	0	0	10	0	0	0	0	10	0	0	0	0	20	0	0	0	0	44	0	0	0	315	0
LFQ	17	0	0	0	0	0	0	0	0	0	0	0	0	14	0	0	0	0	0	0	0	0	0	9	0	0	0	0	11	0	0	0	0	17	0	0	0	0	52	0	0	0	310	0
LFQ	18	0	0	0	0	0	0	0	0	0	0	0	0	16	0	0	0	0	0	0	0	0	0	8	0	0	0	0	18	0	0	0	0	16	0	0	0	0	52	0	0	0	303	0
LFQ	19	0	0	0	0	0	0	0	0	0	0	0	0	19	0	0	0	0	0	0	0	0	0	6	0	0	0	0	15	0	0	0	0	6	0	0	0	0	43	0	0	0	324	0
LFQ	20	0	0	0	0	0	0	0	0	0	0	0	0	18	0	0	0	0	0	0	0	0	0	10	0	0	0	0	14	0	0	0	0	13	0	0	0	0	53	0	0	0	305	0
LFQ	21	0	0	0	0	0	0	0	0	0	0	0	0	12	0	0	0	0	0	0	0	0	0	11	0	0	0	0	11	0	0	0	0	17	0	0	0	0	53	0	0	0	309	0
LFQ	22	0	0	0	0	0	0	0	0	0	0	0	0	25	0	0	0	0	0	0	0	0	0	11	0	0	0	0	19	0	0	0	0	15	0	0	0	0	55	0	0	0	288	0
LFQ	23	0	0	0	0	0	0	0	0	0	0	0	0	23	0	0	0	0	0	0	0	0	0	12	0	0	0	0	12	0	0	0	0	20	0	0	0	0	63	0	0	0	283	0
LFQ	24	0	0	0	0	0	0	0	0	0	0	0	0	18	0	0	0	0	0	0	0	0	0	12	0	0	0	0	11	0	0	0	0	16	0	0	0	0	58	0	0	0	298	0
LFQ	25	0	0	0	0	0	0	0	0	0	0	0	0	20	0	0	0	0	0	0	0	0	0	10	0	0	0	0	10	0	0	0	0	22	0	0	0	0	61	0	0	0	290	0
LFQ	26	0	0	0	0	0	0	0	0	0	0	0	0	21	0	0	0	0	0	0	0	0	0	11	0	0	0	0	16	0	0	0	0	12	0	0	0	0	58	0	0	0	295	0
LFQ	27	0	0	2	0	0	0	0	0	0	0	0	0	17	0	0	0	0	0	0	0	0	0	14	0	0	0	0	11	0	0	0	0	16	0	0	0	0	58	0	0	0	295	0
LFQ	28	0	0	0	0	0	0	0	0	0	0	0	0	16	0	0	0	0	0	0	0	0	0	7	0	0	0	0	14	0	0	0	0	23	0	0	0	0	50	0	0	0	303	0
LFQ	29	0	0	0	0	0	0	0	0	0	0	0	0	23	0	0	0	0	0	0	0	0	0	13	0	0	0	0	15	0	0	0	0	18	0	0	0	0	63	0	0	0	281	0
LFQ	30	0	0	0	0	0	0	0	0	0	0	0	0	16	0	0	0	0	0	0	0	0	0	11	0	0	0	0	15	0	0	0	0	25	0	0	0	0	51	0	0	0	295	0
LFQ	31	0	0	0	0	0	0	0	0	0	0	0	0	22	0	0	0	0	0	0	0	0	0	9	0	0	0	0	10	0	0	0	0	19	0	0	0	0	54	0	0	0	299	0
LFQ	32	0	0	0	0	0	0	0	0	0	0	0	0	19	0	0	0	0	0	0	0	0	0	12	0	0	0	0	11	0	0	0	0	17	0	0	0	0	54	0	0	0	300	0
LFQ	33	0	0	0	0	0	0	0	0	0	0	0	0	21	0	0	0	0	0	0	0	0	0	10	0	0	0	0	16	0	0	0	0	23	0	0	0	0	57	0	0	0	286	0
LFQ	34	0	0	0	0	0	0	0	0	0	0	0	0	22	0	0	0	0	0	0	0	0	0	15	0	0	0	0	13	0	0	0	0	21	0	0	0	0	44	0	0	0	298	0
LFQ	35	0	0	0	0	0	0	0	0	0	0	0	0	29	0	0	0	0	0	0	0	0	0	14	0	0	0	0	16	0	0	0	0	19	0	0	0	0	62	0	0	0	273	0
LFQ	36	0	0	0	0	0	0	0	0	0	0	0	0	25	0	0	0	0	0	0	0	0	0	13	0	0	0	0	11	0	0	0	0	21	0	0	0	0	70	0	0	0	273	0
LFQ	37	0	0	0	0	0	0	0	0	0	0	0	0	25	0	0	0	0	0	0	0	0	0	13	0	0	0	0	19	0	0	0	0	24	0	0	0	0	72	0	0	0	260	0
LFQ	38	0	0	0	0	0	0	0	0	0	0	0	0	34	0	0	0	0	0	0	0	0	0	15	0	0	0	0	21	0	0	0	0	23	0	0	0	0	65	0	0	0	255	0
LFQ	39	0	0	0	0	0	0	0	0	0	0	0	0	34	0	0	0	0	0	0	0	0	0	21	0	0	0	0	21	0	0	0	0	27	0	0	0	0	61	0	0	0	249	0
LFQ	40	0	0	0	0	0	0	0	0	0	0	0	0	32	0	0	0	0	0	0	0	0	0	19	0	0	0	0	24	0	0	0	0	22	0	0	0	0	65	0	0	0	251	0
LFQ	41	0	0	0	0	0	0	0	0	0	0	0	0	22	0	0	0	0	0	0	0	0	0	16	0	0	0	0	14	0	0	0	0	35	0	0	0	0	65	0	0	0	261	0
LFQ	42	0	0	0	0	0	0	0	0	0	0	0	0	28	0	0	0	0	0	0	0	0	0	13	0	0	0	0	29	0	0	0	0	28	0	0	0	0	63	0	0	0	252	0
LFQ	43	0	0	0	0	0	0	0	0	0	0	0	0	26	0	0	0	0	0	0	0	0	0	15	0	0	0	0	17	0	0	0	0	38	0	0	0	0	61	0	0	0	256	0
LFQ	44	0	0	0	0	0	0	0	0	0	0	0	0	32	0	0	0	0	0	0	0	0	0	16	0	0	0	0	22	0	0	0	0	26	0	0	0	0	63	0	0	0	254	0
LFQ	45	0	0	0	0	0	0	0	0	0	0	0	0	34	0	0	0	0	0	0	0	0	0	7	0	0	0	0	20	0	0	0	0	33	0	0	0	0	78	0	0	0	241	0
LFQ	46	0	0	0	0	0	0	0	0	0	0	0	0	26	0	0	0	0	0	0	0	0	0	20	0	0	0	0	18	0	0	0	0	26	0	0	0	0	68	0	0	0	255	0
LFQ	47	0	0	0	0	0	0	0	0	0	0	0	0	27	0	0	0	0	0	0	0	0	0	20	0	0	0	0	16	0	0	0	0	24	0	0	0	0	56	0	0	0	270	0
LFQ	48	0	0	0	0	0	0	0	0	0	0	0	0	32	0	0	0	0	0	0	0	0	0	17	0	0	0	0	22	0	0	0	0	21	0	0	0	0	70	0	0	0	251	0
LFQ	49	0	0	0	0	0	0	0	0	0	0	0	0	20	0	0	0	0	0	0	0	0	0	17	0	0	0	0	22	0	0	0	0	32	0	0	0	0	65	0	0	0	257	0
LFQ	50	0	0	0	0	0	0	0	0	0	0	0	0	45	0	0	0	0	0	0	0	0	0	12	0	0	0	0	17	0	0	0	0	31	0	0	0	0	63	0	0	0	245	0
LFQ	51	0	0	0	0	0	0	0	0	0	0	0	0	33	0	0	0	0	0	0	0	0	0	22	0	0	0	0	15	0	0	0	0	32	0	0	0	0	58	0	0	0	253	0
LFQ	52	0	0	0	0	0	0	0	0	0	0	0	0	29	0	0	0	0	0	0	0	0	0	12	0	0	0	0	10	0	0	0	0	33	0	0	0	0	75	0	0	0	254	0
LFQ	53	0	0	0	0	0	0	0	0	0	0	0	0	30	0	0	0	0	0	0	0	0	0	29	0	0	0	0	23	0	0	0	0	31	0	0	0	0	62	0	0	0	238	0
LFQ	54	0	0	0	0	0	0	0	0	0	0	0	0	30	0	0	0	0	0	0	0	0	0	20	0	0	0	0	21	0	0	0	0	34	0	0	0	0	66	0	0	0	242	0
LFQ	55	0	0	0	0	0	0	0	0	0	0	0	0	30	0	0	0	0	0	0	0	0	0	17	0	0	0	0	21	0	0	0	0	25	0	0	0	0	60	0	0	0	260	0
LFQ	56	0	0	0	0	0	0	0	0	0	0	0	0	36	0	0	0	0	0	0	0	0	0	21	0	0	0	0	14	0	0	0	0	33	0	0	0	0	59	0	0	0	250	0
LFQ	57	0	0	0	0	0	0	0	0	0	0	0	0	44	0	0	0	0	0	0	0	0	0	26	0	0	0	0	8	0	0	0	0	34	0	0	0	0	65	0	0	0	236	0
LFQ	58	0	0	0	0	0	0	0	0	0	0	0	0	34	0	0	0	0	0	0	0	0	0	18	0	0	0	0	22	0	0	0	0	35	0	0	0	0	61	0	0	0	243	0
LFQ	59	0	0	0	0	0	0	0	0	0	0	0	0	37	0	0	0	0	0	0	0	0	0	22	0	0	0	0	15	0	0	0	0	31	0	0	0	0	55	0	0	0	253	0
LFQ	60	0	0	0	0	0	0	0	0	0	0	0	0	30	0	0	0	0	0	0	0	0	0	29	0	0	0	0	19	0	0	0	0	31	0	0	0	0	60	0	0	0	244	0
LFQ	61	0	0	0	0	0	0	0	0	0	0	0	0	34	0	0	0	0	0	0	0	0	0	14	0	0	0	0	16	0	0	0	0	25	0	0	0	0	60	0	0	0	264	0
LFQ	62	0	0	0	0	0	0	0	0	0	0	0	0	34	0	0	0	0	0	0	0	0	0	22	0	0	0	0	16	0	0	0	0	34	0	0	0	0	55	0	0	0	252	0
LFQ	63	0	0	0	0	0	0	0	0	0	0	0	0	30	0	0	0	0	0	0	0	0	0	18	0	0	0	0	26	0	0	0	0	31	0	0	0	0	51	0	0	0	257	0
LFQ	64	0	0	0	0	0	0	0	0	0	0	0	0	39	0	0	0	0	0	0	0	0	0	20	0	0	0	0	15	0	0	0	0	37	0	0	0	0	60	0	0	0	242	0
LFQ	65	0	0	0	0	0	0	0	0	0	0	0	0	40	0	0	0	0	0	0	0	0	0	22	0	0	0	0	17	0	0	0	0	30	0	0	0	0	57	0	0	0	247	0
LFQ	66	0	0	0	0	0	0	0	0	0	0	0	0	37	0	0	0	0	0	0	0	0	0	23	0	0	0	0	18	0	0	0	0	36	0	0	0	0	62	0	0	0	237	0
LFQ	67	0	0	0	0	0	0	0	0	0	0	0	0	42	0	0	0	0	0	0	0	0	0	13	0	0	0	0	19	0	0	0	0	38	0	0	0	0	51	0	0	0	250	0
LFQ	68	0	0	0	0	0	0	0	0	0	0	0	0	31	0	0	0	0	0	0	0	0	0	21	0	0	0	0	23	0	0	0	0	30	0	0	0	0	56	0	0	0	252	0
LFQ	69	0	0	0	0	0	0	0	0	0	0	0	0	38	0	0	0	0	0	0	0	0	0	24	0	0	0	0	18	0	0	0	0	25	0	0	0	0	63	0	0	0	245	0
LFQ	70	0	0	0	0	0	0	0	0	0	0	0	0	27	0	0	0	0	0	0	0	0	0	27	0	0	0	0	20	0	0	0	0	27	0	0	0	0	65	0	0	0	247	0
LFQ	71	0	0	0	0	0	0	0	0	0	0	0	0	42	0	0	0	0	0	0	0	0	0	24	0	0	0	0	21	0	0	0	0	26	0	0	0	0	63	0	0	0	237	0
LFQ	72	0	0	0	0	0	0	0	0	0	0	0	0	33	0	0	0	0	0	0	0	0	0	19	0	0	0	0	16	0	0	0	0	34	0	0	0	0	62	0	0	0	249	0
LFQ	73	0	0	0	0	0	0	0	0	0	0	0	0	35	0	0	0	0	0	0	0	0	0	22	0	0	0	0	19	0	0	0	0	38	0	0	0	0	56	0	0	0	243	0
LFQ	74	0	0	0	0	0	0	0	0	0	0	0	0	37	0	0	0	0	0	0	0	0	0	24	0	0	0	0	19	0	0	0	0	34	0	0	0	0	66	0	0	0	233	0
LFQ	75	0	0	0	0	0	0	0	0	0	0	0	0	43	0	0	0	0	0	0	0	0	0	26	0	0	0	0	15	0	0	0	0	26	0	0	0	0	66	0	0	0	237	0
LFQ	76	0	0	0	0	0	0	0	0	0	0	0	0	33	0	0	0	0	0	0	0	0	0	24	0	0	0	0	26	0	0	0	0	35	0	0	0	0	56	0	0	0	239	0
LFQ	77	0	0	0	0	0	0	0	0	0	0	0	0	37	0	0	0	0	0	0	0	0	0	38	0	0	0	0	26	0	0	0	0	54	0	0	0	0	97	0	0	0	161	0
LFQ	78	0	0	0	0	0	0	0	0	0	0	0	0	29	0	0	0	0	0	0	0	0	0	31	0	0	0	0	21	0	0	0	0	42	0	0	0	0	89	0	0	0	201	0
LFQ	79	0	0	0	0	0	0	0	0	0	0	0	0	31	0	0	0	0	0	0	0	0	0	28	0	0	0	0	12	0	0	0	0	34	0	0	0	0	69	0	0	0	239	0
LFQ	80	0	0	0	0	0	0	0	0	0	0	0	0	34	0	0	0	0	0	0	0	0	0	21	0	0	0	0	22	0	0	0	0	30	0	0	0	0	63	0	0	0	243	0
LFQ	81	0	0	0	0	0	0	0	0	0	0	0	0	43	0	0	0	0	0	0	0	0	0	19	0	0	0	0	17	0	0	0	0	30	0	0	0	0	66	0	0	0	238	0
LFQ	82	0	0	0	0	0	0	0	0	0	0	0	0	37	0	0	0	0	0	0	0	0	0	24	0	0	0	0	17	0	0	0	0	26	0	0	0	0	67	0	0	0	242	0
LFQ	83	0	0	0	0	0	0	0	0	0	0	0	0	37	0	0	0	0	0	0	0	0	0	28	0	0	0	0	19	0	0	0	0	30	0	0	0	0	57	0	0	0	242	0
LFQ	84	0	0	0	0	0	0	0	0	0	0	0	0	41	0	0	0	0	0	0	0	0	0	17	0	0	0	0	27	0	0	0	0	34	0	0	0	0	48	0	0	0	246	0
LFQ	85	0	0	0	0	0	0	0	0	0	0	0	0	41	0	0	0	0	0	0	0	0	0	19	0	0	0	0	18	0	0	0	0	29	0	0	0	0	48	0	0	0	258	0
LFQ	86	0	0	0	0	0	0	0	0	0	0	0	0	32	0	0	0	0	0	0	0	0	0	27	0	0	0	0	13	0	0	0	0	35	0	0	0	0	57	0	0	0	249	0
LFQ	87	0	0	0	0	0	0	0	0	0	0	0	0	38	0	0	0	0	0	0	0	0	0	19	0	0	0	0	20	0	0	0	0	35	0	0	0	0	45	0	0	0	256	0
LFQ	88	0	0	0	0	0	0	0	0	0	0	0	0	42	0	0	0	0	0	0	0	0	0	22	0	0	0	0	12	0	0	0	0	30	0	0	0	0	47	0	0	0	260	0
LFQ	89	0	0	0	0	0	0	0	0	0	0	0	0	38	0	0	0	0	0	0	0	0	0	26	0	0	0	0	15	0	0	0	0	28	0	0	0	0	50	0	0	0	256	0
LFQ	90	0	0	0	0	0	0	0	0	0	0	0	0	40	0	0	0	0	0	0	0	0	0	29	0	0	0	0	13	0	0	0	0	31	0	0	0	0	49	0	0	0	251	0
LFQ	91	0	0	0	0	0	0	0	0	0	0	0	0	41	0	0	0	0	0	0	0	0	0	25	0	0	0	0	18	0	0	0	0	28	0	0	0	0	66	0	0	0	235	0
LFQ	92	0	0	0	0	0	0	0	0	0	0	0	0	31	0	0	0	0	0	0	0	0	0	26	0	0	0	0	18	0	0	0	0	32	0	0	0	0	48	0	0	0	258	0
LFQ	93	0	0	0	0	0	0	0	0	0	0	0	0	36	0	0	0	0	0	0	0	0	0	21	0	0	0	0	16	0	0	0	0	34	0	0	0	0	62	0	0	0	244	0
LFQ	94	0	0	0	0	0	0	0	0	0	0	0	0	47	0	0	0	0	0	0	0	0	0	15	0	0	0	0	19	0	0	0	0	25	0	0	0	0	60	0	0	0	247	0
LFQ	95	0	0	0	0	0	0	0	0	0	0	0	0	36	0	0	0	0	0	0	0	0	0	32	0	0	0	0	10	0	0	0	0	31	0	0	0	0	51	0	0	0	253	0
LFQ	96	0	0	0	0	0	0	0	0	0	0	0	0	41	0	0	0	0	0	0	0	0	0	27	0	0	0	0	16	0	0	0	0	30	0	0	0	0	62	0	0	0	237	0
LFQ	97	0	0	0	0	0	0	0	0	0	0	0	0	43	0	0	0	0	0	0	0	0	0	34	0	0	0	0	9	0	0	0	0	35	0	0	0	0	50	0	0	0	242	0
LFQ	98	0	0	0	0	0	0	0	0	0	0	0	0	46	0	0	0	0	0	0	0	0	0	29	0	0	0	0	17	0	0	0	0	22	0	0	0	0	56	0	0	0	243	0
LFQ	99	0	0	0	0	0	0	0	0	0	0	0	0	47	0	0	0	0	0	0	0	0	0	24	0	0	0	0	16	0	0	0	0	26	0	0	0	0	59	0	0	0	241	0
LFQ	100	0	0	0	0	0	0	0	0	0	0	0	0	49	0	0	0	0	0	0	0	0	0	23	0	0	0	0	13	0	0	0	0	34	0	0	0	0	52	0	0	0	242	0
LFQ	101	0	0	0	0	0	0	0	0	0	0	0	0	38	0	0	0	0	0	0	0	0	0	30	0	0	0	0	15	0	0	0	0	37	0	0	0	0	48	0	0	0	245	0
LFQ	102	0	0	0	0	0	0	0	0	0	0	0	0	43	0	0	0	0	0	0	0	0	0	25	0	0	0	0	19	0	0	0	0	38	0	0	0	0	61	0	0	0	226	0
LFQ	103	0	0	0	0	0	0	0	0	0	0	0	0	52	0	0	0	0	0	0	0	0	0	28	0	0	0	0	14	0	0	0	0	22	0	0	0	0	60	0	0	0	236	0
LFQ	104	0	0	0	0	0	0	0	0	0	0	0	0	50	0	0	0	0	0	0	0	0	0	27	0	0	0	0	18	0	0	0	0	32	0	0	0	0	63	0	0	0	222	0
LFQ	105	0	0	0	0	0	0	0	0	0	0	0	0	49	0	0	0	0	0	0	0	0	0	24	0	0	0	0	14	0	0	0	0	36	0	0	0	0	57	0	0	0	232	0
LFQ	106	0	0	0	0	0	0	0	0	0	0	0	0	39	0	0	0	0	0	0	0	0	0	25	0	0	0	0	20	0	0	0	0	36	0	0	0	0	60	0	0	0	232	0
LFQ	107	0	0	0	0	0	0	0	0	0	0	0	0	42	0	0	0	0	0	0	0	0	0	21	0	0	0	0	20	0	0	0	0	30	0	0	0	0	62	0	0	0	236	0
LFQ	108	0	0	0	0	0	0	0	0	0	0	0	0	39	0	0	0	0	0	0	0	0	0	20	0	0	0	0	14	0	0	0	0	31	0	0	0	0	65	0	0	0	242	0
LFQ	109	0	0	0	0	0	0	0	0	0	0	0	0	40	0	0	0	0	0	0	0	0	0	28	0	0	0	0	17	0	0	0	0	34	0	0	0	0	72	0	0	0	219	0
LFQ	110	0	0	2	0	0	0	0	0	0	0	0	0	41	0	0	0	0	0	0	0	0	0	26	0	0	0	0	18	0	0	0	0	33	0	0	0	0	74	0	0	0	216	0
LFQ	111	0	0	0	0	0	0	0	0	0	0	0	0	51	0	0	0	0	0	0	0	0	0	27	0	0	0	0	15	0	0	0	0	35	0	0	0	0	74	0	0	0	207	0
LFQ	112	0	0	0	0	0	0	0	0	0	0	0	0	42	0	0	0	0	0	0	0	0	0	22	0	0	0	0	16	0	0	0	0	40	0	0	0	0	83	0	0	0	205	0
LFQ	113	0	0	0	0	0	0	0	0	0	0	0	0	41	0	0	0	0	0	0	0	0	0	32	0	0	0	0	21	0	0	0	0	36	0	0	0	0	64	0	0	0	212	0
LFQ	114	0	0	0	0	0	0	0	0	0	0	0	0	38	0	0	0	0	0	0	0	0	0	30	0	0	0	0	22	0	0	0	0	33	0	0	0	0	81	0	0	0	202	0
LFQ	115	0	0	0	0	0	0	0	0	0	0	0	0	40	0	0	0	0	0	0	0	0	0	29	0	0	0	0	17	0	0	0	0	34	0	0	0	0	76	0	0	0	210	0
LFQ	116	0	0	0	0	0	0	0	0	0	0	0	0	30	0	0	0	0	0	0	0	0	0	37	0	0	0	0	15	0	0	0	0	39	0	0	0	0	73	0	0	0	212	0
LFQ	117	0	0	0	0	0	0	0	0	0	0	0	0	41	0	0	0	0	0	0	0	0	0	28	0	0	0	0	21	0	0	0	0	39	0	0	0	0	75	0	0	0	202	0
LFQ	118	0	0	0	0	0	0	0	0	0	0	0	0	47	0	0	0	0	0	0	0	0	0	21	0	0	0	0	19	0	0	0	0	34	0	0	0	0	82	0	0	0	202	0
LFQ	119	0	0	0	0	0	0	0	0	0	0	0	0	51	0	0	0	0	0	0	0	0	0	19	0	0	0	0	25	0	0	0	0	33	0	0	0	0	75	0	0	0	201	0
LFQ	120	0	0	0	0	0	0	0	0	0	0	0	0	49	0	0	0	0	0	0	0	0	0	21	0	0	0	0	23	0	0	0	0	41	0	0	0	0	75	0	0	0	194	0
LFQ	121	0	0	0	0	0	0	0	0	0	0	0	0	49	0	0	0	0	0	0	0	0	0	23	0	0	0	0	17	0	0	0	0	21	0	0	0	0	81	0	0	0	212	0
LFQ	122	0	0	0	0	0	0	0	0	0	0	0	0	48	0	0	0	0	0	0	0	0	0	24	0	0	0	0	18	0	0	0	0	33	0	0	0	0	87	0	0	0	192	0
LFQ	123	0	0	0	0	0	0	0	0	0	0	0	0	57	0	0	0	0	0	0	0	0	0	22	0	0	0	0	20	0	0	0	0	27	0	0	0	0	88	0	0	0	188	0
LFQ	124	0	0	0	0	0	0	0	0	0	0	0	0	62	0	0	0	0	0	0	0	0	0	25	0	0	0	0	23	0	0	0	0	26	0	0	0	0	91	0	0	0	175	0
LFQ	125	0	0	0	0	0	0	0	0	5	0	0	0	46	0	0	0	0	0	0	0	0	0	26	0	0	0	0	19	0	0	0	0	28	0	0	0	0	84	0	0	0	194	0
LFQ	126	0	0	0	0	0	0	0	0	5	0	0	0	47	0	0	0	0	0	0	0	0	0	22	0	0	0	0	22	0	0	0	0	32	0	0	0	0	92	0	0	0	181	0
LFQ	127	0	0	0	0	0	0	0	0	6	0	0	0	46	0	0	0	0	0	0	0	0	0	20	0	0	0	0	26	0	0	0	0	40	0	0	0	0	81	0	0	0	181	0
LFQ	128	0	0	0	0	0	0	0	0	1	0	0	0	54	0	0	0	0	0	0	0	0	0	26	0	0	0	0	25	0	0	0	0	29	0	0	0	0	87	0	0	0	178	0
LFQ	129	0	0	0	0	0	0	0	0	7	0	0	0	51	0	0	0	0	0	0	0	0	0	31	0	0	0	0	22	0	0	0	0	40	0	0	0	0	79	0	0	0	168	0
LFQ	130	0	0	0	0	0	0	0	0	13	0	0	0	42	0	0	0	0	0	0	0	0	0	23	0	0	0	0	19	0	0	0	0	38	0	0	0	0	84	0	0	0	179	0
LFQ	131	0	0	0	0	0	0	0	0	18	0	0	0	33	0	0	0	0	0	0	0	0	0	19	0	0	0	0	14	0	0	0	0	48	0	0	0	0	65	0	0	0	200	0
LFQ	132	0	0	0	0	0	0	0	0	23	0	0	0	37	0	0	0	0	0	0	0	0	0	21	0	0	0	0	17	0	0	0	0	45	0	0	0	0	80	0	0	0	174	0
LFQ	133	0	0	0	0	0	0	0	0	24	0	0	0	34	0	0	0	0	0	0	0	0	0	20	0	0	0	0	18	0	0	0	0	47	0	0	0	0	81	0	0	0	172	0
LFQ	134	0	0	0	0	0	0	0	0	29	0	0	0	39	0	0	0	0	0	0	0	0	0	15	0	0	0	0	22	0	0	0	0	55	0	0	0	0	59	0	0	0	176	0
LFQ	135	0	0	0	0	0	0	0	0	24	0	0	0	39	0	0	0	0	0	0	0	0	0	20	0	0	0	0	23	0	0	0	0	49	0	0	0	0	73	0	0	0	166	0
LFQ	136	0	0	0	0	0	0	0	0	22	0	0	0	40	0	0	0	0	0	0	0	0	0	21	0	0	0	0	31	0	0	0	0	43	0	0	0	0	65	0	0	0	172	0
LFQ	137	0	0	0	0	0	0	0	0	18	0	0	0	35	0	0	0	0	0	0	0	0	0	21	0	0	0	0	23	0	0	0	0	54	0	0	0	0	84	0	0	0	159	0
LFQ	138	0	0	0	0	0	0	0	0	22	0	0	0	47	0	0	0	0	0	0	0	0	0	27	0	0	0	0	26	0	0	0	0	50	0	0	0	0	49	0	0	0	169	0
LFQ	139	0	0	0	0	0	0	0	0	22	0	0	0	38	0	0	0	0	0	0	0	0	0	27	0	0	0	0	26	0	0	0	0	55	0	0	0	0	71	0	0	0	150	0
LFQ	140	0	0	0	0	0	0	0	0	23	0	0	0	39	0	0	0	0	0	0	0	0	0	28	0	0	0	0	24	0	0	0	0	43	0	0	0	0	75	0	0	0	157	0
LFQ	141	0	0	0	0	0	0	0	0	19	0	0	0	46	0	0	0	0	0	0	0	0	0	25	0	0	0	0	26	0	0	0	0	45	0	0	0	0	54	0	0	0	174	0
LFQ	142	0	0	0	0	0	0	0	0	27	0	0	0	38	0	0	0	0	0	0	0	0	0	24	0	0	0	0	24	0	0	0	0	63	0	0	0	0	56	0	0	0	157	0
LFQ	143	0	0	0	0	0	0	0	0	16	0	0	0	32	0	0	0	0	0	0	0	0	0	34	0	0	0	0	31	0	0	0	0	43	0	0	0	0	67	0	0	0	165	0
LFQ	144	0	0	0	0	0	0	0	0	16	0	0	0	36	0	0	0	0	0	0	0	0	0	23	0	0	0	0	29	0	0	0	0	52	0	0	0	0	67	0	0	0	162	0
LFQ	145	0	0	0	0	0	0	0	0	28	0	0	0	28	0	0	0	0	0	0	0	0	0	23	0	0	0	0	27	0	0	0	0	51	0	0	0	0	60	0	0	0	167	0
LFQ	146	0	0	0	0	0	0	0	0	20	0	0	0	43	0	0	0	0	0	0	0	0	0	23	0	0	0	0	32	0	0	0	0	47	0	0	0	0	59	0	0	0	159	0
LFQ	147	0	0	0	0	0	0	0	0	22	0	0	0	44	0	0	0	0	0	0	0	0	0	16	0	0	0	0	25	0	0	0	0	57	0	0	0	0	61	0	0	0	156	0
LFQ	148	0	0	0	0	0	0	0	0	17	0	0	0	46	0	0	0	0	0	0	0	0	0	34	0	0	0	0	34	0	0	0	0	46	0	0	0	0	55	0	0	0	147	0
LFQ	149	0	0	0	0	0	0	0	0	11	0	0	0	37	0	0	0	0	0	0	0	0	0	30	0	0	0	0	34	0	0	0	0	44	0	0	0	0	61	0	0	0	149	0
LFQ	150	0	0	0	0	0	0	0	0	13	0	0	0	26	0	0	0	0	0	0	0	0	0	27	0	0	0	0	29	0	0	0	0	53	0	0	0	0	67	0	0	0	132	0
LFQ	151	0	0	0	0	0	0	0	0	0	0	0	0	0	0	0	0	0	0	0	0	0	0	38	0	0	0	0	48	0	0	0	0	50	0	0	0	0	55	0	0	0	95	0
# GC Content of first fragments. Use `grep ^GCF | cut -f 2-` to extract this part.
GCF	11.56	0
GCF	23.62	2
GCF	24.62	4
GCF	25.38	1
GCF	26.38	2
GCF	27.39	5
GCF	27.89	0
GCF	28.89	1
GCF	29.90	3
GCF	30.40	5
GCF	31.41	3
GCF	32.41	5
GCF	33.17	6
GCF	33.92	9
GCF	34.42	6
GCF	35.18	7
GCF	35.93	11
GCF	36.43	3
GCF	36.93	4
GCF	37.44	6
GCF	37.94	9
GCF	38.44	7
GCF	38.94	15
GCF	39.45	12
GCF	39.95	9
GCF	40.45	4
GCF	40.95	7
GCF	41.46	8
GCF	41.96	5
GCF	42.46	3
GCF	42.96	5
GCF	43.47	10
GCF	43.97	11
GCF	44.47	3
GCF	44.97	5
GCF	45.73	4
GCF	46.48	3
GCF	46.98	2
GCF	47.49	4
GCF	47.99	5
GCF	48.49	3
GCF	48.99	9
GCF	49.50	3
GCF	50.00	5
GCF	50.50	2
GCF	51.01	5
GCF	51.51	6
GCF	52.01	7
GCF	52.51	4
GCF	53.02	1
GCF	53.52	3
GCF	54.02	4
GCF	54.52	2
GCF	55.03	0
GCF	55.78	3
GCF	56.53	5
GCF	57.04	7
GCF	57.54	4
GCF	58.04	5
GCF	58.54	4
GCF	59.05	7
GCF	59.55	4
GCF	60.05	6
GCF	60.55	8
GCF	61.06	7
GCF	61.56	4
GCF	62.31	11
GCF	63.07	4
GCF	63.57	12
GCF	64.07	16
GCF	64.57	15
GCF	65.33	10
GCF	66.08	14
GCF	66.58	15
GCF	67.09	7
GCF	67.59	9
GCF	68.09	2
GCF	68.59	3
GCF	69.10	7
GCF	70.10	5
GCF	71.36	4
GCF	72.11	3
GCF	72.86	0
GCF	73.62	2
GCF	74.12	0
GCF	74.62	1
GCF	75.13	2
GCF	76.13	1
GCF	77.39	2
GCF	79.40	0
GCF	81.41	1
GCF	83.92	0
GCF	86.18	1
GCF	89.45	0
GCF	92.71	1
GCF	93.47	0
GCF	94.22	1
# GC Content of last fragments. Use `grep ^GCL | cut -f 2-` to extract this part.
GCL	11.06	0
GCL	22.61	2
GCL	23.37	0
GCL	23.87	1
GCL	24.62	0
GCL	25.63	1
GCL	26.38	3
GCL	27.14	2
GCL	27.89	5
GCL	28.39	8
GCL	28.89	5
GCL	29.90	3
GCL	30.90	2
GCL	31.41	3
GCL	31.91	2
GCL	32.41	5
GCL	32.91	4
GCL	33.42	5
GCL	33.92	7
GCL	34.42	9
GCL	35.18	6
GCL	35.93	5
GCL	36.43	8
GCL	37.19	3
GCL	37.94	4
GCL	38.44	8
GCL	39.20	7
GCL	40.20	9
GCL	40.95	5
GCL	41.46	4
GCL	41.96	6
GCL	42.46	9
GCL	42.96	5
GCL	43.72	4
GCL	44.47	6
GCL	44.97	10
GCL	45.48	4
GCL	45.98	3
GCL	46.48	6
GCL	46.98	4
GCL	47.49	1
GCL	48.24	3
GCL	48.99	4
GCL	49.75	3
GCL	50.75	5
GCL	51.51	7
GCL	52.01	5
GCL	52.51	2
GCL	53.02	3
GCL	53.52	5
GCL	54.02	3
GCL	54.52	2
GCL	55.03	1
GCL	55.53	4
GCL	56.03	3
GCL	56.53	5
GCL	57.04	4
GCL	58.04	3
GCL	59.05	5
GCL	59.55	7
GCL	60.05	8
GCL	60.55	10
GCL	61.06	12
GCL	61.56	7
GCL	62.06	9
GCL	62.56	7
GCL	63.07	4
GCL	63.57	13
GCL	64.07	11
GCL	64.57	14
GCL	65.08	6
GCL	65.58	7
GCL	66.08	4
GCL	66.58	3
GCL	67.09	5
GCL	67.59	8
GCL	68.09	13
GCL	68.59	10
GCL	69.10	5
GCL	69.60	4
GCL	70.10	8
GCL	70.60	5
GCL	71.11	3
GCL	71.61	5
GCL	72.11	2
GCL	73.12	1
GCL	74.12	0
GCL	74.87	1
GCL	75.63	2
GCL	76.13	3
GCL	76.88	2
GCL	77.64	3
GCL	78.89	2
GCL	80.40	0
GCL	81.16	1
GCL	81.91	2
GCL	82.66	0
GCL	83.17	3
GCL	83.67	4
GCL	84.42	1
GCL	85.18	2
GCL	85.68	1
GCL	86.93	0
GCL	88.44	1
GCL	89.20	0
GCL	89.70	1
GCL	90.20	0
GCL	90.70	1
# ACGT content per cycle. Use `grep ^GCC | cut -f 2-` to extract this part. The columns are: cycle; A,C,G,T base counts as a percentage of all A/C/G/T bases [%]; and N and O counts as a percentage of all A/C/G/T bases [%]
GCC	1	20.41	30.62	34.26	14.70	0.36	0.00
GCC	2	22.15	27.48	27.12	23.24	0.00	0.00
GCC	3	24.94	26.27	24.21	24.58	0.00	0.00
GCC	4	30.15	24.70	25.06	20.10	0.00	0.00
GCC	5	27.12	23.24	25.30	24.33	0.00	0.00
GCC	6	28.69	23.49	26.76	21.07	0.00	0.00
GCC	7	25.91	21.67	27.97	24.46	0.00	0.00
GCC	8	23.85	25.54	25.18	25.42	0.00	0.00
GCC	9	24.21	26.27	23.97	25.54	0.00	0.00
GCC	10	25.91	23.24	26.15	24.70	0.00	0.00
GCC	11	25.30	28.57	25.06	21.07	0.00	0.00
GCC	12	23.37	26.63	25.18	24.82	0.00	0.00
GCC	13	24.46	25.30	28.81	21.43	0.00	0.00
GCC	14	22.88	24.70	28.33	24.09	0.00	0.00
GCC	15	23.97	22.64	26.63	26.76	0.00	0.00
GCC	16	25.91	27.24	23.97	22.88	0.00	0.00
GCC	17	26.27	24.09	24.33	25.30	0.00	0.00
GCC	18	25.79	25.42	23.97	24.82	0.00	0.00
GCC	19	22.52	26.76	26.03	24.70	0.00	0.00
GCC	20	24.33	25.18	24.58	25.91	0.00	0.00
GCC	21	24.21	27.00	25.18	23.61	0.00	0.00
GCC	22	25.30	24.21	26.63	23.85	0.00	0.00
GCC	23	25.79	23.97	27.00	23.24	0.00	0.00
GCC	24	24.46	24.46	25.42	25.67	0.00	0.00
GCC	25	22.64	26.76	24.70	25.91	0.00	0.00
GCC	26	26.51	26.51	25.30	21.67	0.00	0.00
GCC	27	23.82	26.12	23.45	26.61	0.36	0.00
GCC	28	26.42	25.45	27.76	20.36	0.12	0.00
GCC	29	25.18	27.24	22.40	25.18	0.00	0.00
GCC	30	20.82	25.54	24.94	28.69	0.00	0.00
GCC	31	23.97	24.21	26.39	25.42	0.00	0.00
GCC	32	23.85	24.46	28.81	22.88	0.00	0.00
GCC	33	24.21	26.39	24.58	24.82	0.00	0.00
GCC	34	22.28	24.82	29.18	23.73	0.00	0.00
GCC	35	23.49	27.85	22.88	25.79	0.00	0.00
GCC	36	25.18	22.88	26.88	25.06	0.00	0.00
GCC	37	22.76	26.27	27.36	23.61	0.00	0.00
GCC	38	23.12	26.39	25.06	25.42	0.00	0.00
GCC	39	23.61	25.18	27.85	23.37	0.00	0.00
GCC	40	25.45	25.09	27.88	21.58	0.12	0.00
GCC	41	25.67	27.48	23.97	22.88	0.00	0.00
GCC	42	25.18	25.54	24.82	24.46	0.00	0.00
GCC	43	22.88	26.39	25.18	25.54	0.00	0.00
GCC	44	26.63	24.94	24.70	23.73	0.00	0.00
GCC	45	25.42	23.73	26.03	24.82	0.00	0.00
GCC	46	24.82	25.06	25.18	24.94	0.00	0.00
GCC	47	23.61	26.63	27.36	22.40	0.00	0.00
GCC	48	27.48	24.21	24.33	23.97	0.00	0.00
GCC	49	21.91	26.15	26.39	25.54	0.00	0.00
GCC	50	25.54	24.70	25.54	24.21	0.00	0.00
GCC	51	28.57	24.46	24.46	22.52	0.00	0.00
GCC	52	22.88	27.60	27.72	21.79	0.00	0.00
GCC	53	26.39	22.88	27.12	23.61	0.00	0.00
GCC	54	26.51	24.58	26.15	22.76	0.00	0.00
GCC	55	23.00	26.88	28.09	22.03	0.00	0.00
GCC	56	24.82	26.39	24.33	24.46	0.00	0.00
GCC	57	29.06	23.73	24.70	22.52	0.00	0.00
GCC	58	23.61	26.27	25.91	24.21	0.00	0.00
GCC	59	23.85	27.00	26.15	23.00	0.00	0.00
GCC	60	23.37	26.39	24.82	25.42	0.00	0.00
GCC	61	22.76	28.93	26.76	21.55	0.00	0.00
GCC	62	26.27	26.51	25.30	21.91	0.00	0.00
GCC	63	25.42	27.24	24.46	22.88	0.00	0.00
GCC	64	23.85	28.33	23.12	24.70	0.00	0.00
GCC	65	28.93	22.28	26.39	22.40	0.00	0.00
GCC	66	26.63	25.18	26.39	21.79	0.00	0.00
GCC	67	24.82	23.00	25.54	26.63	0.00	0.00
GCC	68	26.15	25.91	25.30	22.64	0.00	0.00
GCC	69	27.72	25.67	23.61	23.00	0.00	0.00
GCC	70	23.24	25.42	27.12	24.21	0.00	0.00
GCC	71	24.70	24.21	25.54	25.54	0.00	0.00
GCC	72	25.91	27.48	25.67	20.94	0.00	0.00
GCC	73	25.30	24.33	28.45	21.91	0.00	0.00
GCC	74	22.76	26.76	27.48	23.00	0.00	0.00
GCC	75	24.33	29.18	23.85	22.64	0.00	0.00
GCC	76	23.73	27.72	25.42	23.12	0.00	0.00
GCC	77	23.85	24.46	27.72	23.97	0.00	0.00
GCC	78	27.97	25.18	24.09	22.76	0.00	0.00
GCC	79	22.28	26.63	26.76	24.33	0.00	0.00
GCC	80	23.00	29.06	24.09	23.85	0.00	0.00
GCC	81	25.18	23.85	24.58	26.39	0.00	0.00
GCC	82	24.09	27.00	28.33	20.58	0.00	0.00
GCC	83	27.00	26.03	23.85	23.12	0.00	0.00
GCC	84	24.82	28.81	22.76	23.61	0.00	0.00
GCC	85	23.85	27.36	27.85	20.94	0.00	0.00
GCC	86	25.79	21.91	28.57	23.73	0.00	0.00
GCC	87	22.52	25.42	25.91	26.15	0.00	0.00
GCC	88	24.58	23.97	28.93	22.52	0.00	0.00
GCC	89	22.40	26.03	27.72	23.85	0.00	0.00
GCC	90	25.79	25.79	26.51	21.91	0.00	0.00
GCC	91	26.88	27.60	22.28	23.24	0.00	0.00
GCC	92	25.79	24.21	24.70	25.30	0.00	0.00
GCC	93	23.97	26.15	26.76	23.12	0.00	0.00
GCC	94	26.88	25.91	25.06	22.15	0.00	0.00
GCC	95	25.30	25.06	27.24	22.40	0.00	0.00
GCC	96	29.78	22.52	24.09	23.61	0.00	0.00
GCC	97	26.27	25.91	25.54	22.28	0.00	0.00
GCC	98	27.72	25.42	26.51	20.34	0.00	0.00
GCC	99	24.82	27.72	24.21	23.24	0.00	0.00
GCC	100	25.67	26.27	25.30	22.76	0.00	0.00
GCC	101	23.73	27.72	24.21	24.33	0.00	0.00
GCC	102	26.55	24.12	26.91	22.42	0.00	0.00
GCC	103	24.00	26.67	26.79	22.55	0.00	0.00
GCC	104	22.06	26.67	27.64	23.64	0.00	0.00
GCC	105	23.39	24.48	27.52	24.61	0.00	0.00
GCC	106	24.73	25.45	29.21	20.61	0.00	0.00
GCC	107	25.49	26.58	25.24	22.69	0.00	0.00
GCC	108	23.79	26.58	25.61	24.03	0.00	0.00
GCC	109	25.27	23.82	28.55	22.36	0.00	0.00
GCC	110	23.87	25.21	30.09	20.83	0.24	0.00
GCC	111	23.11	26.16	26.89	23.84	0.00	0.00
GCC	112	24.97	25.94	25.94	23.14	0.00	0.00
GCC	113	24.42	26.62	25.89	23.08	0.00	0.00
GCC	114	22.59	25.15	27.23	25.03	0.00	0.00
GCC	115	22.95	27.23	25.40	24.42	0.00	0.00
GCC	116	26.13	29.18	24.66	20.02	0.00	0.00
GCC	117	23.44	23.69	24.79	28.08	0.00	0.00
GCC	118	25.92	26.89	25.31	21.88	0.00	0.00
GCC	119	21.45	26.10	27.82	24.63	0.00	0.00
GCC	120	22.58	26.75	29.45	21.23	0.00	0.00
GCC	121	24.05	26.75	26.13	23.07	0.00	0.00
GCC	122	24.69	26.04	25.55	23.71	0.00	0.00
GCC	123	25.31	24.20	28.62	21.87	0.00	0.00
GCC	124	24.32	27.64	22.73	25.31	0.00	0.00
GCC	125	25.31	25.43	24.82	24.45	0.00	0.00
GCC	126	22.88	24.72	29.64	22.76	0.00	0.00
GCC	127	25.25	25.37	26.97	22.41	0.00	0.00
GCC	128	24.88	25.99	25.62	23.52	0.00	0.00
GCC	129	24.94	21.60	27.65	25.80	0.00	0.00
GCC	130	24.81	24.81	27.16	23.21	0.00	0.00
GCC	131	25.96	27.94	25.96	20.15	0.00	0.00
GCC	132	25.46	24.10	27.44	22.99	0.00	0.00
GCC	133	23.14	24.38	29.46	23.02	0.00	0.00
GCC	134	26.89	23.67	25.15	24.29	0.00	0.00
GCC	135	27.54	25.43	26.80	20.22	0.00	0.00
GCC	136	25.06	25.19	27.30	22.46	0.00	0.00
GCC	137	23.70	23.70	29.65	22.95	0.00	0.00
GCC	138	24.19	26.06	23.82	25.94	0.00	0.00
GCC	139	22.72	24.84	27.22	25.22	0.00	0.00
GCC	140	26.84	26.09	27.47	19.60	0.00	0.00
GCC	141	22.97	27.72	25.97	23.35	0.00	0.00
GCC	142	24.25	27.88	24.25	23.62	0.00	0.00
GCC	143	25.22	25.35	26.35	23.09	0.00	0.00
GCC	144	25.63	25.51	26.52	22.35	0.00	0.00
GCC	145	26.27	26.52	26.78	20.43	0.00	0.00
GCC	146	22.45	24.36	30.36	22.83	0.00	0.00
GCC	147	24.42	24.68	28.01	22.89	0.00	0.00
GCC	148	23.23	24.78	27.09	24.90	0.00	0.00
GCC	149	25.49	23.26	26.28	24.97	0.00	0.00
GCC	150	26.44	23.15	26.03	24.38	0.00	0.00
GCC	151	21.36	27.37	30.70	20.57	0.00	0.00
# ACGT content per cycle, read oriented. Use `grep ^GCT | cut -f 2-` to extract this part. The columns are: cycle; A,C,G,T base counts as a percentage of all A/C/G/T bases [%]
GCT	1	19.44	30.38	34.51	15.67
GCT	2	22.76	27.60	27.00	22.64
GCT	3	22.52	27.48	23.00	27.00
GCT	4	28.81	23.85	25.91	21.43
GCT	5	27.12	23.00	25.54	24.33
GCT	6	29.42	25.18	25.06	20.34
GCT	7	25.30	21.07	28.57	25.06
GCT	8	23.61	25.30	25.42	25.67
GCT	9	23.97	27.00	23.24	25.79
GCT	10	28.33	23.73	25.67	22.28
GCT	11	24.46	28.69	24.94	21.91
GCT	12	22.52	26.76	25.06	25.67
GCT	13	24.58	25.18	28.93	21.31
GCT	14	23.49	24.09	28.93	23.49
GCT	15	25.79	22.76	26.51	24.94
GCT	16	26.76	27.36	23.85	22.03
GCT	17	25.42	23.49	24.94	26.15
GCT	18	25.54	25.18	24.21	25.06
GCT	19	23.85	25.18	27.60	23.37
GCT	20	24.58	24.94	24.82	25.67
GCT	21	24.82	25.67	26.51	23.00
GCT	22	25.67	24.82	26.03	23.49
GCT	23	26.03	23.73	27.24	23.00
GCT	24	24.82	24.33	25.54	25.30
GCT	25	24.33	26.51	24.94	24.21
GCT	26	24.94	27.60	24.21	23.24
GCT	27	23.57	25.15	24.42	26.85
GCT	28	25.45	24.48	28.73	21.33
GCT	29	24.58	27.12	22.52	25.79
GCT	30	22.88	26.15	24.33	26.63
GCT	31	23.97	23.73	26.88	25.42
GCT	32	23.37	24.70	28.57	23.37
GCT	33	24.21	26.39	24.58	24.82
GCT	34	22.28	25.79	28.21	23.73
GCT	35	24.09	27.72	23.00	25.18
GCT	36	25.18	22.88	26.88	25.06
GCT	37	23.24	26.51	27.12	23.12
GCT	38	22.28	25.54	25.91	26.27
GCT	39	23.85	25.67	27.36	23.12
GCT	40	25.70	25.33	27.64	21.33
GCT	41	26.03	28.09	23.37	22.52
GCT	42	26.27	25.18	25.18	23.37
GCT	43	24.46	27.24	24.33	23.97
GCT	44	27.12	25.67	23.97	23.24
GCT	45	24.82	24.09	25.67	25.42
GCT	46	25.06	25.30	24.94	24.70
GCT	47	23.85	26.88	27.12	22.15
GCT	48	25.54	24.46	24.09	25.91
GCT	49	22.52	26.27	26.27	24.94
GCT	50	25.30	24.94	25.30	24.46
GCT	51	27.97	23.12	25.79	23.12
GCT	52	23.12	27.36	27.97	21.55
GCT	53	25.67	22.88	27.12	24.33
GCT	54	27.00	25.06	25.67	22.28
GCT	55	22.76	26.39	28.57	22.28
GCT	56	25.06	24.94	25.79	24.21
GCT	57	28.45	23.12	25.30	23.12
GCT	58	24.58	26.51	25.67	23.24
GCT	59	23.49	26.63	26.51	23.37
GCT	60	24.33	25.67	25.54	24.46
GCT	61	21.79	29.18	26.51	22.52
GCT	62	25.91	26.63	25.18	22.28
GCT	63	24.33	27.60	24.09	23.97
GCT	64	24.09	29.30	22.15	24.46
GCT	65	27.48	21.55	27.12	23.85
GCT	66	26.15	25.18	26.39	22.28
GCT	67	25.42	22.88	25.67	26.03
GCT	68	26.03	26.03	25.18	22.76
GCT	69	27.36	24.82	24.46	23.37
GCT	70	23.37	25.06	27.48	24.09
GCT	71	24.82	23.37	26.39	25.42
GCT	72	25.54	26.39	26.76	21.31
GCT	73	25.91	24.46	28.33	21.31
GCT	74	23.24	27.00	27.24	22.52
GCT	75	24.46	29.30	23.73	22.52
GCT	76	24.33	26.63	26.51	22.52
GCT	77	24.09	25.67	26.51	23.73
GCT	78	29.78	24.33	24.94	20.94
GCT	79	22.03	27.85	25.54	24.58
GCT	80	23.12	29.18	23.97	23.73
GCT	81	23.97	22.88	25.54	27.60
GCT	82	23.24	28.09	27.24	21.43
GCT	83	27.12	24.70	25.18	23.00
GCT	84	26.15	27.72	23.85	22.28
GCT	85	24.58	27.12	28.09	20.22
GCT	86	25.91	21.79	28.69	23.61
GCT	87	24.70	25.18	26.15	23.97
GCT	88	24.82	24.46	28.45	22.28
GCT	89	22.76	26.63	27.12	23.49
GCT	90	26.15	24.94	27.36	21.55
GCT	91	25.91	27.60	22.28	24.21
GCT	92	26.27	24.94	23.97	24.82
GCT	93	24.82	25.54	27.36	22.28
GCT	94	25.30	25.54	25.42	23.73
GCT	95	25.30	24.09	28.21	22.40
GCT	96	28.69	21.91	24.70	24.70
GCT	97	27.12	25.30	26.15	21.43
GCT	98	27.72	24.94	27.00	20.34
GCT	99	24.70	27.36	24.58	23.37
GCT	100	25.79	26.39	25.18	22.64
GCT	101	23.73	27.48	24.46	24.33
GCT	102	26.18	24.97	26.06	22.79
GCT	103	24.73	26.67	26.79	21.82
GCT	104	22.55	27.64	26.67	23.15
GCT	105	23.15	25.45	26.55	24.85
GCT	106	25.09	25.58	29.09	20.24
GCT	107	25.73	26.58	25.24	22.45
GCT	108	26.21	27.06	25.12	21.60
GCT	109	25.76	24.06	28.31	21.87
GCT	110	24.00	25.82	29.48	20.71
GCT	111	21.53	26.28	26.76	25.43
GCT	112	24.97	26.67	25.21	23.14
GCT	113	25.15	26.62	25.89	22.34
GCT	114	24.54	24.66	27.72	23.08
GCT	115	25.15	26.98	25.64	22.22
GCT	116	26.37	28.45	25.40	19.78
GCT	117	25.15	23.93	24.54	26.37
GCT	118	25.55	27.75	24.45	22.25
GCT	119	21.45	26.59	27.33	24.63
GCT	120	22.58	25.77	30.43	21.23
GCT	121	24.42	27.36	25.52	22.70
GCT	122	25.31	24.94	26.66	23.10
GCT	123	25.06	24.45	28.38	22.11
GCT	124	24.82	27.89	22.48	24.82
GCT	125	25.80	26.41	23.83	23.96
GCT	126	21.89	24.48	29.89	23.74
GCT	127	24.63	24.01	28.33	23.03
GCT	128	24.14	25.99	25.62	24.26
GCT	129	26.42	21.36	27.90	24.32
GCT	130	25.80	25.56	26.42	22.22
GCT	131	27.19	28.18	25.71	18.91
GCT	132	24.72	24.35	27.19	23.73
GCT	133	22.65	24.88	28.96	23.51
GCT	134	27.76	24.29	24.54	23.42
GCT	135	27.54	25.19	27.05	20.22
GCT	136	25.93	25.56	26.92	21.59
GCT	137	24.32	24.07	29.28	22.33
GCT	138	25.19	25.81	24.06	24.94
GCT	139	23.47	25.59	26.47	24.47
GCT	140	27.22	24.72	28.84	19.23
GCT	141	23.60	27.84	25.84	22.72
GCT	142	24.12	28.00	24.12	23.75
GCT	143	25.09	25.72	25.97	23.21
GCT	144	26.14	25.76	26.26	21.84
GCT	145	25.63	25.63	27.66	21.07
GCT	146	22.96	24.11	30.61	22.32
GCT	147	24.81	23.53	29.16	22.51
GCT	148	22.98	25.29	26.57	25.16
GCT	149	23.92	23.78	25.76	26.54
GCT	150	25.75	24.11	25.07	25.07
GCT	151	20.73	27.37	30.70	21.20
# ACGT content per cycle for first fragments. Use `grep ^FBC | cut -f 2-` to extract this part. The columns are: cycle; A,C,G,T base counts as a percentage of all A/C/G/T bases [%]; and N and O counts as a percentage of all A/C/G/T bases [%]
FBC	1	16.99	33.01	35.68	14.32	0.24	0.00
FBC	2	24.21	29.06	26.88	19.85	0.00	0.00
FBC	3	25.91	25.91	25.91	22.28	0.00	0.00
FBC	4	30.75	25.91	23.97	19.37	0.00	0.00
FBC	5	28.81	23.00	23.49	24.70	0.00	0.00
FBC	6	27.60	26.39	26.88	19.13	0.00	0.00
FBC	7	26.15	24.46	26.15	23.24	0.00	0.00
FBC	8	25.91	25.42	24.46	24.21	0.00	0.00
FBC	9	25.67	27.60	22.52	24.21	0.00	0.00
FBC	10	24.94	24.21	26.63	24.21	0.00	0.00
FBC	11	24.94	32.20	22.76	20.10	0.00	0.00
FBC	12	25.42	25.67	24.70	24.21	0.00	0.00
FBC	13	26.15	26.15	26.63	21.07	0.00	0.00
FBC	14	24.94	25.67	27.36	22.03	0.00	0.00
FBC	15	25.42	21.79	28.57	24.21	0.00	0.00
FBC	16	28.57	27.12	20.58	23.73	0.00	0.00
FBC	17	23.73	23.97	23.73	28.57	0.00	0.00
FBC	18	24.21	25.42	25.42	24.94	0.00	0.00
FBC	19	22.52	26.88	24.46	26.15	0.00	0.00
FBC	20	25.42	24.21	24.46	25.91	0.00	0.00
FBC	21	24.46	27.60	25.91	22.03	0.00	0.00
FBC	22	27.60	26.63	24.70	21.07	0.00	0.00
FBC	23	26.39	25.91	24.94	22.76	0.00	0.00
FBC	24	21.07	24.94	26.39	27.60	0.00	0.00
FBC	25	23.49	25.91	22.28	28.33	0.00	0.00
FBC	26	28.09	29.06	22.76	20.10	0.00	0.00
FBC	27	26.21	25.97	23.54	24.27	0.24	0.00
FBC	28	29.61	22.09	27.67	20.63	0.24	0.00
FBC	29	24.70	27.85	23.97	23.49	0.00	0.00
FBC	30	21.07	26.39	22.76	29.78	0.00	0.00
FBC	31	26.63	24.21	21.55	27.60	0.00	0.00
FBC	32	21.55	23.49	28.09	26.88	0.00	0.00
FBC	33	23.73	27.85	23.24	25.18	0.00	0.00
FBC	34	25.42	25.67	26.15	22.76	0.00	0.00
FBC	35	21.31	28.81	21.07	28.81	0.00	0.00
FBC	36	26.39	21.55	26.15	25.91	0.00	0.00
FBC	37	23.49	29.30	22.52	24.70	0.00	0.00
FBC	38	24.46	28.81	22.76	23.97	0.00	0.00
FBC	39	26.88	26.15	25.67	21.31	0.00	0.00
FBC	40	26.94	25.49	25.97	21.60	0.24	0.00
FBC	41	25.91	29.06	22.76	22.28	0.00	0.00
FBC	42	22.28	26.39	24.94	26.39	0.00	0.00
FBC	43	23.24	29.54	21.55	25.67	0.00	0.00
FBC	44	25.42	27.60	23.00	23.97	0.00	0.00
FBC	45	28.33	24.46	24.70	22.52	0.00	0.00
FBC	46	27.12	23.73	24.94	24.21	0.00	0.00
FBC	47	24.94	23.73	24.94	26.39	0.00	0.00
FBC	48	27.36	27.12	23.00	22.52	0.00	0.00
FBC	49	27.12	22.76	21.31	28.81	0.00	0.00
FBC	50	25.18	21.31	27.60	25.91	0.00	0.00
FBC	51	29.54	23.00	23.24	24.21	0.00	0.00
FBC	52	23.49	27.36	27.85	21.31	0.00	0.00
FBC	53	24.70	24.21	27.12	23.97	0.00	0.00
FBC	54	27.60	22.76	26.15	23.49	0.00	0.00
FBC	55	26.88	27.60	27.12	18.40	0.00	0.00
FBC	56	25.18	25.18	23.73	25.91	0.00	0.00
FBC	57	32.69	23.49	23.24	20.58	0.00	0.00
FBC	58	25.18	24.94	25.18	24.70	0.00	0.00
FBC	59	22.76	30.27	23.73	23.24	0.00	0.00
FBC	60	24.70	26.63	23.97	24.70	0.00	0.00
FBC	61	21.79	30.27	25.42	22.52	0.00	0.00
FBC	62	24.94	30.75	24.21	20.10	0.00	0.00
FBC	63	25.67	28.33	23.00	23.00	0.00	0.00
FBC	64	20.82	32.45	21.55	25.18	0.00	0.00
FBC	65	28.81	23.97	24.70	22.52	0.00	0.00
FBC	66	26.39	25.18	28.33	20.10	0.00	0.00
FBC	67	22.03	23.24	26.63	28.09	0.00	0.00
FBC	68	26.88	25.42	24.46	23.24	0.00	0.00
FBC	69	26.15	30.27	22.52	21.07	0.00	0.00
FBC	70	21.79	27.60	25.18	25.42	0.00	0.00
FBC	71	26.15	27.60	20.34	25.91	0.00	0.00
FBC	72	26.15	27.36	25.18	21.31	0.00	0.00
FBC	73	26.15	23.73	28.57	21.55	0.00	0.00
FBC	74	24.94	25.91	25.18	23.97	0.00	0.00
FBC	75	27.12	27.85	21.79	23.24	0.00	0.00
FBC	76	22.03	28.57	24.46	24.94	0.00	0.00
FBC	77	23.73	27.12	24.70	24.46	0.00	0.00
FBC	78	28.57	25.91	23.73	21.79	0.00	0.00
FBC	79	24.21	25.18	27.12	23.49	0.00	0.00
FBC	80	26.39	27.12	22.76	23.73	0.00	0.00
FBC	81	23.73	25.42	23.49	27.36	0.00	0.00
FBC	82	27.12	27.36	25.42	20.10	0.00	0.00
FBC	83	27.12	23.49	23.00	26.39	0.00	0.00
FBC	84	24.46	28.09	23.73	23.73	0.00	0.00
FBC	85	22.76	30.02	25.91	21.31	0.00	0.00
FBC	86	23.24	22.03	29.06	25.67	0.00	0.00
FBC	87	22.28	25.67	23.49	28.57	0.00	0.00
FBC	88	25.18	23.49	28.57	22.76	0.00	0.00
FBC	89	25.18	27.36	23.24	24.21	0.00	0.00
FBC	90	26.15	23.73	28.33	21.79	0.00	0.00
FBC	91	27.60	30.75	18.89	22.76	0.00	0.00
FBC	92	25.18	25.42	22.52	26.88	0.00	0.00
FBC	93	25.91	27.12	24.46	22.52	0.00	0.00
FBC	94	26.15	27.85	25.18	20.82	0.00	0.00
FBC	95	26.39	25.42	24.94	23.24	0.00	0.00
FBC	96	28.57	22.28	24.21	24.94	0.00	0.00
FBC	97	26.39	27.12	24.46	22.03	0.00	0.00
FBC	98	29.78	24.70	24.94	20.58	0.00	0.00
FBC	99	24.70	30.02	22.76	22.52	0.00	0.00
FBC	100	28.81	30.75	21.31	19.13	0.00	0.00
FBC	101	24.21	27.36	25.67	22.76	0.00	0.00
FBC	102	29.54	24.21	25.67	20.58	0.00	0.00
FBC	103	24.70	26.63	27.36	21.31	0.00	0.00
FBC	104	24.46	28.57	25.91	21.07	0.00	0.00
FBC	105	27.12	27.85	24.21	20.82	0.00	0.00
FBC	106	25.67	26.15	25.42	22.76	0.00	0.00
FBC	107	25.18	27.36	25.18	22.28	0.00	0.00
FBC	108	23.97	25.91	26.63	23.49	0.00	0.00
FBC	109	26.15	25.18	28.33	20.34	0.00	0.00
FBC	110	24.21	25.91	29.78	20.10	0.00	0.00
FBC	111	25.91	27.36	25.18	21.55	0.00	0.00
FBC	112	26.39	24.21	26.63	22.76	0.00	0.00
FBC	113	22.03	29.30	23.73	24.94	0.00	0.00
FBC	114	22.03	24.46	25.42	28.09	0.00	0.00
FBC	115	25.42	26.63	23.24	24.70	0.00	0.00
FBC	116	26.15	28.33	26.63	18.89	0.00	0.00
FBC	117	23.00	25.18	22.28	29.54	0.00	0.00
FBC	118	25.67	28.81	23.97	21.55	0.00	0.00
FBC	119	21.12	25.24	27.43	26.21	0.00	0.00
FBC	120	20.87	31.07	24.76	23.30	0.00	0.00
FBC	121	23.30	27.18	25.49	24.03	0.00	0.00
FBC	122	25.49	27.67	25.49	21.36	0.00	0.00
FBC	123	24.76	28.40	25.97	20.87	0.00	0.00
FBC	124	23.30	29.61	21.60	25.49	0.00	0.00
FBC	125	25.49	27.67	21.84	25.00	0.00	0.00
FBC	126	22.57	23.54	29.37	24.51	0.00	0.00
FBC	127	29.13	22.82	25.49	22.57	0.00	0.00
FBC	128	26.46	24.76	25.97	22.82	0.00	0.00
FBC	129	26.94	20.63	27.18	25.24	0.00	0.00
FBC	130	27.43	24.76	23.54	24.27	0.00	0.00
FBC	131	29.37	28.16	24.27	18.20	0.00	0.00
FBC	132	25.73	25.00	25.73	23.54	0.00	0.00
FBC	133	22.09	26.46	26.70	24.76	0.00	0.00
FBC	134	27.91	25.24	21.60	25.24	0.00	0.00
FBC	135	28.16	26.70	25.24	19.90	0.00	0.00
FBC	136	25.00	25.97	27.18	21.84	0.00	0.00
FBC	137	22.82	24.76	29.85	22.57	0.00	0.00
FBC	138	22.33	29.61	22.57	25.49	0.00	0.00
FBC	139	21.84	26.94	27.43	23.79	0.00	0.00
FBC	140	27.91	28.88	24.51	18.69	0.00	0.00
FBC	141	23.30	30.58	22.57	23.54	0.00	0.00
FBC	142	23.36	28.71	25.06	22.87	0.00	0.00
FBC	143	25.92	26.65	22.74	24.69	0.00	0.00
FBC	144	26.29	24.82	24.82	24.08	0.00	0.00
FBC	145	25.00	24.01	27.23	23.76	0.00	0.00
FBC	146	19.45	27.43	29.43	23.69	0.00	0.00
FBC	147	24.69	23.44	30.17	21.70	0.00	0.00
FBC	148	24.00	26.75	27.25	22.00	0.00	0.00
FBC	149	24.30	24.30	24.30	27.09	0.00	0.00
FBC	150	27.42	22.72	25.07	24.80	0.00	0.00
FBC	151	22.54	25.14	29.77	22.54	0.00	0.00
# ACGT raw counters for first fragments. Use `grep ^FTC | cut -f 2-` to extract this part. The columns are: A,C,G,T,N base counters
FTC	15699	16370	15540	14554	4
# ACGT content per cycle for last fragments. Use `grep ^LBC | cut -f 2-` to extract this part. The columns are: cycle; A,C,G,T base counts as a percentage of all A/C/G/T bases [%]; and N and O counts as a percentage of all A/C/G/T bases [%]
LBC	1	23.84	28.22	32.85	15.09	0.49	0.00
LBC	2	20.10	25.91	27.36	26.63	0.00	0.00
LBC	3	23.97	26.63	22.52	26.88	0.00	0.00
LBC	4	29.54	23.49	26.15	20.82	0.00	0.00
LBC	5	25.42	23.49	27.12	23.97	0.00	0.00
LBC	6	29.78	20.58	26.63	23.00	0.00	0.00
LBC	7	25.67	18.89	29.78	25.67	0.00	0.00
LBC	8	21.79	25.67	25.91	26.63	0.00	0.00
LBC	9	22.76	24.94	25.42	26.88	0.00	0.00
LBC	10	26.88	22.28	25.67	25.18	0.00	0.00
LBC	11	25.67	24.94	27.36	22.03	0.00	0.00
LBC	12	21.31	27.60	25.67	25.42	0.00	0.00
LBC	13	22.76	24.46	30.99	21.79	0.00	0.00
LBC	14	20.82	23.73	29.30	26.15	0.00	0.00
LBC	15	22.52	23.49	24.70	29.30	0.00	0.00
LBC	16	23.24	27.36	27.36	22.03	0.00	0.00
LBC	17	28.81	24.21	24.94	22.03	0.00	0.00
LBC	18	27.36	25.42	22.52	24.70	0.00	0.00
LBC	19	22.52	26.63	27.60	23.24	0.00	0.00
LBC	20	23.24	26.15	24.70	25.91	0.00	0.00
LBC	21	23.97	26.39	24.46	25.18	0.00	0.00
LBC	22	23.00	21.79	28.57	26.63	0.00	0.00
LBC	23	25.18	22.03	29.06	23.73	0.00	0.00
LBC	24	27.85	23.97	24.46	23.73	0.00	0.00
LBC	25	21.79	27.60	27.12	23.49	0.00	0.00
LBC	26	24.94	23.97	27.85	23.24	0.00	0.00
LBC	27	21.41	26.28	23.36	28.95	0.49	0.00
LBC	28	23.24	28.81	27.85	20.10	0.00	0.00
LBC	29	25.67	26.63	20.82	26.88	0.00	0.00
LBC	30	20.58	24.70	27.12	27.60	0.00	0.00
LBC	31	21.31	24.21	31.23	23.24	0.00	0.00
LBC	32	26.15	25.42	29.54	18.89	0.00	0.00
LBC	33	24.70	24.94	25.91	24.46	0.00	0.00
LBC	34	19.13	23.97	32.20	24.70	0.00	0.00
LBC	35	25.67	26.88	24.70	22.76	0.00	0.00
LBC	36	23.97	24.21	27.60	24.21	0.00	0.00
LBC	37	22.03	23.24	32.20	22.52	0.00	0.00
LBC	38	21.79	23.97	27.36	26.88	0.00	0.00
LBC	39	20.34	24.21	30.02	25.42	0.00	0.00
LBC	40	23.97	24.70	29.78	21.55	0.00	0.00
LBC	41	25.42	25.91	25.18	23.49	0.00	0.00
LBC	42	28.09	24.70	24.70	22.52	0.00	0.00
LBC	43	22.52	23.24	28.81	25.42	0.00	0.00
LBC	44	27.85	22.28	26.39	23.49	0.00	0.00
LBC	45	22.52	23.00	27.36	27.12	0.00	0.00
LBC	46	22.52	26.39	25.42	25.67	0.00	0.00
LBC	47	22.28	29.54	29.78	18.40	0.00	0.00
LBC	48	27.60	21.31	25.67	25.42	0.00	0.00
LBC	49	16.71	29.54	31.48	22.28	0.00	0.00
LBC	50	25.91	28.09	23.49	22.52	0.00	0.00
LBC	51	27.60	25.91	25.67	20.82	0.00	0.00
LBC	52	22.28	27.85	27.60	22.28	0.00	0.00
LBC	53	28.09	21.55	27.12	23.24	0.00	0.00
LBC	54	25.42	26.39	26.15	22.03	0.00	0.00
LBC	55	19.13	26.15	29.06	25.67	0.00	0.00
LBC	56	24.46	27.60	24.94	23.00	0.00	0.00
LBC	57	25.42	23.97	26.15	24.46	0.00	0.00
LBC	58	22.03	27.60	26.63	23.73	0.00	0.00
LBC	59	24.94	23.73	28.57	22.76	0.00	0.00
LBC	60	22.03	26.15	25.67	26.15	0.00	0.00
LBC	61	23.73	27.60	28.09	20.58	0.00	0.00
LBC	62	27.60	22.28	26.39	23.73	0.00	0.00
LBC	63	25.18	26.15	25.91	22.76	0.00	0.00
LBC	64	26.88	24.21	24.70	24.21	0.00	0.00
LBC	65	29.06	20.58	28.09	22.28	0.00	0.00
LBC	66	26.88	25.18	24.46	23.49	0.00	0.00
LBC	67	27.60	22.76	24.46	25.18	0.00	0.00
LBC	68	25.42	26.39	26.15	22.03	0.00	0.00
LBC	69	29.30	21.07	24.70	24.94	0.00	0.00
LBC	70	24.70	23.24	29.06	23.00	0.00	0.00
LBC	71	23.24	20.82	30.75	25.18	0.00	0.00
LBC	72	25.67	27.60	26.15	20.58	0.00	0.00
LBC	73	24.46	24.94	28.33	22.28	0.00	0.00
LBC	74	20.58	27.60	29.78	22.03	0.00	0.00
LBC	75	21.55	30.51	25.91	22.03	0.00	0.00
LBC	76	25.42	26.88	26.39	21.31	0.00	0.00
LBC	77	23.97	21.79	30.75	23.49	0.00	0.00
LBC	78	27.36	24.46	24.46	23.73	0.00	0.00
LBC	79	20.34	28.09	26.39	25.18	0.00	0.00
LBC	80	19.61	30.99	25.42	23.97	0.00	0.00
LBC	81	26.63	22.28	25.67	25.42	0.00	0.00
LBC	82	21.07	26.63	31.23	21.07	0.00	0.00
LBC	83	26.88	28.57	24.70	19.85	0.00	0.00
LBC	84	25.18	29.54	21.79	23.49	0.00	0.00
LBC	85	24.94	24.70	29.78	20.58	0.00	0.00
LBC	86	28.33	21.79	28.09	21.79	0.00	0.00
LBC	87	22.76	25.18	28.33	23.73	0.00	0.00
LBC	88	23.97	24.46	29.30	22.28	0.00	0.00
LBC	89	19.61	24.70	32.20	23.49	0.00	0.00
LBC	90	25.42	27.85	24.70	22.03	0.00	0.00
LBC	91	26.15	24.46	25.67	23.73	0.00	0.00
LBC	92	26.39	23.00	26.88	23.73	0.00	0.00
LBC	93	22.03	25.18	29.06	23.73	0.00	0.00
LBC	94	27.60	23.97	24.94	23.49	0.00	0.00
LBC	95	24.21	24.70	29.54	21.55	0.00	0.00
LBC	96	30.99	22.76	23.97	22.28	0.00	0.00
LBC	97	26.15	24.70	26.63	22.52	0.00	0.00
LBC	98	25.67	26.15	28.09	20.10	0.00	0.00
LBC	99	24.94	25.42	25.67	23.97	0.00	0.00
LBC	100	22.52	21.79	29.30	26.39	0.00	0.00
LBC	101	23.24	28.09	22.76	25.91	0.00	0.00
LBC	102	23.54	24.03	28.16	24.27	0.00	0.00
LBC	103	23.30	26.70	26.21	23.79	0.00	0.00
LBC	104	19.66	24.76	29.37	26.21	0.00	0.00
LBC	105	19.66	21.12	30.83	28.40	0.00	0.00
LBC	106	23.79	24.76	33.01	18.45	0.00	0.00
LBC	107	25.79	25.79	25.30	23.11	0.00	0.00
LBC	108	23.60	27.25	24.57	24.57	0.00	0.00
LBC	109	24.39	22.44	28.78	24.39	0.00	0.00
LBC	110	23.53	24.51	30.39	21.57	0.49	0.00
LBC	111	20.29	24.94	28.61	26.16	0.00	0.00
LBC	112	23.53	27.70	25.25	23.53	0.00	0.00
LBC	113	26.85	23.89	28.08	21.18	0.00	0.00
LBC	114	23.15	25.86	29.06	21.92	0.00	0.00
LBC	115	20.44	27.83	27.59	24.14	0.00	0.00
LBC	116	26.11	30.05	22.66	21.18	0.00	0.00
LBC	117	23.89	22.17	27.34	26.60	0.00	0.00
LBC	118	26.17	24.94	26.67	22.22	0.00	0.00
LBC	119	21.78	26.98	28.22	23.02	0.00	0.00
LBC	120	24.32	22.33	34.24	19.11	0.00	0.00
LBC	121	24.81	26.30	26.80	22.08	0.00	0.00
LBC	122	23.88	24.38	25.62	26.12	0.00	0.00
LBC	123	25.87	19.90	31.34	22.89	0.00	0.00
LBC	124	25.37	25.62	23.88	25.12	0.00	0.00
LBC	125	25.12	23.13	27.86	23.88	0.00	0.00
LBC	126	23.19	25.94	29.93	20.95	0.00	0.00
LBC	127	21.25	28.00	28.50	22.25	0.00	0.00
LBC	128	23.25	27.25	25.25	24.25	0.00	0.00
LBC	129	22.86	22.61	28.14	26.38	0.00	0.00
LBC	130	22.11	24.87	30.90	22.11	0.00	0.00
LBC	131	22.42	27.71	27.71	22.17	0.00	0.00
LBC	132	25.19	23.17	29.22	22.42	0.00	0.00
LBC	133	24.24	22.22	32.32	21.21	0.00	0.00
LBC	134	25.82	22.03	28.86	23.29	0.00	0.00
LBC	135	26.90	24.11	28.43	20.56	0.00	0.00
LBC	136	25.13	24.37	27.41	23.10	0.00	0.00
LBC	137	24.62	22.59	29.44	23.35	0.00	0.00
LBC	138	26.15	22.31	25.13	26.41	0.00	0.00
LBC	139	23.65	22.62	26.99	26.74	0.00	0.00
LBC	140	25.71	23.14	30.59	20.57	0.00	0.00
LBC	141	22.62	24.68	29.56	23.14	0.00	0.00
LBC	142	25.19	26.99	23.39	24.42	0.00	0.00
LBC	143	24.48	23.97	30.15	21.39	0.00	0.00
LBC	144	24.94	26.23	28.31	20.52	0.00	0.00
LBC	145	27.60	29.17	26.30	16.93	0.00	0.00
LBC	146	25.59	21.15	31.33	21.93	0.00	0.00
LBC	147	24.15	25.98	25.72	24.15	0.00	0.00
LBC	148	22.43	22.69	26.91	27.97	0.00	0.00
LBC	149	26.78	22.13	28.42	22.68	0.00	0.00
LBC	150	25.36	23.63	27.09	23.92	0.00	0.00
LBC	151	19.93	30.07	31.82	18.18	0.00	0.00
# ACGT raw counters for last fragments. Use `grep ^LTC | cut -f 2-` to extract this part. The columns are: A,C,G,T,N base counters
LTC	14911	15346	16823	14408	6
# Insert sizes. Use `grep ^IS | cut -f 2-` to extract this part. The columns are: insert size, pairs total, inward oriented pairs, outward oriented pairs, other pairs
IS	0	0	0	0	0
IS	1	0	0	0	0
IS	2	0	0	0	0
IS	3	0	0	0	0
IS	4	0	0	0	0
IS	5	0	0	0	0
IS	6	0	0	0	0
IS	7	0	0	0	0
IS	8	0	0	0	0
IS	9	0	0	0	0
IS	10	0	0	0	0
IS	11	0	0	0	0
IS	12	0	0	0	0
IS	13	0	0	0	0
IS	14	0	0	0	0
IS	15	0	0	0	0
IS	16	0	0	0	0
IS	17	0	0	0	0
IS	18	0	0	0	0
IS	19	0	0	0	0
IS	20	0	0	0	0
IS	21	0	0	0	0
IS	22	0	0	0	0
IS	23	0	0	0	0
IS	24	0	0	0	0
IS	25	0	0	0	0
IS	26	0	0	0	0
IS	27	0	0	0	0
IS	28	0	0	0	0
IS	29	0	0	0	0
IS	30	0	0	0	0
IS	31	0	0	0	0
IS	32	0	0	0	0
IS	33	0	0	0	0
IS	34	0	0	0	0
IS	35	0	0	0	0
IS	36	0	0	0	0
IS	37	0	0	0	0
IS	38	0	0	0	0
IS	39	0	0	0	0
IS	40	0	0	0	0
IS	41	0	0	0	0
IS	42	0	0	0	0
IS	43	0	0	0	0
IS	44	0	0	0	0
IS	45	0	0	0	0
IS	46	0	0	0	0
IS	47	0	0	0	0
IS	48	0	0	0	0
IS	49	0	0	0	0
IS	50	0	0	0	0
IS	51	0	0	0	0
IS	52	0	0	0	0
IS	53	0	0	0	0
IS	54	0	0	0	0
IS	55	0	0	0	0
IS	56	0	0	0	0
IS	57	0	0	0	0
IS	58	0	0	0	0
IS	59	0	0	0	0
IS	60	0	0	0	0
IS	61	0	0	0	0
IS	62	0	0	0	0
IS	63	0	0	0	0
IS	64	0	0	0	0
IS	65	0	0	0	0
IS	66	0	0	0	0
IS	67	0	0	0	0
IS	68	0	0	0	0
IS	69	0	0	0	0
IS	70	0	0	0	0
IS	71	0	0	0	0
IS	72	0	0	0	0
IS	73	0	0	0	0
IS	74	0	0	0	0
IS	75	0	0	0	0
IS	76	0	0	0	0
IS	77	0	0	0	0
IS	78	0	0	0	0
IS	79	0	0	0	0
IS	80	0	0	0	0
IS	81	0	0	0	0
IS	82	0	0	0	0
IS	83	0	0	0	0
IS	84	0	0	0	0
IS	85	0	0	0	0
IS	86	0	0	0	0
IS	87	0	0	0	0
IS	88	0	0	0	0
IS	89	0	0	0	0
IS	90	0	0	0	0
IS	91	0	0	0	0
IS	92	0	0	0	0
IS	93	0	0	0	0
IS	94	0	0	0	0
IS	95	0	0	0	0
IS	96	0	0	0	0
IS	97	0	0	0	0
IS	98	0	0	0	0
IS	99	0	0	0	0
IS	100	0	0	0	0
IS	101	0	0	0	0
IS	102	0	0	0	0
IS	103	0	0	0	0
IS	104	0	0	0	0
IS	105	0	0	0	0
IS	106	0	0	0	0
IS	107	0	0	0	0
IS	108	0	0	0	0
IS	109	0	0	0	0
IS	110	0	0	0	0
IS	111	0	0	0	0
IS	112	0	0	0	0
IS	113	0	0	0	0
IS	114	0	0	0	0
IS	115	0	0	0	0
IS	116	0	0	0	0
IS	117	0	0	0	0
IS	118	0	0	0	0
IS	119	0	0	0	0
IS	120	0	0	0	0
IS	121	0	0	0	0
IS	122	0	0	0	0
IS	123	0	0	0	0
IS	124	0	0	0	0
IS	125	0	0	0	0
IS	126	0	0	0	0
IS	127	0	0	0	0
IS	128	0	0	0	0
IS	129	0	0	0	0
IS	130	0	0	0	0
IS	131	0	0	0	0
IS	132	0	0	0	0
IS	133	0	0	0	0
IS	134	0	0	0	0
IS	135	0	0	0	0
IS	136	0	0	0	0
IS	137	0	0	0	0
IS	138	0	0	0	0
IS	139	0	0	0	0
IS	140	0	0	0	0
IS	141	0	0	0	0
IS	142	0	0	0	0
IS	143	0	0	0	0
IS	144	0	0	0	0
IS	145	0	0	0	0
IS	146	0	0	0	0
IS	147	0	0	0	0
IS	148	0	0	0	0
IS	149	0	0	0	0
IS	150	0	0	0	0
IS	151	0	0	0	0
IS	152	0	0	0	0
IS	153	0	0	0	0
IS	154	0	0	0	0
IS	155	0	0	0	0
IS	156	0	0	0	0
IS	157	0	0	0	0
IS	158	0	0	0	0
IS	159	0	0	0	0
IS	160	0	0	0	0
IS	161	0	0	0	0
IS	162	0	0	0	0
IS	163	0	0	0	0
IS	164	0	0	0	0
IS	165	0	0	0	0
IS	166	0	0	0	0
IS	167	0	0	0	0
IS	168	0	0	0	0
IS	169	0	0	0	0
IS	170	0	0	0	0
IS	171	0	0	0	0
IS	172	0	0	0	0
IS	173	0	0	0	0
IS	174	0	0	0	0
IS	175	0	0	0	0
IS	176	0	0	0	0
IS	177	0	0	0	0
IS	178	0	0	0	0
IS	179	0	0	0	0
IS	180	0	0	0	0
IS	181	0	0	0	0
IS	182	0	0	0	0
IS	183	0	0	0	0
IS	184	0	0	0	0
IS	185	0	0	0	0
IS	186	0	0	0	0
IS	187	0	0	0	0
IS	188	0	0	0	0
IS	189	0	0	0	0
IS	190	1	1	0	0
IS	191	0	0	0	0
IS	192	0	0	0	0
IS	193	0	0	0	0
IS	194	0	0	0	0
IS	195	0	0	0	0
IS	196	0	0	0	0
IS	197	0	0	0	0
IS	198	0	0	0	0
IS	199	0	0	0	0
IS	200	0	0	0	0
IS	201	0	0	0	0
IS	202	0	0	0	0
IS	203	0	0	0	0
IS	204	0	0	0	0
IS	205	0	0	0	0
IS	206	1	1	0	0
IS	207	0	0	0	0
IS	208	0	0	0	0
IS	209	0	0	0	0
IS	210	0	0	0	0
IS	211	0	0	0	0
IS	212	0	0	0	0
IS	213	0	0	0	0
IS	214	0	0	0	0
IS	215	0	0	0	0
IS	216	0	0	0	0
IS	217	0	0	0	0
IS	218	0	0	0	0
IS	219	0	0	0	0
IS	220	0	0	0	0
IS	221	0	0	0	0
IS	222	0	0	0	0
IS	223	0	0	0	0
IS	224	0	0	0	0
IS	225	0	0	0	0
IS	226	0	0	0	0
IS	227	0	0	0	0
IS	228	0	0	0	0
IS	229	0	0	0	0
IS	230	0	0	0	0
IS	231	1	1	0	0
IS	232	1	1	0	0
IS	233	0	0	0	0
IS	234	1	1	0	0
IS	235	0	0	0	0
IS	236	0	0	0	0
IS	237	0	0	0	0
IS	238	0	0	0	0
IS	239	0	0	0	0
IS	240	0	0	0	0
IS	241	0	0	0	0
IS	242	0	0	0	0
IS	243	0	0	0	0
IS	244	0	0	0	0
IS	245	0	0	0	0
IS	246	0	0	0	0
IS	247	0	0	0	0
IS	248	0	0	0	0
IS	249	0	0	0	0
IS	250	0	0	0	0
IS	251	0	0	0	0
IS	252	0	0	0	0
IS	253	1	1	0	0
IS	254	1	1	0	0
IS	255	0	0	0	0
IS	256	1	1	0	0
IS	257	1	1	0	0
IS	258	0	0	0	0
IS	259	0	0	0	0
IS	260	1	1	0	0
IS	261	0	0	0	0
IS	262	0	0	0	0
IS	263	0	0	0	0
IS	264	0	0	0	0
IS	265	0	0	0	0
IS	266	0	0	0	0
IS	267	0	0	0	0
IS	268	0	0	0	0
IS	269	0	0	0	0
IS	270	0	0	0	0
IS	271	0	0	0	0
IS	272	0	0	0	0
IS	273	0	0	0	0
IS	274	0	0	0	0
IS	275	0	0	0	0
IS	276	0	0	0	0
IS	277	0	0	0	0
IS	278	0	0	0	0
IS	279	1	1	0	0
IS	280	0	0	0	0
IS	281	0	0	0	0
IS	282	0	0	0	0
IS	283	0	0	0	0
IS	284	0	0	0	0
IS	285	0	0	0	0
IS	286	0	0	0	0
IS	287	0	0	0	0
IS	288	0	0	0	0
IS	289	0	0	0	0
IS	290	0	0	0	0
IS	291	1	1	0	0
IS	292	0	0	0	0
IS	293	0	0	0	0
IS	294	0	0	0	0
IS	295	0	0	0	0
IS	296	0	0	0	0
IS	297	0	0	0	0
IS	298	0	0	0	0
IS	299	0	0	0	0
IS	300	0	0	0	0
IS	301	0	0	0	0
IS	302	1	1	0	0
IS	303	0	0	0	0
IS	304	0	0	0	0
IS	305	1	1	0	0
IS	306	1	1	0	0
IS	307	0	0	0	0
IS	308	0	0	0	0
IS	309	0	0	0	0
IS	310	0	0	0	0
IS	311	0	0	0	0
IS	312	0	0	0	0
IS	313	0	0	0	0
IS	314	0	0	0	0
IS	315	0	0	0	0
IS	316	0	0	0	0
IS	317	0	0	0	0
IS	318	1	1	0	0
IS	319	1	1	0	0
IS	320	0	0	0	0
IS	321	0	0	0	0
IS	322	0	0	0	0
IS	323	0	0	0	0
IS	324	0	0	0	0
IS	325	0	0	0	0
IS	326	0	0	0	0
IS	327	0	0	0	0
IS	328	0	0	0	0
IS	329	0	0	0	0
IS	330	0	0	0	0
IS	331	0	0	0	0
IS	332	0	0	0	0
IS	333	0	0	0	0
IS	334	0	0	0	0
IS	335	0	0	0	0
IS	336	4	4	0	0
IS	337	0	0	0	0
IS	338	0	0	0	0
IS	339	0	0	0	0
IS	340	0	0	0	0
IS	341	1	1	0	0
IS	342	0	0	0	0
IS	343	1	1	0	0
IS	344	0	0	0	0
IS	345	0	0	0	0
IS	346	0	0	0	0
IS	347	1	1	0	0
IS	348	0	0	0	0
IS	349	0	0	0	0
IS	350	0	0	0	0
IS	351	0	0	0	0
IS	352	0	0	0	0
IS	353	0	0	0	0
IS	354	0	0	0	0
IS	355	1	1	0	0
IS	356	0	0	0	0
IS	357	0	0	0	0
IS	358	0	0	0	0
IS	359	1	1	0	0
IS	360	0	0	0	0
IS	361	0	0	0	0
IS	362	0	0	0	0
IS	363	0	0	0	0
IS	364	1	1	0	0
IS	365	0	0	0	0
IS	366	1	1	0	0
IS	367	0	0	0	0
IS	368	0	0	0	0
IS	369	0	0	0	0
IS	370	0	0	0	0
IS	371	0	0	0	0
IS	372	0	0	0	0
IS	373	2	2	0	0
IS	374	0	0	0	0
IS	375	0	0	0	0
IS	376	0	0	0	0
IS	377	0	0	0	0
IS	378	0	0	0	0
IS	379	0	0	0	0
IS	380	1	1	0	0
IS	381	0	0	0	0
IS	382	1	1	0	0
IS	383	0	0	0	0
IS	384	2	2	0	0
IS	385	2	2	0	0
IS	386	0	0	0	0
IS	387	0	0	0	0
IS	388	0	0	0	0
IS	389	0	0	0	0
IS	390	0	0	0	0
IS	391	1	1	0	0
IS	392	0	0	0	0
IS	393	0	0	0	0
IS	394	2	2	0	0
IS	395	2	2	0	0
IS	396	1	1	0	0
IS	397	2	2	0	0
IS	398	0	0	0	0
IS	399	0	0	0	0
IS	400	0	0	0	0
IS	401	0	0	0	0
IS	402	0	0	0	0
IS	403	0	0	0	0
IS	404	0	0	0	0
IS	405	1	1	0	0
IS	406	0	0	0	0
IS	407	1	1	0	0
IS	408	0	0	0	0
IS	409	0	0	0	0
IS	410	0	0	0	0
IS	411	0	0	0	0
IS	412	0	0	0	0
IS	413	0	0	0	0
IS	414	1	1	0	0
IS	415	0	0	0	0
IS	416	0	0	0	0
IS	417	0	0	0	0
IS	418	0	0	0	0
IS	419	0	0	0	0
IS	420	0	0	0	0
IS	421	0	0	0	0
IS	422	0	0	0	0
IS	423	0	0	0	0
IS	424	0	0	0	0
IS	425	0	0	0	0
IS	426	0	0	0	0
IS	427	0	0	0	0
IS	428	1	1	0	0
IS	429	0	0	0	0
IS	430	0	0	0	0
IS	431	1	1	0	0
IS	432	0	0	0	0
IS	433	1	1	0	0
IS	434	3	3	0	0
IS	435	0	0	0	0
IS	436	0	0	0	0
IS	437	0	0	0	0
IS	438	0	0	0	0
IS	439	0	0	0	0
IS	440	0	0	0	0
IS	441	0	0	0	0
IS	442	0	0	0	0
IS	443	0	0	0	0
IS	444	0	0	0	0
IS	445	0	0	0	0
IS	446	1	1	0	0
IS	447	1	1	0	0
IS	448	0	0	0	0
IS	449	1	1	0	0
IS	450	0	0	0	0
IS	451	0	0	0	0
IS	452	0	0	0	0
IS	453	0	0	0	0
IS	454	0	0	0	0
IS	455	0	0	0	0
IS	456	3	3	0	0
IS	457	0	0	0	0
IS	458	0	0	0	0
IS	459	0	0	0	0
IS	460	0	0	0	0
IS	461	0	0	0	0
IS	462	0	0	0	0
IS	463	0	0	0	0
IS	464	0	0	0	0
IS	465	0	0	0	0
IS	466	0	0	0	0
IS	467	0	0	0	0
IS	468	0	0	0	0
IS	469	2	2	0	0
IS	470	0	0	0	0
IS	471	0	0	0	0
IS	472	0	0	0	0
IS	473	0	0	0	0
IS	474	0	0	0	0
IS	475	0	0	0	0
IS	476	2	2	0	0
IS	477	0	0	0	0
IS	478	0	0	0	0
IS	479	0	0	0	0
IS	480	0	0	0	0
IS	481	0	0	0	0
IS	482	0	0	0	0
IS	483	0	0	0	0
IS	484	0	0	0	0
IS	485	0	0	0	0
IS	486	0	0	0	0
IS	487	1	1	0	0
IS	488	1	1	0	0
# Read lengths. Use `grep ^RL | cut -f 2-` to extract this part. The columns are: read length, count
RL	101	1
RL	106	1
RL	108	1
RL	110	1
RL	111	1
RL	112	2
RL	117	1
RL	118	2
RL	119	1
RL	121	1
RL	125	1
RL	126	1
RL	128	2
RL	130	1
RL	132	1
RL	133	1
RL	134	1
RL	137	4
RL	138	1
RL	141	1
RL	142	3
RL	143	5
RL	144	4
RL	145	4
RL	146	2
RL	147	3
RL	148	18
RL	149	31
RL	150	98
RL	151	632
# Read lengths - first fragments. Use `grep ^FRL | cut -f 2-` to extract this part. The columns are: read length, count
FRL	118	1
FRL	141	1
FRL	142	2
FRL	143	2
FRL	144	3
FRL	145	3
FRL	147	1
FRL	148	5
FRL	149	12
FRL	150	37
FRL	151	346
# Read lengths - last fragments. Use `grep ^LRL | cut -f 2-` to extract this part. The columns are: read length, count
LRL	101	1
LRL	106	1
LRL	108	1
LRL	110	1
LRL	111	1
LRL	112	2
LRL	117	1
LRL	118	1
LRL	119	1
LRL	121	1
LRL	125	1
LRL	126	1
LRL	128	2
LRL	130	1
LRL	132	1
LRL	133	1
LRL	134	1
LRL	137	4
LRL	138	1
LRL	142	1
LRL	143	3
LRL	144	1
LRL	145	1
LRL	146	2
LRL	147	2
LRL	148	13
LRL	149	19
LRL	150	61
LRL	151	286
# Mapping qualities for reads !(UNMAP|SECOND|SUPPL|QCFAIL|DUP). Use `grep ^MAPQ | cut -f 2-` to extract this part. The columns are: mapq, count
MAPQ	0	1
MAPQ	1	2
MAPQ	3	5
MAPQ	8	2
MAPQ	23	8
MAPQ	24	8
MAPQ	40	16
MAPQ	42	92
# Indel distribution. Use `grep ^ID | cut -f 2-` to extract this part. The columns are: length, number of insertions, number of deletions
ID	1	1	1
# Indels per cycle. Use `grep ^IC | cut -f 2-` to extract this part. The columns are: cycle, number of insertions (fwd), .. (rev) , number of deletions (fwd), .. (rev)
IC	40	0	1	0	0
IC	54	0	0	0	1
# Coverage distribution. Use `grep ^COV | cut -f 2-` to extract this part.
COV	[1-1]	1	13735
COV	[2-2]	2	2791
COV	[3-3]	3	300
# GC-depth. Use `grep ^GCD | cut -f 2-` to extract this part. The columns are: GC%, unique sequence percentiles, 10th, 25th, 50th, 75th and 90th depth percentile
GCD	0.0	5.000	0.000	0.000	0.000	0.000	0.000
GCD	0.6	7.500	0.015	0.015	0.015	0.015	0.015
GCD	24.0	10.000	0.007	0.007	0.007	0.007	0.007
GCD	26.0	12.500	0.030	0.030	0.030	0.030	0.030
GCD	27.0	15.000	0.030	0.030	0.030	0.030	0.030
GCD	29.0	22.500	0.015	0.015	0.015	0.015	0.015
GCD	31.0	32.500	0.015	0.015	0.022	0.041	0.045
GCD	32.0	42.500	0.015	0.017	0.026	0.052	0.060
GCD	33.0	50.000	0.015	0.015	0.015	0.030	0.030
GCD	34.0	60.000	0.030	0.030	0.037	0.045	0.045
GCD	35.0	67.500	0.015	0.015	0.015	0.030	0.030
GCD	36.0	70.000	0.015	0.015	0.015	0.015	0.015
GCD	37.0	82.500	0.015	0.015	0.022	0.052	0.060
GCD	38.0	92.500	0.015	0.015	0.030	0.045	0.045
GCD	39.0	100.000	0.015	0.015	0.015	0.022	0.022
