# This file was produced by samtools stats (1.21+htslib-1.21) and can be plotted using plot-bamstats
# This file contains statistics for all reads.
# The command line was:  stats NC.Staphy2.9B_sorted.bam
# CHK, Checksum	[2]Read Names	[3]Sequences	[4]Qualities
# CHK, CRC32 of reads which passed filtering followed by addition (32bit overflow)
CHK	9d80d79a	26941bc9	dbd64fd6
# Summary Numbers. Use `grep ^SN | cut -f 2-` to extract this part.
SN	raw total sequences:	902	# excluding supplementary and secondary reads
SN	filtered sequences:	0
SN	sequences:	902
SN	is sorted:	1
SN	1st fragments:	451
SN	last fragments:	451
SN	reads mapped:	2
SN	reads mapped and paired:	2	# paired-end technology bit set + both mates mapped
SN	reads unmapped:	900
SN	reads properly paired:	2	# proper-pair bit set
SN	reads paired:	902	# paired-end technology bit set
SN	reads duplicated:	0	# PCR or optical duplicate bit set
SN	reads MQ0:	0	# mapped and MQ=0
SN	reads QC failed:	0
SN	non-primary alignments:	0
SN	supplementary alignments:	0
SN	total length:	134603	# ignores clipping
SN	total first fragment length:	67742	# ignores clipping
SN	total last fragment length:	66861	# ignores clipping
SN	bases mapped:	302	# ignores clipping
SN	bases mapped (cigar):	302	# more accurate
SN	bases trimmed:	0
SN	bases duplicated:	0
SN	mismatches:	18	# from NM fields
SN	error rate:	5.960265e-02	# mismatches / bases mapped (cigar)
SN	average length:	149
SN	average first fragment length:	150
SN	average last fragment length:	148
SN	maximum length:	151
SN	maximum first fragment length:	151
SN	maximum last fragment length:	151
SN	average quality:	35.7
SN	insert size average:	340.0
SN	insert size standard deviation:	0.0
SN	inward oriented pairs:	1
SN	outward oriented pairs:	0
SN	pairs with other orientation:	0
SN	pairs on different chromosomes:	0
SN	percentage of properly paired reads (%):	0.2
# First Fragment Qualities. Use `grep ^FFQ | cut -f 2-` to extract this part.
# Columns correspond to qualities and rows to cycles. First column is the cycle number.
FFQ	1	0	0	0	0	0	0	0	0	0	0	0	0	7	0	0	0	0	0	0	0	0	0	0	0	0	0	0	10	0	0	0	0	434	0	0	0	0	0	0	0	0	0	0
FFQ	2	0	0	0	0	0	0	0	0	0	0	0	0	11	0	0	0	0	0	0	0	0	0	0	0	0	0	0	13	0	0	0	0	427	0	0	0	0	0	0	0	0	0	0
FFQ	3	0	0	0	0	0	0	0	0	0	0	0	0	14	0	0	0	0	0	0	0	0	0	0	0	0	0	0	10	0	0	0	0	107	0	0	0	0	320	0	0	0	0	0
FFQ	4	0	0	0	0	0	0	0	0	0	0	0	0	9	0	0	0	0	0	0	0	0	0	1	0	0	0	0	10	0	0	0	0	42	0	0	0	0	389	0	0	0	0	0
FFQ	5	0	0	0	0	0	0	0	0	0	0	0	0	6	0	0	0	0	0	0	0	0	0	1	0	0	0	0	9	0	0	0	0	23	0	0	0	0	412	0	0	0	0	0
FFQ	6	0	0	0	0	0	0	0	0	0	0	0	0	4	0	0	0	0	0	0	0	0	0	3	0	0	0	0	3	0	0	0	0	30	0	0	0	0	45	0	0	0	366	0
FFQ	7	0	0	0	0	0	0	0	0	0	0	0	0	8	0	0	0	0	0	0	0	0	0	1	0	0	0	0	6	0	0	0	0	16	0	0	0	0	52	0	0	0	368	0
FFQ	8	0	0	0	0	0	0	0	0	0	0	0	0	4	0	0	0	0	0	0	0	0	0	4	0	0	0	0	7	0	0	0	0	19	0	0	0	0	33	0	0	0	384	0
FFQ	9	0	0	0	0	0	0	0	0	0	0	0	0	5	0	0	0	0	0	0	0	0	0	0	0	0	0	0	6	0	0	0	0	14	0	0	0	0	45	0	0	0	381	0
FFQ	10	0	0	0	0	0	0	0	0	0	0	0	0	3	0	0	0	0	0	0	0	0	0	3	0	0	0	0	5	0	0	0	0	15	0	0	0	0	43	0	0	0	382	0
FFQ	11	0	0	0	0	0	0	0	0	0	0	0	0	3	0	0	0	0	0	0	0	0	0	0	0	0	0	0	6	0	0	0	0	15	0	0	0	0	40	0	0	0	387	0
FFQ	12	0	0	0	0	0	0	0	0	0	0	0	0	4	0	0	0	0	0	0	0	0	0	4	0	0	0	0	4	0	0	0	0	13	0	0	0	0	42	0	0	0	384	0
FFQ	13	0	0	0	0	0	0	0	0	0	0	0	0	4	0	0	0	0	0	0	0	0	0	3	0	0	0	0	3	0	0	0	0	14	0	0	0	0	36	0	0	0	391	0
FFQ	14	0	0	0	0	0	0	0	0	0	0	0	0	1	0	0	0	0	0	0	0	0	0	4	0	0	0	0	5	0	0	0	0	21	0	0	0	0	38	0	0	0	382	0
FFQ	15	0	0	0	0	0	0	0	0	0	0	0	0	4	0	0	0	0	0	0	0	0	0	4	0	0	0	0	10	0	0	0	0	11	0	0	0	0	38	0	0	0	384	0
FFQ	16	0	0	0	0	0	0	0	0	0	0	0	0	7	0	0	0	0	0	0	0	0	0	4	0	0	0	0	4	0	0	0	0	19	0	0	0	0	29	0	0	0	388	0
FFQ	17	0	0	0	0	0	0	0	0	0	0	0	0	4	0	0	0	0	0	0	0	0	0	4	0	0	0	0	6	0	0	0	0	20	0	0	0	0	37	0	0	0	380	0
FFQ	18	0	0	0	0	0	0	0	0	0	0	0	0	1	0	0	0	0	0	0	0	0	0	3	0	0	0	0	8	0	0	0	0	14	0	0	0	0	42	0	0	0	383	0
FFQ	19	0	0	0	0	0	0	0	0	0	0	0	0	2	0	0	0	0	0	0	0	0	0	7	0	0	0	0	7	0	0	0	0	16	0	0	0	0	40	0	0	0	379	0
FFQ	20	0	0	0	0	0	0	0	0	0	0	0	0	5	0	0	0	0	0	0	0	0	0	2	0	0	0	0	7	0	0	0	0	17	0	0	0	0	43	0	0	0	377	0
FFQ	21	0	0	0	0	0	0	0	0	0	0	0	0	5	0	0	0	0	0	0	0	0	0	3	0	0	0	0	9	0	0	0	0	21	0	0	0	0	37	0	0	0	376	0
FFQ	22	0	0	0	0	0	0	0	0	0	0	0	0	6	0	0	0	0	0	0	0	0	0	3	0	0	0	0	12	0	0	0	0	19	0	0	0	0	45	0	0	0	366	0
FFQ	23	0	0	0	0	0	0	0	0	0	0	0	0	3	0	0	0	0	0	0	0	0	0	5	0	0	0	0	8	0	0	0	0	12	0	0	0	0	48	0	0	0	375	0
FFQ	24	0	0	0	0	0	0	0	0	0	0	0	0	7	0	0	0	0	0	0	0	0	0	5	0	0	0	0	7	0	0	0	0	19	0	0	0	0	36	0	0	0	377	0
FFQ	25	0	0	0	0	0	0	0	0	0	0	0	0	12	0	0	0	0	0	0	0	0	0	6	0	0	0	0	11	0	0	0	0	19	0	0	0	0	40	0	0	0	363	0
FFQ	26	0	0	0	0	0	0	0	0	0	0	0	0	7	0	0	0	0	0	0	0	0	0	6	0	0	0	0	13	0	0	0	0	19	0	0	0	0	46	0	0	0	360	0
FFQ	27	0	0	0	0	0	0	0	0	0	0	0	0	10	0	0	0	0	0	0	0	0	0	9	0	0	0	0	7	0	0	0	0	12	0	0	0	0	40	0	0	0	373	0
FFQ	28	0	0	0	0	0	0	0	0	0	0	0	0	5	0	0	0	0	0	0	0	0	0	4	0	0	0	0	13	0	0	0	0	19	0	0	0	0	47	0	0	0	363	0
FFQ	29	0	0	0	0	0	0	0	0	0	0	0	0	17	0	0	0	0	0	0	0	0	0	5	0	0	0	0	10	0	0	0	0	16	0	0	0	0	41	0	0	0	362	0
FFQ	30	0	0	0	0	0	0	0	0	0	0	0	0	10	0	0	0	0	0	0	0	0	0	9	0	0	0	0	10	0	0	0	0	32	0	0	0	0	44	0	0	0	346	0
FFQ	31	0	0	0	0	0	0	0	0	0	0	0	0	7	0	0	0	0	0	0	0	0	0	10	0	0	0	0	9	0	0	0	0	11	0	0	0	0	53	0	0	0	361	0
FFQ	32	0	0	0	0	0	0	0	0	0	0	0	0	15	0	0	0	0	0	0	0	0	0	5	0	0	0	0	9	0	0	0	0	12	0	0	0	0	59	0	0	0	351	0
FFQ	33	0	0	0	0	0	0	0	0	0	0	0	0	7	0	0	0	0	0	0	0	0	0	12	0	0	0	0	11	0	0	0	0	12	0	0	0	0	51	0	0	0	358	0
FFQ	34	0	0	0	0	0	0	0	0	0	0	0	0	14	0	0	0	0	0	0	0	0	0	8	0	0	0	0	13	0	0	0	0	19	0	0	0	0	44	0	0	0	353	0
FFQ	35	0	0	0	0	0	0	0	0	0	0	0	0	13	0	0	0	0	0	0	0	0	0	4	0	0	0	0	16	0	0	0	0	22	0	0	0	0	52	0	0	0	344	0
FFQ	36	0	0	0	0	0	0	0	0	0	0	0	0	16	0	0	0	0	0	0	0	0	0	7	0	0	0	0	12	0	0	0	0	16	0	0	0	0	44	0	0	0	356	0
FFQ	37	0	0	0	0	0	0	0	0	0	0	0	0	10	0	0	0	0	0	0	0	0	0	11	0	0	0	0	15	0	0	0	0	12	0	0	0	0	37	0	0	0	366	0
FFQ	38	0	0	0	0	0	0	0	0	0	0	0	0	18	0	0	0	0	0	0	0	0	0	13	0	0	0	0	8	0	0	0	0	17	0	0	0	0	36	0	0	0	359	0
FFQ	39	0	0	0	0	0	0	0	0	0	0	0	0	16	0	0	0	0	0	0	0	0	0	9	0	0	0	0	15	0	0	0	0	15	0	0	0	0	40	0	0	0	356	0
FFQ	40	0	0	0	0	0	0	0	0	0	0	0	0	25	0	0	0	0	0	0	0	0	0	13	0	0	0	0	9	0	0	0	0	17	0	0	0	0	41	0	0	0	346	0
FFQ	41	0	0	0	0	0	0	0	0	0	0	0	0	13	0	0	0	0	0	0	0	0	0	12	0	0	0	0	16	0	0	0	0	16	0	0	0	0	52	0	0	0	342	0
FFQ	42	0	0	0	0	0	0	0	0	0	0	0	0	18	0	0	0	0	0	0	0	0	0	5	0	0	0	0	14	0	0	0	0	21	0	0	0	0	46	0	0	0	347	0
FFQ	43	0	0	0	0	0	0	0	0	0	0	0	0	13	0	0	0	0	0	0	0	0	0	11	0	0	0	0	16	0	0	0	0	16	0	0	0	0	49	0	0	0	346	0
FFQ	44	0	0	0	0	0	0	0	0	0	0	0	0	18	0	0	0	0	0	0	0	0	0	9	0	0	0	0	11	0	0	0	0	19	0	0	0	0	53	0	0	0	341	0
FFQ	45	0	0	0	0	0	0	0	0	0	0	0	0	15	0	0	0	0	0	0	0	0	0	14	0	0	0	0	10	0	0	0	0	14	0	0	0	0	59	0	0	0	339	0
FFQ	46	0	0	1	0	0	0	0	0	0	0	0	0	15	0	0	0	0	0	0	0	0	0	10	0	0	0	0	17	0	0	0	0	16	0	0	0	0	53	0	0	0	339	0
FFQ	47	0	0	0	0	0	0	0	0	0	0	0	0	18	0	0	0	0	0	0	0	0	0	9	0	0	0	0	14	0	0	0	0	13	0	0	0	0	55	0	0	0	342	0
FFQ	48	0	0	0	0	0	0	0	0	0	0	0	0	18	0	0	0	0	0	0	0	0	0	21	0	0	0	0	13	0	0	0	0	11	0	0	0	0	47	0	0	0	341	0
FFQ	49	0	0	0	0	0	0	0	0	0	0	0	0	22	0	0	0	0	0	0	0	0	0	9	0	0	0	0	17	0	0	0	0	11	0	0	0	0	56	0	0	0	336	0
FFQ	50	0	0	0	0	0	0	0	0	0	0	0	0	22	0	0	0	0	0	0	0	0	0	11	0	0	0	0	10	0	0	0	0	26	0	0	0	0	48	0	0	0	334	0
FFQ	51	0	0	0	0	0	0	0	0	0	0	0	0	20	0	0	0	0	0	0	0	0	0	12	0	0	0	0	13	0	0	0	0	14	0	0	0	0	53	0	0	0	339	0
FFQ	52	0	0	0	0	0	0	0	0	0	0	0	0	21	0	0	0	0	0	0	0	0	0	10	0	0	0	0	13	0	0	0	0	19	0	0	0	0	64	0	0	0	324	0
FFQ	53	0	0	0	0	0	0	0	0	0	0	0	0	26	0	0	0	0	0	0	0	0	0	8	0	0	0	0	21	0	0	0	0	12	0	0	0	0	56	0	0	0	328	0
FFQ	54	0	0	0	0	0	0	0	0	0	0	0	0	22	0	0	0	0	0	0	0	0	0	14	0	0	0	0	16	0	0	0	0	22	0	0	0	0	54	0	0	0	323	0
FFQ	55	0	0	0	0	0	0	0	0	0	0	0	0	18	0	0	0	0	0	0	0	0	0	13	0	0	0	0	15	0	0	0	0	22	0	0	0	0	48	0	0	0	335	0
FFQ	56	0	0	0	0	0	0	0	0	0	0	0	0	21	0	0	0	0	0	0	0	0	0	12	0	0	0	0	14	0	0	0	0	10	0	0	0	0	66	0	0	0	328	0
FFQ	57	0	0	0	0	0	0	0	0	0	0	0	0	24	0	0	0	0	0	0	0	0	0	13	0	0	0	0	20	0	0	0	0	17	0	0	0	0	47	0	0	0	330	0
FFQ	58	0	0	0	0	0	0	0	0	0	0	0	0	29	0	0	0	0	0	0	0	0	0	12	0	0	0	0	19	0	0	0	0	21	0	0	0	0	58	0	0	0	312	0
FFQ	59	0	0	0	0	0	0	0	0	0	0	0	0	21	0	0	0	0	0	0	0	0	0	11	0	0	0	0	23	0	0	0	0	18	0	0	0	0	57	0	0	0	321	0
FFQ	60	0	0	0	0	0	0	0	0	0	0	0	0	16	0	0	0	0	0	0	0	0	0	17	0	0	0	0	10	0	0	0	0	17	0	0	0	0	65	0	0	0	326	0
FFQ	61	0	0	0	0	0	0	0	0	0	0	0	0	20	0	0	0	0	0	0	0	0	0	13	0	0	0	0	16	0	0	0	0	8	0	0	0	0	53	0	0	0	341	0
FFQ	62	0	0	0	0	0	0	0	0	0	0	0	0	25	0	0	0	0	0	0	0	0	0	13	0	0	0	0	14	0	0	0	0	19	0	0	0	0	54	0	0	0	326	0
FFQ	63	0	0	0	0	0	0	0	0	0	0	0	0	21	0	0	0	0	0	0	0	0	0	17	0	0	0	0	13	0	0	0	0	17	0	0	0	0	55	0	0	0	328	0
FFQ	64	0	0	0	0	0	0	0	0	0	0	0	0	22	0	0	0	0	0	0	0	0	0	13	0	0	0	0	15	0	0	0	0	23	0	0	0	0	52	0	0	0	326	0
FFQ	65	0	0	0	0	0	0	0	0	0	0	0	0	25	0	0	0	0	0	0	0	0	0	10	0	0	0	0	12	0	0	0	0	33	0	0	0	0	50	0	0	0	321	0
FFQ	66	0	0	0	0	0	0	0	0	0	0	0	0	22	0	0	0	0	0	0	0	0	0	20	0	0	0	0	18	0	0	0	0	18	0	0	0	0	49	0	0	0	324	0
FFQ	67	0	0	0	0	0	0	0	0	0	0	0	0	32	0	0	0	0	0	0	0	0	0	13	0	0	0	0	24	0	0	0	0	18	0	0	0	0	42	0	0	0	322	0
FFQ	68	0	0	0	0	0	0	0	0	0	0	0	0	32	0	0	0	0	0	0	0	0	0	16	0	0	0	0	18	0	0	0	0	23	0	0	0	0	60	0	0	0	302	0
FFQ	69	0	0	0	0	0	0	0	0	0	0	0	0	22	0	0	0	0	0	0	0	0	0	13	0	0	0	0	23	0	0	0	0	27	0	0	0	0	56	0	0	0	310	0
FFQ	70	0	0	0	0	0	0	0	0	0	0	0	0	30	0	0	0	0	0	0	0	0	0	16	0	0	0	0	11	0	0	0	0	30	0	0	0	0	50	0	0	0	314	0
FFQ	71	0	0	0	0	0	0	0	0	0	0	0	0	20	0	0	0	0	0	0	0	0	0	23	0	0	0	0	15	0	0	0	0	21	0	0	0	0	59	0	0	0	313	0
FFQ	72	0	0	0	0	0	0	0	0	0	0	0	0	32	0	0	0	0	0	0	0	0	0	10	0	0	0	0	14	0	0	0	0	25	0	0	0	0	52	0	0	0	318	0
FFQ	73	0	0	0	0	0	0	0	0	0	0	0	0	24	0	0	0	0	0	0	0	0	0	17	0	0	0	0	14	0	0	0	0	19	0	0	0	0	50	0	0	0	327	0
FFQ	74	0	0	0	0	0	0	0	0	0	0	0	0	32	0	0	0	0	0	0	0	0	0	24	0	0	0	0	14	0	0	0	0	16	0	0	0	0	45	0	0	0	320	0
FFQ	75	0	0	0	0	0	0	0	0	0	0	0	0	33	0	0	0	0	0	0	0	0	0	14	0	0	0	0	18	0	0	0	0	27	0	0	0	0	48	0	0	0	311	0
FFQ	76	0	0	0	0	0	0	0	0	0	0	0	0	36	0	0	0	0	0	0	0	0	0	19	0	0	0	0	15	0	0	0	0	24	0	0	0	0	60	0	0	0	297	0
FFQ	77	0	0	0	0	0	0	0	0	0	0	0	0	36	0	0	0	0	0	0	0	0	0	19	0	0	0	0	28	0	0	0	0	44	0	0	0	0	93	0	0	0	231	0
FFQ	78	0	0	0	0	0	0	0	0	0	0	0	0	35	0	0	0	0	0	0	0	0	0	17	0	0	0	0	24	0	0	0	0	45	0	0	0	0	65	0	0	0	265	0
FFQ	79	0	0	0	0	0	0	0	0	0	0	0	0	29	0	0	0	0	0	0	0	0	0	21	0	0	0	0	19	0	0	0	0	27	0	0	0	0	55	0	0	0	300	0
FFQ	80	0	0	0	0	0	0	0	0	0	0	0	0	33	0	0	0	0	0	0	0	0	0	20	0	0	0	0	24	0	0	0	0	25	0	0	0	0	47	0	0	0	302	0
FFQ	81	0	0	0	0	0	0	0	0	0	0	0	0	28	0	0	0	0	0	0	0	0	0	18	0	0	0	0	25	0	0	0	0	29	0	0	0	0	39	0	0	0	312	0
FFQ	82	0	0	0	0	0	0	0	0	0	0	0	0	33	0	0	0	0	0	0	0	0	0	20	0	0	0	0	10	0	0	0	0	21	0	0	0	0	50	0	0	0	317	0
FFQ	83	0	0	0	0	0	0	0	0	0	0	0	0	37	0	0	0	0	0	0	0	0	0	16	0	0	0	0	15	0	0	0	0	32	0	0	0	0	40	0	0	0	311	0
FFQ	84	0	0	0	0	0	0	0	0	0	0	0	0	35	0	0	0	0	0	0	0	0	0	19	0	0	0	0	13	0	0	0	0	29	0	0	0	0	47	0	0	0	308	0
FFQ	85	0	0	0	0	0	0	0	0	0	0	0	0	27	0	0	0	0	0	0	0	0	0	20	0	0	0	0	20	0	0	0	0	27	0	0	0	0	46	0	0	0	311	0
FFQ	86	0	0	0	0	0	0	0	0	0	0	0	0	50	0	0	0	0	0	0	0	0	0	18	0	0	0	0	11	0	0	0	0	29	0	0	0	0	53	0	0	0	290	0
FFQ	87	0	0	0	0	0	0	0	0	0	0	0	0	29	0	0	0	0	0	0	0	0	0	18	0	0	0	0	19	0	0	0	0	28	0	0	0	0	56	0	0	0	301	0
FFQ	88	0	0	0	0	0	0	0	0	0	0	0	0	43	0	0	0	0	0	0	0	0	0	17	0	0	0	0	15	0	0	0	0	22	0	0	0	0	44	0	0	0	310	0
FFQ	89	0	0	0	0	0	0	0	0	0	0	0	0	33	0	0	0	0	0	0	0	0	0	23	0	0	0	0	15	0	0	0	0	28	0	0	0	0	46	0	0	0	306	0
FFQ	90	0	0	0	0	0	0	0	0	0	0	0	0	32	0	0	0	0	0	0	0	0	0	26	0	0	0	0	19	0	0	0	0	26	0	0	0	0	56	0	0	0	292	0
FFQ	91	0	0	0	0	0	0	0	0	0	0	0	0	27	0	0	0	0	0	0	0	0	0	29	0	0	0	0	13	0	0	0	0	29	0	0	0	0	52	0	0	0	301	0
FFQ	92	0	0	0	0	0	0	0	0	0	0	0	0	46	0	0	0	0	0	0	0	0	0	18	0	0	0	0	11	0	0	0	0	29	0	0	0	0	52	0	0	0	295	0
FFQ	93	0	0	0	0	0	0	0	0	0	0	0	0	32	0	0	0	0	0	0	0	0	0	32	0	0	0	0	14	0	0	0	0	27	0	0	0	0	50	0	0	0	296	0
FFQ	94	0	0	0	0	0	0	0	0	0	0	0	0	38	0	0	0	0	0	0	0	0	0	15	0	0	0	0	14	0	0	0	0	31	0	0	0	0	51	0	0	0	302	0
FFQ	95	0	0	0	0	0	0	0	0	0	0	0	0	35	0	0	0	0	0	0	0	0	0	23	0	0	0	0	17	0	0	0	0	29	0	0	0	0	59	0	0	0	288	0
FFQ	96	0	0	0	0	0	0	0	0	0	0	0	0	38	0	0	0	0	0	0	0	0	0	21	0	0	0	0	12	0	0	0	0	24	0	0	0	0	55	0	0	0	301	0
FFQ	97	0	0	0	0	0	0	0	0	0	0	0	0	32	0	0	0	0	0	0	0	0	0	18	0	0	0	0	19	0	0	0	0	29	0	0	0	0	60	0	0	0	293	0
FFQ	98	0	0	0	0	0	0	0	0	0	0	0	0	44	0	0	0	0	0	0	0	0	0	23	0	0	0	0	11	0	0	0	0	35	0	0	0	0	46	0	0	0	292	0
FFQ	99	0	0	0	0	0	0	0	0	0	0	0	0	29	0	0	0	0	0	0	0	0	0	19	0	0	0	0	20	0	0	0	0	36	0	0	0	0	44	0	0	0	303	0
FFQ	100	0	0	0	0	0	0	0	0	0	0	0	0	32	0	0	0	0	0	0	0	0	0	22	0	0	0	0	12	0	0	0	0	28	0	0	0	0	63	0	0	0	294	0
FFQ	101	0	0	0	0	0	0	0	0	0	0	0	0	33	0	0	0	0	0	0	0	0	0	27	0	0	0	0	10	0	0	0	0	28	0	0	0	0	54	0	0	0	298	0
FFQ	102	0	0	0	0	0	0	0	0	0	0	0	0	43	0	0	0	0	0	0	0	0	0	12	0	0	0	0	12	0	0	0	0	35	0	0	0	0	64	0	0	0	284	0
FFQ	103	0	0	0	0	0	0	0	0	0	0	0	0	38	0	0	0	0	0	0	0	0	0	24	0	0	0	0	15	0	0	0	0	22	0	0	0	0	41	0	0	0	310	0
FFQ	104	0	0	0	0	0	0	0	0	0	0	0	0	34	0	0	0	0	0	0	0	0	0	26	0	0	0	0	19	0	0	0	0	29	0	0	0	0	58	0	0	0	284	0
FFQ	105	0	0	0	0	0	0	0	0	0	0	0	0	46	0	0	0	0	0	0	0	0	0	23	0	0	0	0	12	0	0	0	0	26	0	0	0	0	40	0	0	0	303	0
FFQ	106	0	0	0	0	0	0	0	0	0	0	0	0	43	0	0	0	0	0	0	0	0	0	21	0	0	0	0	15	0	0	0	0	25	0	0	0	0	56	0	0	0	290	0
FFQ	107	0	0	0	0	0	0	0	0	0	0	0	0	42	0	0	0	0	0	0	0	0	0	29	0	0	0	0	13	0	0	0	0	21	0	0	0	0	57	0	0	0	288	0
FFQ	108	0	0	0	0	0	0	0	0	0	0	0	0	39	0	0	0	0	0	0	0	0	0	24	0	0	0	0	15	0	0	0	0	37	0	0	0	0	57	0	0	0	278	0
FFQ	109	0	0	0	0	0	0	0	0	0	0	0	0	38	0	0	0	0	0	0	0	0	0	24	0	0	0	0	16	0	0	0	0	26	0	0	0	0	53	0	0	0	293	0
FFQ	110	0	0	0	0	0	0	0	0	0	0	0	0	38	0	0	0	0	0	0	0	0	0	33	0	0	0	0	22	0	0	0	0	36	0	0	0	0	45	0	0	0	276	0
FFQ	111	0	0	0	0	0	0	0	0	0	0	0	0	44	0	0	0	0	0	0	0	0	0	21	0	0	0	0	17	0	0	0	0	23	0	0	0	0	65	0	0	0	280	0
FFQ	112	0	0	0	0	0	0	0	0	0	0	0	0	35	0	0	0	0	0	0	0	0	0	23	0	0	0	0	16	0	0	0	0	36	0	0	0	0	52	0	0	0	288	0
FFQ	113	0	0	0	0	0	0	0	0	0	0	0	0	32	0	0	0	0	0	0	0	0	0	31	0	0	0	0	19	0	0	0	0	33	0	0	0	0	52	0	0	0	283	0
FFQ	114	0	0	0	0	0	0	0	0	0	0	0	0	27	0	0	0	0	0	0	0	0	0	33	0	0	0	0	17	0	0	0	0	31	0	0	0	0	65	0	0	0	277	0
FFQ	115	0	0	0	0	0	0	0	0	0	0	0	0	42	0	0	0	0	0	0	0	0	0	24	0	0	0	0	17	0	0	0	0	28	0	0	0	0	56	0	0	0	283	0
FFQ	116	0	0	0	0	0	0	0	0	0	0	0	0	24	0	0	0	0	0	0	0	0	0	27	0	0	0	0	25	0	0	0	0	34	0	0	0	0	62	0	0	0	278	0
FFQ	117	0	0	0	0	0	0	0	0	0	0	0	0	29	0	0	0	0	0	0	0	0	0	23	0	0	0	0	18	0	0	0	0	35	0	0	0	0	60	0	0	0	285	0
FFQ	118	0	0	0	0	0	0	0	0	0	0	0	0	42	0	0	0	0	0	0	0	0	0	23	0	0	0	0	11	0	0	0	0	35	0	0	0	0	51	0	0	0	288	0
FFQ	119	0	0	0	0	0	0	0	0	0	0	0	0	35	0	0	0	0	0	0	0	0	0	26	0	0	0	0	13	0	0	0	0	32	0	0	0	0	53	0	0	0	291	0
FFQ	120	0	0	0	0	0	0	0	0	0	0	0	0	42	0	0	0	0	0	0	0	0	0	17	0	0	0	0	16	0	0	0	0	29	0	0	0	0	60	0	0	0	286	0
FFQ	121	0	0	0	0	0	0	0	0	0	0	0	0	38	0	0	0	0	0	0	0	0	0	20	0	0	0	0	18	0	0	0	0	25	0	0	0	0	68	0	0	0	281	0
FFQ	122	0	0	0	0	0	0	0	0	0	0	0	0	43	0	0	0	0	0	0	0	0	0	21	0	0	0	0	11	0	0	0	0	35	0	0	0	0	60	0	0	0	279	0
FFQ	123	0	0	0	0	0	0	0	0	0	0	0	0	37	0	0	0	0	0	0	0	0	0	27	0	0	0	0	20	0	0	0	0	29	0	0	0	0	63	0	0	0	273	0
FFQ	124	0	0	0	0	0	0	0	0	0	0	0	0	42	0	0	0	0	0	0	0	0	0	29	0	0	0	0	13	0	0	0	0	38	0	0	0	0	58	0	0	0	269	0
FFQ	125	0	0	0	0	0	0	0	0	0	0	0	0	35	0	0	0	0	0	0	0	0	0	22	0	0	0	0	22	0	0	0	0	37	0	0	0	0	59	0	0	0	274	0
FFQ	126	0	0	0	0	0	0	0	0	0	0	0	0	34	0	0	0	0	0	0	0	0	0	33	0	0	0	0	15	0	0	0	0	38	0	0	0	0	71	0	0	0	258	0
FFQ	127	0	0	0	0	0	0	0	0	0	0	0	0	50	0	0	0	0	0	0	0	0	0	22	0	0	0	0	5	0	0	0	0	34	0	0	0	0	70	0	0	0	268	0
FFQ	128	0	0	0	0	0	0	0	0	0	0	0	0	48	0	0	0	0	0	0	0	0	0	25	0	0	0	0	11	0	0	0	0	26	0	0	0	0	66	0	0	0	272	0
FFQ	129	0	0	0	0	0	0	0	0	0	0	0	0	38	0	0	0	0	0	0	0	0	0	30	0	0	0	0	13	0	0	0	0	42	0	0	0	0	70	0	0	0	255	0
FFQ	130	0	0	0	0	0	0	0	0	0	0	0	0	46	0	0	0	0	0	0	0	0	0	27	0	0	0	0	17	0	0	0	0	32	0	0	0	0	58	0	0	0	268	0
FFQ	131	0	0	0	0	0	0	0	0	0	0	0	0	29	0	0	0	0	0	0	0	0	0	40	0	0	0	0	13	0	0	0	0	36	0	0	0	0	76	0	0	0	253	0
FFQ	132	0	0	0	0	0	0	0	0	0	0	0	0	51	0	0	0	0	0	0	0	0	0	20	0	0	0	0	10	0	0	0	0	24	0	0	0	0	66	0	0	0	276	0
FFQ	133	0	0	0	0	0	0	0	0	0	0	0	0	42	0	0	0	0	0	0	0	0	0	34	0	0	0	0	18	0	0	0	0	27	0	0	0	0	64	0	0	0	261	0
FFQ	134	0	0	0	0	0	0	0	0	0	0	0	0	48	0	0	0	0	0	0	0	0	0	32	0	0	0	0	16	0	0	0	0	41	0	0	0	0	70	0	0	0	239	0
FFQ	135	0	0	0	0	0	0	0	0	0	0	0	0	32	0	0	0	0	0	0	0	0	0	36	0	0	0	0	16	0	0	0	0	32	0	0	0	0	89	0	0	0	241	0
FFQ	136	0	0	0	0	0	0	0	0	0	0	0	0	45	0	0	0	0	0	0	0	0	0	23	0	0	0	0	14	0	0	0	0	34	0	0	0	0	86	0	0	0	243	0
FFQ	137	0	0	0	0	0	0	0	0	0	0	0	0	48	0	0	0	0	0	0	0	0	0	23	0	0	0	0	19	0	0	0	0	35	0	0	0	0	67	0	0	0	252	0
FFQ	138	0	0	0	0	0	0	0	0	0	0	0	0	42	0	0	0	0	0	0	0	0	0	39	0	0	0	0	14	0	0	0	0	28	0	0	0	0	84	0	0	0	237	0
FFQ	139	0	0	0	0	0	0	0	0	0	0	0	0	34	0	0	0	0	0	0	0	0	0	31	0	0	0	0	23	0	0	0	0	42	0	0	0	0	70	0	0	0	244	0
FFQ	140	0	0	0	0	0	0	0	0	0	0	0	0	49	0	0	0	0	0	0	0	0	0	21	0	0	0	0	11	0	0	0	0	32	0	0	0	0	91	0	0	0	240	0
FFQ	141	0	0	0	0	0	0	0	0	0	0	0	0	43	0	0	0	0	0	0	0	0	0	34	0	0	0	0	15	0	0	0	0	37	0	0	0	0	80	0	0	0	235	0
FFQ	142	0	0	0	0	0	0	0	0	0	0	0	0	48	0	0	0	0	0	0	0	0	0	29	0	0	0	0	20	0	0	0	0	25	0	0	0	0	92	0	0	0	230	0
FFQ	143	0	0	0	0	0	0	0	0	0	0	0	0	43	0	0	0	0	0	0	0	0	0	33	0	0	0	0	23	0	0	0	0	33	0	0	0	0	93	0	0	0	219	0
FFQ	144	0	0	0	0	0	0	0	0	0	0	0	0	48	0	0	0	0	0	0	0	0	0	33	0	0	0	0	20	0	0	0	0	41	0	0	0	0	78	0	0	0	224	0
FFQ	145	0	0	0	0	0	0	0	0	0	0	0	0	45	0	0	0	0	0	0	0	0	0	30	0	0	0	0	16	0	0	0	0	37	0	0	0	0	105	0	0	0	210	0
FFQ	146	0	0	0	0	0	0	0	0	0	0	0	0	35	0	0	0	0	0	0	0	0	0	32	0	0	0	0	29	0	0	0	0	34	0	0	0	0	86	0	0	0	226	0
FFQ	147	0	0	0	0	0	0	0	0	0	0	0	0	36	0	0	0	0	0	0	0	0	0	24	0	0	0	0	20	0	0	0	0	36	0	0	0	0	99	0	0	0	223	0
FFQ	148	0	0	0	0	0	0	0	0	2	0	0	0	39	0	0	0	0	0	0	0	0	0	22	0	0	0	0	17	0	0	0	0	32	0	0	0	0	95	0	0	0	224	0
FFQ	149	0	0	0	0	0	0	0	0	2	0	0	0	40	0	0	0	0	0	0	0	0	0	25	0	0	0	0	18	0	0	0	0	33	0	0	0	0	91	0	0	0	212	0
FFQ	150	0	0	0	0	0	0	0	0	2	0	0	0	21	0	0	0	0	0	0	0	0	0	26	0	0	0	0	26	0	0	0	0	36	0	0	0	0	93	0	0	0	202	0
FFQ	151	0	0	0	0	0	0	0	0	0	0	0	0	0	0	0	0	0	0	0	0	0	0	29	0	0	0	0	25	0	0	0	0	38	0	0	0	0	100	0	0	0	152	0
# Last Fragment Qualities. Use `grep ^LFQ | cut -f 2-` to extract this part.
# Columns correspond to qualities and rows to cycles. First column is the cycle number.
LFQ	1	0	0	4	0	0	0	0	0	0	0	0	0	19	0	0	0	0	0	0	0	0	0	0	0	0	0	0	24	0	0	0	0	404	0	0	0	0	0	0	0	0	0	0
LFQ	2	0	0	0	0	0	0	0	0	0	0	0	0	18	0	0	0	0	0	0	0	0	0	0	0	0	0	0	11	0	0	0	0	422	0	0	0	0	0	0	0	0	0	0
LFQ	3	0	0	0	0	0	0	0	0	0	0	0	0	26	0	0	0	0	0	0	0	0	0	0	0	0	0	0	20	0	0	0	0	148	0	0	0	0	257	0	0	0	0	0
LFQ	4	0	0	0	0	0	0	0	0	0	0	0	0	14	0	0	0	0	0	0	0	0	0	1	0	0	0	0	8	0	0	0	0	68	0	0	0	0	360	0	0	0	0	0
LFQ	5	0	0	0	0	0	0	0	0	0	0	0	0	14	0	0	0	0	0	0	0	0	0	1	0	0	0	0	7	0	0	0	0	35	0	0	0	0	394	0	0	0	0	0
LFQ	6	0	0	0	0	0	0	0	0	0	0	0	0	15	0	0	0	0	0	0	0	0	0	0	0	0	0	0	11	0	0	0	0	32	0	0	0	0	77	0	0	0	316	0
LFQ	7	0	0	0	0	0	0	0	0	0	0	0	0	14	0	0	0	0	0	0	0	0	0	5	0	0	0	0	7	0	0	0	0	28	0	0	0	0	68	0	0	0	329	0
LFQ	8	0	0	0	0	0	0	0	0	0	0	0	0	19	0	0	0	0	0	0	0	0	0	8	0	0	0	0	9	0	0	0	0	28	0	0	0	0	75	0	0	0	312	0
LFQ	9	0	0	0	0	0	0	0	0	0	0	0	0	16	0	0	0	0	0	0	0	0	0	8	0	0	0	0	10	0	0	0	0	25	0	0	0	0	63	0	0	0	329	0
LFQ	10	0	0	0	0	0	0	0	0	0	0	0	0	15	0	0	0	0	0	0	0	0	0	6	0	0	0	0	10	0	0	0	0	29	0	0	0	0	70	0	0	0	321	0
LFQ	11	0	0	0	0	0	0	0	0	0	0	0	0	9	0	0	0	0	0	0	0	0	0	9	0	0	0	0	9	0	0	0	0	24	0	0	0	0	53	0	0	0	347	0
LFQ	12	0	0	0	0	0	0	0	0	0	0	0	0	17	0	0	0	0	0	0	0	0	0	7	0	0	0	0	9	0	0	0	0	18	0	0	0	0	35	0	0	0	365	0
LFQ	13	0	0	0	0	0	0	0	0	0	0	0	0	14	0	0	0	0	0	0	0	0	0	9	0	0	0	0	5	0	0	0	0	24	0	0	0	0	61	0	0	0	338	0
LFQ	14	0	0	0	0	0	0	0	0	0	0	0	0	19	0	0	0	0	0	0	0	0	0	9	0	0	0	0	11	0	0	0	0	24	0	0	0	0	59	0	0	0	329	0
LFQ	15	0	0	0	0	0	0	0	0	0	0	0	0	16	0	0	0	0	0	0	0	0	0	12	0	0	0	0	12	0	0	0	0	21	0	0	0	0	58	0	0	0	332	0
LFQ	16	0	0	0	0	0	0	0	0	0	0	0	0	15	0	0	0	0	0	0	0	0	0	6	0	0	0	0	12	0	0	0	0	17	0	0	0	0	65	0	0	0	336	0
LFQ	17	0	0	0	0	0	0	0	0	0	0	0	0	18	0	0	0	0	0	0	0	0	0	13	0	0	0	0	12	0	0	0	0	17	0	0	0	0	64	0	0	0	327	0
LFQ	18	0	0	0	0	0	0	0	0	0	0	0	0	22	0	0	0	0	0	0	0	0	0	12	0	0	0	0	15	0	0	0	0	16	0	0	0	0	58	0	0	0	328	0
LFQ	19	0	0	0	0	0	0	0	0	0	0	0	0	21	0	0	0	0	0	0	0	0	0	11	0	0	0	0	10	0	0	0	0	12	0	0	0	0	50	0	0	0	347	0
LFQ	20	0	0	0	0	0	0	0	0	0	0	0	0	19	0	0	0	0	0	0	0	0	0	10	0	0	0	0	19	0	0	0	0	15	0	0	0	0	56	0	0	0	332	0
LFQ	21	0	0	0	0	0	0	0	0	0	0	0	0	16	0	0	0	0	0	0	0	0	0	10	0	0	0	0	23	0	0	0	0	13	0	0	0	0	55	0	0	0	334	0
LFQ	22	0	0	0	0	0	0	0	0	0	0	0	0	13	0	0	0	0	0	0	0	0	0	7	0	0	0	0	9	0	0	0	0	26	0	0	0	0	73	0	0	0	323	0
LFQ	23	0	0	0	0	0	0	0	0	0	0	0	0	21	0	0	0	0	0	0	0	0	0	9	0	0	0	0	15	0	0	0	0	21	0	0	0	0	72	0	0	0	313	0
LFQ	24	0	0	0	0	0	0	0	0	0	0	0	0	22	0	0	0	0	0	0	0	0	0	11	0	0	0	0	16	0	0	0	0	13	0	0	0	0	59	0	0	0	330	0
LFQ	25	0	0	0	0	0	0	0	0	0	0	0	0	15	0	0	0	0	0	0	0	0	0	14	0	0	0	0	18	0	0	0	0	22	0	0	0	0	72	0	0	0	310	0
LFQ	26	0	0	0	0	0	0	0	0	0	0	0	0	27	0	0	0	0	0	0	0	0	0	10	0	0	0	0	16	0	0	0	0	28	0	0	0	0	66	0	0	0	304	0
LFQ	27	0	0	6	0	0	0	0	0	0	0	0	0	26	0	0	0	0	0	0	0	0	0	14	0	0	0	0	16	0	0	0	0	20	0	0	0	0	71	0	0	0	298	0
LFQ	28	0	0	0	0	0	0	0	0	0	0	0	0	23	0	0	0	0	0	0	0	0	0	15	0	0	0	0	10	0	0	0	0	22	0	0	0	0	75	0	0	0	306	0
LFQ	29	0	0	0	0	0	0	0	0	0	0	0	0	19	0	0	0	0	0	0	0	0	0	18	0	0	0	0	14	0	0	0	0	26	0	0	0	0	62	0	0	0	312	0
LFQ	30	0	0	0	0	0	0	0	0	0	0	0	0	26	0	0	0	0	0	0	0	0	0	16	0	0	0	0	11	0	0	0	0	23	0	0	0	0	60	0	0	0	315	0
LFQ	31	0	0	0	0	0	0	0	0	0	0	0	0	26	0	0	0	0	0	0	0	0	0	20	0	0	0	0	17	0	0	0	0	18	0	0	0	0	58	0	0	0	312	0
LFQ	32	0	0	0	0	0	0	0	0	0	0	0	0	26	0	0	0	0	0	0	0	0	0	16	0	0	0	0	24	0	0	0	0	15	0	0	0	0	71	0	0	0	299	0
LFQ	33	0	0	0	0	0	0	0	0	0	0	0	0	28	0	0	0	0	0	0	0	0	0	15	0	0	0	0	22	0	0	0	0	16	0	0	0	0	70	0	0	0	300	0
LFQ	34	0	0	0	0	0	0	0	0	0	0	0	0	28	0	0	0	0	0	0	0	0	0	14	0	0	0	0	15	0	0	0	0	24	0	0	0	0	75	0	0	0	295	0
LFQ	35	0	0	0	0	0	0	0	0	0	0	0	0	23	0	0	0	0	0	0	0	0	0	24	0	0	0	0	10	0	0	0	0	22	0	0	0	0	72	0	0	0	300	0
LFQ	36	0	0	0	0	0	0	0	0	0	0	0	0	31	0	0	0	0	0	0	0	0	0	16	0	0	0	0	23	0	0	0	0	23	0	0	0	0	65	0	0	0	293	0
LFQ	37	0	0	0	0	0	0	0	0	0	0	0	0	26	0	0	0	0	0	0	0	0	0	16	0	0	0	0	21	0	0	0	0	25	0	0	0	0	93	0	0	0	270	0
LFQ	38	0	0	0	0	0	0	0	0	0	0	0	0	35	0	0	0	0	0	0	0	0	0	17	0	0	0	0	15	0	0	0	0	33	0	0	0	0	81	0	0	0	270	0
LFQ	39	0	0	0	0	0	0	0	0	0	0	0	0	37	0	0	0	0	0	0	0	0	0	22	0	0	0	0	20	0	0	0	0	38	0	0	0	0	81	0	0	0	253	0
LFQ	40	0	0	0	0	0	0	0	0	0	0	0	0	38	0	0	0	0	0	0	0	0	0	20	0	0	0	0	24	0	0	0	0	33	0	0	0	0	75	0	0	0	261	0
LFQ	41	0	0	0	0	0	0	0	0	0	0	0	0	39	0	0	0	0	0	0	0	0	0	19	0	0	0	0	18	0	0	0	0	41	0	0	0	0	60	0	0	0	274	0
LFQ	42	0	0	0	0	0	0	0	0	0	0	0	0	38	0	0	0	0	0	0	0	0	0	20	0	0	0	0	24	0	0	0	0	35	0	0	0	0	64	0	0	0	270	0
LFQ	43	0	0	0	0	0	0	0	0	0	0	0	0	32	0	0	0	0	0	0	0	0	0	25	0	0	0	0	28	0	0	0	0	26	0	0	0	0	76	0	0	0	264	0
LFQ	44	0	0	0	0	0	0	0	0	0	0	0	0	33	0	0	0	0	0	0	0	0	0	21	0	0	0	0	29	0	0	0	0	33	0	0	0	0	69	0	0	0	266	0
LFQ	45	0	0	0	0	0	0	0	0	0	0	0	0	30	0	0	0	0	0	0	0	0	0	27	0	0	0	0	27	0	0	0	0	30	0	0	0	0	71	0	0	0	266	0
LFQ	46	0	0	0	0	0	0	0	0	0	0	0	0	42	0	0	0	0	0	0	0	0	0	14	0	0	0	0	26	0	0	0	0	27	0	0	0	0	81	0	0	0	261	0
LFQ	47	0	0	0	0	0	0	0	0	0	0	0	0	40	0	0	0	0	0	0	0	0	0	32	0	0	0	0	19	0	0	0	0	31	0	0	0	0	63	0	0	0	266	0
LFQ	48	0	0	0	0	0	0	0	0	0	0	0	0	36	0	0	0	0	0	0	0	0	0	21	0	0	0	0	19	0	0	0	0	41	0	0	0	0	62	0	0	0	272	0
LFQ	49	0	0	0	0	0	0	0	0	0	0	0	0	39	0	0	0	0	0	0	0	0	0	27	0	0	0	0	22	0	0	0	0	38	0	0	0	0	73	0	0	0	252	0
LFQ	50	0	0	0	0	0	0	0	0	0	0	0	0	36	0	0	0	0	0	0	0	0	0	30	0	0	0	0	28	0	0	0	0	47	0	0	0	0	57	0	0	0	253	0
LFQ	51	0	0	0	0	0	0	0	0	0	0	0	0	46	0	0	0	0	0	0	0	0	0	16	0	0	0	0	22	0	0	0	0	38	0	0	0	0	67	0	0	0	262	0
LFQ	52	0	0	0	0	0	0	0	0	0	0	0	0	35	0	0	0	0	0	0	0	0	0	24	0	0	0	0	30	0	0	0	0	37	0	0	0	0	84	0	0	0	241	0
LFQ	53	0	0	0	0	0	0	0	0	0	0	0	0	45	0	0	0	0	0	0	0	0	0	26	0	0	0	0	21	0	0	0	0	38	0	0	0	0	65	0	0	0	256	0
LFQ	54	0	0	0	0	0	0	0	0	0	0	0	0	44	0	0	0	0	0	0	0	0	0	23	0	0	0	0	25	0	0	0	0	40	0	0	0	0	77	0	0	0	242	0
LFQ	55	0	0	0	0	0	0	0	0	0	0	0	0	40	0	0	0	0	0	0	0	0	0	33	0	0	0	0	27	0	0	0	0	32	0	0	0	0	74	0	0	0	245	0
LFQ	56	0	0	0	0	0	0	0	0	0	0	0	0	45	0	0	0	0	0	0	0	0	0	32	0	0	0	0	22	0	0	0	0	37	0	0	0	0	55	0	0	0	260	0
LFQ	57	0	0	0	0	0	0	0	0	0	0	0	0	46	0	0	0	0	0	0	0	0	0	19	0	0	0	0	26	0	0	0	0	40	0	0	0	0	76	0	0	0	244	0
LFQ	58	0	0	0	0	0	0	0	0	0	0	0	0	43	0	0	0	0	0	0	0	0	0	22	0	0	0	0	22	0	0	0	0	40	0	0	0	0	72	0	0	0	252	0
LFQ	59	0	0	0	0	0	0	0	0	0	0	0	0	47	0	0	0	0	0	0	0	0	0	20	0	0	0	0	18	0	0	0	0	41	0	0	0	0	70	0	0	0	255	0
LFQ	60	0	0	0	0	0	0	0	0	0	0	0	0	49	0	0	0	0	0	0	0	0	0	22	0	0	0	0	21	0	0	0	0	43	0	0	0	0	63	0	0	0	253	0
LFQ	61	0	0	0	0	0	0	0	0	0	0	0	0	51	0	0	0	0	0	0	0	0	0	32	0	0	0	0	28	0	0	0	0	28	0	0	0	0	69	0	0	0	243	0
LFQ	62	0	0	0	0	0	0	0	0	0	0	0	0	53	0	0	0	0	0	0	0	0	0	23	0	0	0	0	27	0	0	0	0	41	0	0	0	0	64	0	0	0	243	0
LFQ	63	0	0	0	0	0	0	0	0	0	0	0	0	50	0	0	0	0	0	0	0	0	0	23	0	0	0	0	18	0	0	0	0	40	0	0	0	0	70	0	0	0	250	0
LFQ	64	0	0	0	0	0	0	0	0	0	0	0	0	47	0	0	0	0	0	0	0	0	0	26	0	0	0	0	22	0	0	0	0	42	0	0	0	0	65	0	0	0	249	0
LFQ	65	0	0	0	0	0	0	0	0	0	0	0	0	42	0	0	0	0	0	0	0	0	0	27	0	0	0	0	26	0	0	0	0	33	0	0	0	0	74	0	0	0	249	0
LFQ	66	0	0	0	0	0	0	0	0	0	0	0	0	51	0	0	0	0	0	0	0	0	0	24	0	0	0	0	17	0	0	0	0	41	0	0	0	0	66	0	0	0	252	0
LFQ	67	0	0	0	0	0	0	0	0	0	0	0	0	63	0	0	0	0	0	0	0	0	0	24	0	0	0	0	19	0	0	0	0	30	0	0	0	0	61	0	0	0	254	0
LFQ	68	0	0	0	0	0	0	0	0	0	0	0	0	33	0	0	0	0	0	0	0	0	0	36	0	0	0	0	21	0	0	0	0	42	0	0	0	0	72	0	0	0	247	0
LFQ	69	0	0	0	0	0	0	0	0	0	0	0	0	58	0	0	0	0	0	0	0	0	0	20	0	0	0	0	18	0	0	0	0	36	0	0	0	0	64	0	0	0	255	0
LFQ	70	0	0	0	0	0	0	0	0	0	0	0	0	45	0	0	0	0	0	0	0	0	0	38	0	0	0	0	18	0	0	0	0	35	0	0	0	0	77	0	0	0	238	0
LFQ	71	0	0	0	0	0	0	0	0	0	0	0	0	48	0	0	0	0	0	0	0	0	0	34	0	0	0	0	18	0	0	0	0	31	0	0	0	0	75	0	0	0	245	0
LFQ	72	0	0	0	0	0	0	0	0	0	0	0	0	43	0	0	0	0	0	0	0	0	0	28	0	0	0	0	19	0	0	0	0	41	0	0	0	0	76	0	0	0	244	0
LFQ	73	0	0	0	0	0	0	0	0	0	0	0	0	46	0	0	0	0	0	0	0	0	0	36	0	0	0	0	21	0	0	0	0	36	0	0	0	0	60	0	0	0	252	0
LFQ	74	0	0	0	0	0	0	0	0	0	0	0	0	47	0	0	0	0	0	0	0	0	0	31	0	0	0	0	25	0	0	0	0	44	0	0	0	0	70	0	0	0	234	0
LFQ	75	0	0	0	0	0	0	0	0	0	0	0	0	47	0	0	0	0	0	0	0	0	0	38	0	0	0	0	30	0	0	0	0	33	0	0	0	0	72	0	0	0	231	0
LFQ	76	0	0	0	0	0	0	0	0	0	0	0	0	56	0	0	0	0	0	0	0	0	0	20	0	0	0	0	27	0	0	0	0	39	0	0	0	0	65	0	0	0	244	0
LFQ	77	0	0	0	0	0	0	0	0	0	0	0	0	54	0	0	0	0	0	0	0	0	0	48	0	0	0	0	27	0	0	0	0	62	0	0	0	0	95	0	0	0	165	0
LFQ	78	0	0	0	0	0	0	0	0	0	0	0	0	56	0	0	0	0	0	0	0	0	0	39	0	0	0	0	20	0	0	0	0	47	0	0	0	0	89	0	0	0	200	0
LFQ	79	0	0	0	0	0	0	0	0	0	0	0	0	45	0	0	0	0	0	0	0	0	0	32	0	0	0	0	21	0	0	0	0	55	0	0	0	0	74	0	0	0	224	0
LFQ	80	0	0	0	0	0	0	0	0	0	0	0	0	46	0	0	0	0	0	0	0	0	0	38	0	0	0	0	22	0	0	0	0	39	0	0	0	0	63	0	0	0	243	0
LFQ	81	0	0	0	0	0	0	0	0	0	0	0	0	51	0	0	0	0	0	0	0	0	0	25	0	0	0	0	21	0	0	0	0	38	0	0	0	0	64	0	0	0	252	0
LFQ	82	0	0	0	0	0	0	0	0	0	0	0	0	48	0	0	0	0	0	0	0	0	0	28	0	0	0	0	21	0	0	0	0	38	0	0	0	0	67	0	0	0	249	0
LFQ	83	0	0	0	0	0	0	0	0	0	0	0	0	51	0	0	0	0	0	0	0	0	0	33	0	0	0	0	22	0	0	0	0	51	0	0	0	0	65	0	0	0	229	0
LFQ	84	0	0	0	0	0	0	0	0	0	0	0	0	52	0	0	0	0	0	0	0	0	0	36	0	0	0	0	11	0	0	0	0	46	0	0	0	0	49	0	0	0	257	0
LFQ	85	0	0	0	0	0	0	0	0	0	0	0	0	51	0	0	0	0	0	0	0	0	0	28	0	0	0	0	17	0	0	0	0	27	0	0	0	0	72	0	0	0	256	0
LFQ	86	0	0	0	0	0	0	0	0	0	0	0	0	57	0	0	0	0	0	0	0	0	0	25	0	0	0	0	16	0	0	0	0	25	0	0	0	0	65	0	0	0	263	0
LFQ	87	0	0	0	0	0	0	0	0	0	0	0	0	48	0	0	0	0	0	0	0	0	0	32	0	0	0	0	24	0	0	0	0	33	0	0	0	0	65	0	0	0	249	0
LFQ	88	0	0	0	0	0	0	0	0	0	0	0	0	56	0	0	0	0	0	0	0	0	0	34	0	0	0	0	18	0	0	0	0	39	0	0	0	0	65	0	0	0	239	0
LFQ	89	0	0	0	0	0	0	0	0	0	0	0	0	55	0	0	0	0	0	0	0	0	0	34	0	0	0	0	16	0	0	0	0	34	0	0	0	0	52	0	0	0	260	0
LFQ	90	0	0	0	0	0	0	0	0	0	0	0	0	68	0	0	0	0	0	0	0	0	0	26	0	0	0	0	11	0	0	0	0	33	0	0	0	0	62	0	0	0	251	0
LFQ	91	0	0	0	0	0	0	0	0	0	0	0	0	49	0	0	0	0	0	0	0	0	0	33	0	0	0	0	19	0	0	0	0	47	0	0	0	0	49	0	0	0	254	0
LFQ	92	0	0	0	0	0	0	0	0	0	0	0	0	65	0	0	0	0	0	0	0	0	0	32	0	0	0	0	17	0	0	0	0	36	0	0	0	0	57	0	0	0	244	0
LFQ	93	0	0	0	0	0	0	0	0	0	0	0	0	49	0	0	0	0	0	0	0	0	0	31	0	0	0	0	21	0	0	0	0	28	0	0	0	0	78	0	0	0	244	0
LFQ	94	0	0	0	0	0	0	0	0	0	0	0	0	58	0	0	0	0	0	0	0	0	0	29	0	0	0	0	17	0	0	0	0	36	0	0	0	0	66	0	0	0	245	0
LFQ	95	0	0	0	0	0	0	0	0	0	0	0	0	68	0	0	0	0	0	0	0	0	0	29	0	0	0	0	13	0	0	0	0	28	0	0	0	0	59	0	0	0	254	0
LFQ	96	0	0	0	0	0	0	0	0	0	0	0	0	59	0	0	0	0	0	0	0	0	0	30	0	0	0	0	17	0	0	0	0	45	0	0	0	0	61	0	0	0	239	0
LFQ	97	0	0	0	0	0	0	0	0	0	0	0	0	52	0	0	0	0	0	0	0	0	0	32	0	0	0	0	23	0	0	0	0	49	0	0	0	0	62	0	0	0	233	0
LFQ	98	0	0	0	0	0	0	0	0	0	0	0	0	51	0	0	0	0	0	0	0	0	0	45	0	0	0	0	19	0	0	0	0	43	0	0	0	0	59	0	0	0	234	0
LFQ	99	0	0	0	0	0	0	0	0	0	0	0	0	59	0	0	0	0	0	0	0	0	0	26	0	0	0	0	16	0	0	0	0	57	0	0	0	0	55	0	0	0	238	0
LFQ	100	0	0	0	0	0	0	0	0	0	0	0	0	55	0	0	0	0	0	0	0	0	0	32	0	0	0	0	22	0	0	0	0	43	0	0	0	0	63	0	0	0	236	0
LFQ	101	0	0	0	0	0	0	0	0	0	0	0	0	55	0	0	0	0	0	0	0	0	0	31	0	0	0	0	22	0	0	0	0	39	0	0	0	0	74	0	0	0	230	0
LFQ	102	0	0	0	0	0	0	0	0	0	0	0	0	60	0	0	0	0	0	0	0	0	0	30	0	0	0	0	18	0	0	0	0	45	0	0	0	0	63	0	0	0	234	0
LFQ	103	0	0	0	0	0	0	0	0	0	0	0	0	67	0	0	0	0	0	0	0	0	0	21	0	0	0	0	20	0	0	0	0	54	0	0	0	0	69	0	0	0	219	0
LFQ	104	0	0	0	0	0	0	0	0	0	0	0	0	57	0	0	0	0	0	0	0	0	0	35	0	0	0	0	25	0	0	0	0	37	0	0	0	0	68	0	0	0	228	0
LFQ	105	0	0	0	0	0	0	0	0	0	0	0	0	64	0	0	0	0	0	0	0	0	0	25	0	0	0	0	26	0	0	0	0	40	0	0	0	0	80	0	0	0	215	0
LFQ	106	0	0	0	0	0	0	0	0	0	0	0	0	47	0	0	0	0	0	0	0	0	0	43	0	0	0	0	20	0	0	0	0	36	0	0	0	0	84	0	0	0	220	0
LFQ	107	0	0	0	0	0	0	0	0	0	0	0	0	60	0	0	0	0	0	0	0	0	0	38	0	0	0	0	17	0	0	0	0	43	0	0	0	0	87	0	0	0	203	0
LFQ	108	0	0	0	0	0	0	0	0	0	0	0	0	62	0	0	0	0	0	0	0	0	0	31	0	0	0	0	26	0	0	0	0	41	0	0	0	0	81	0	0	0	207	0
LFQ	109	0	0	0	0	0	0	0	0	0	0	0	0	55	0	0	0	0	0	0	0	0	0	40	0	0	0	0	20	0	0	0	0	46	0	0	0	0	72	0	0	0	215	0
LFQ	110	0	0	3	0	0	0	0	0	0	0	0	0	59	0	0	0	0	0	0	0	0	0	38	0	0	0	0	17	0	0	0	0	42	0	0	0	0	75	0	0	0	214	0
LFQ	111	0	0	0	0	0	0	0	0	0	0	0	0	50	0	0	0	0	0	0	0	0	0	49	0	0	0	0	14	0	0	0	0	47	0	0	0	0	72	0	0	0	216	0
LFQ	112	0	0	0	0	0	0	0	0	0	0	0	0	59	0	0	0	0	0	0	0	0	0	43	0	0	0	0	20	0	0	0	0	41	0	0	0	0	85	0	0	0	200	0
LFQ	113	0	0	0	0	0	0	0	0	0	0	0	0	55	0	0	0	0	0	0	0	0	0	47	0	0	0	0	22	0	0	0	0	35	0	0	0	0	84	0	0	0	203	0
LFQ	114	0	0	0	0	0	0	0	0	0	0	0	0	70	0	0	0	0	0	0	0	0	0	34	0	0	0	0	24	0	0	0	0	40	0	0	0	0	81	0	0	0	197	0
LFQ	115	0	0	0	0	0	0	0	0	0	0	0	0	69	0	0	0	0	0	0	0	0	0	38	0	0	0	0	20	0	0	0	0	36	0	0	0	0	91	0	0	0	192	0
LFQ	116	0	0	0	0	0	0	0	0	0	0	0	0	62	0	0	0	0	0	0	0	0	0	48	0	0	0	0	23	0	0	0	0	37	0	0	0	0	90	0	0	0	186	0
LFQ	117	0	0	0	0	0	0	0	0	0	0	0	0	53	0	0	0	0	0	0	0	0	0	44	0	0	0	0	25	0	0	0	0	43	0	0	0	0	76	0	0	0	205	0
LFQ	118	0	0	0	0	0	0	0	0	0	0	0	0	64	0	0	0	0	0	0	0	0	0	29	0	0	0	0	38	0	0	0	0	36	0	0	0	0	91	0	0	0	188	0
LFQ	119	0	0	0	0	0	0	0	0	0	0	0	0	66	0	0	0	0	0	0	0	0	0	48	0	0	0	0	28	0	0	0	0	37	0	0	0	0	74	0	0	0	191	0
LFQ	120	0	0	0	0	0	0	0	0	0	0	0	0	68	0	0	0	0	0	0	0	0	0	36	0	0	0	0	27	0	0	0	0	44	0	0	0	0	89	0	0	0	177	0
LFQ	121	0	0	0	0	0	0	0	0	0	0	0	0	69	0	0	0	0	0	0	0	0	0	27	0	0	0	0	31	0	0	0	0	45	0	0	0	0	95	0	0	0	173	0
LFQ	122	0	0	0	0	0	0	0	0	0	0	0	0	77	0	0	0	0	0	0	0	0	0	37	0	0	0	0	18	0	0	0	0	37	0	0	0	0	88	0	0	0	182	0
LFQ	123	0	0	0	0	0	0	0	0	0	0	0	0	82	0	0	0	0	0	0	0	0	0	27	0	0	0	0	19	0	0	0	0	35	0	0	0	0	99	0	0	0	176	0
LFQ	124	0	0	0	0	0	0	0	0	2	0	0	0	78	0	0	0	0	0	0	0	0	0	32	0	0	0	0	24	0	0	0	0	35	0	0	0	0	85	0	0	0	180	0
LFQ	125	0	0	0	0	0	0	0	0	1	0	0	0	78	0	0	0	0	0	0	0	0	0	27	0	0	0	0	24	0	0	0	0	38	0	0	0	0	81	0	0	0	186	0
LFQ	126	0	0	0	0	0	0	0	0	12	0	0	0	78	0	0	0	0	0	0	0	0	0	20	0	0	0	0	27	0	0	0	0	40	0	0	0	0	81	0	0	0	177	0
LFQ	127	0	0	0	0	0	0	0	0	5	0	0	0	78	0	0	0	0	0	0	0	0	0	24	0	0	0	0	27	0	0	0	0	29	0	0	0	0	102	0	0	0	170	0
LFQ	128	0	0	0	0	0	0	0	0	6	0	0	0	76	0	0	0	0	0	0	0	0	0	28	0	0	0	0	27	0	0	0	0	47	0	0	0	0	86	0	0	0	164	0
LFQ	129	0	0	0	0	0	0	0	0	16	0	0	0	66	0	0	0	0	0	0	0	0	0	29	0	0	0	0	27	0	0	0	0	38	0	0	0	0	85	0	0	0	172	0
LFQ	130	0	0	0	0	0	0	0	0	22	0	0	0	54	0	0	0	0	0	0	0	0	0	38	0	0	0	0	25	0	0	0	0	43	0	0	0	0	84	0	0	0	165	0
LFQ	131	0	0	0	0	0	0	0	0	16	0	0	0	62	0	0	0	0	0	0	0	0	0	36	0	0	0	0	27	0	0	0	0	59	0	0	0	0	74	0	0	0	157	0
LFQ	132	0	0	0	0	0	0	0	0	17	0	0	0	52	0	0	0	0	0	0	0	0	0	32	0	0	0	0	32	0	0	0	0	55	0	0	0	0	63	0	0	0	178	0
LFQ	133	0	0	0	0	0	0	0	0	35	0	0	0	47	0	0	0	0	0	0	0	0	0	33	0	0	0	0	22	0	0	0	0	53	0	0	0	0	67	0	0	0	169	0
LFQ	134	0	0	0	0	0	0	0	0	34	0	0	0	50	0	0	0	0	0	0	0	0	0	35	0	0	0	0	18	0	0	0	0	46	0	0	0	0	72	0	0	0	168	0
LFQ	135	0	0	0	0	0	0	0	0	32	0	0	0	47	0	0	0	0	0	0	0	0	0	32	0	0	0	0	21	0	0	0	0	63	0	0	0	0	72	0	0	0	156	0
LFQ	136	0	0	0	0	0	0	0	0	33	0	0	0	53	0	0	0	0	0	0	0	0	0	30	0	0	0	0	27	0	0	0	0	62	0	0	0	0	64	0	0	0	152	0
LFQ	137	0	0	0	0	0	0	0	0	30	0	0	0	48	0	0	0	0	0	0	0	0	0	35	0	0	0	0	37	0	0	0	0	52	0	0	0	0	73	0	0	0	145	0
LFQ	138	0	0	0	0	0	0	0	0	28	0	0	0	53	0	0	0	0	0	0	0	0	0	39	0	0	0	0	30	0	0	0	0	49	0	0	0	0	72	0	0	0	148	0
LFQ	139	0	0	0	0	0	0	0	0	33	0	0	0	43	0	0	0	0	0	0	0	0	0	36	0	0	0	0	24	0	0	0	0	59	0	0	0	0	79	0	0	0	144	0
LFQ	140	0	0	0	0	0	0	0	0	34	0	0	0	48	0	0	0	0	0	0	0	0	0	27	0	0	0	0	29	0	0	0	0	58	0	0	0	0	65	0	0	0	156	0
LFQ	141	0	0	0	0	0	0	0	0	27	0	0	0	48	0	0	0	0	0	0	0	0	0	34	0	0	0	0	32	0	0	0	0	48	0	0	0	0	61	0	0	0	166	0
LFQ	142	0	0	0	0	0	0	0	0	31	0	0	0	50	0	0	0	0	0	0	0	0	0	43	0	0	0	0	41	0	0	0	0	47	0	0	0	0	58	0	0	0	145	0
LFQ	143	0	0	0	0	0	0	0	0	33	0	0	0	57	0	0	0	0	0	0	0	0	0	31	0	0	0	0	41	0	0	0	0	43	0	0	0	0	61	0	0	0	148	0
LFQ	144	0	0	0	0	0	0	0	0	20	0	0	0	49	0	0	0	0	0	0	0	0	0	39	0	0	0	0	33	0	0	0	0	66	0	0	0	0	57	0	0	0	150	0
LFQ	145	0	0	0	0	0	0	0	0	26	0	0	0	42	0	0	0	0	0	0	0	0	0	31	0	0	0	0	46	0	0	0	0	59	0	0	0	0	67	0	0	0	138	0
LFQ	146	0	0	0	0	0	0	0	0	27	0	0	0	42	0	0	0	0	0	0	0	0	0	35	0	0	0	0	33	0	0	0	0	56	0	0	0	0	64	0	0	0	144	0
LFQ	147	0	0	0	0	0	0	0	0	17	0	0	0	42	0	0	0	0	0	0	0	0	0	30	0	0	0	0	43	0	0	0	0	55	0	0	0	0	52	0	0	0	155	0
LFQ	148	0	0	0	0	0	0	0	0	21	0	0	0	49	0	0	0	0	0	0	0	0	0	34	0	0	0	0	39	0	0	0	0	40	0	0	0	0	60	0	0	0	142	0
LFQ	149	0	0	0	0	0	0	0	0	21	0	0	0	41	0	0	0	0	0	0	0	0	0	36	0	0	0	0	37	0	0	0	0	41	0	0	0	0	61	0	0	0	134	0
LFQ	150	0	0	0	0	0	0	0	0	8	0	0	0	16	0	0	0	0	0	0	0	0	0	34	0	0	0	0	58	0	0	0	0	43	0	0	0	0	70	0	0	0	123	0
LFQ	151	0	0	0	0	0	0	0	0	0	0	0	0	0	0	0	0	0	0	0	0	0	0	47	0	0	0	0	44	0	0	0	0	40	0	0	0	0	55	0	0	0	71	0
# GC Content of first fragments. Use `grep ^GCF | cut -f 2-` to extract this part.
GCF	0.50	0
GCF	1.76	1
GCF	12.81	0
GCF	24.12	1
GCF	26.13	0
GCF	27.89	1
GCF	30.15	0
GCF	32.16	2
GCF	33.17	1
GCF	33.92	0
GCF	34.42	1
GCF	34.92	8
GCF	35.43	7
GCF	36.43	3
GCF	37.44	2
GCF	38.19	6
GCF	39.20	5
GCF	39.95	2
GCF	40.45	3
GCF	40.95	5
GCF	41.46	4
GCF	41.96	5
GCF	42.96	8
GCF	43.97	9
GCF	44.72	4
GCF	45.48	6
GCF	45.98	7
GCF	46.48	2
GCF	46.98	10
GCF	47.49	9
GCF	47.99	10
GCF	48.49	6
GCF	49.25	11
GCF	51.01	10
GCF	52.51	5
GCF	53.02	8
GCF	53.77	3
GCF	54.52	1
GCF	55.03	5
GCF	55.53	4
GCF	56.03	6
GCF	56.53	8
GCF	57.04	9
GCF	57.54	7
GCF	58.04	9
GCF	58.54	8
GCF	59.05	5
GCF	59.55	8
GCF	60.05	14
GCF	60.80	13
GCF	61.56	20
GCF	62.06	9
GCF	62.81	13
GCF	63.57	5
GCF	64.07	19
GCF	64.57	18
GCF	65.08	15
GCF	65.58	13
GCF	66.08	8
GCF	66.58	7
GCF	67.09	9
GCF	67.84	6
GCF	68.59	7
GCF	69.35	6
GCF	70.10	5
GCF	70.60	4
GCF	71.11	8
GCF	71.61	7
GCF	72.11	4
GCF	72.86	2
GCF	73.62	4
GCF	74.12	1
GCF	74.62	2
GCF	75.38	1
GCF	76.63	0
GCF	77.89	1
GCF	78.89	0
GCF	79.65	4
GCF	80.15	0
GCF	80.65	1
GCF	83.42	0
GCF	86.18	1
# GC Content of last fragments. Use `grep ^GCL | cut -f 2-` to extract this part.
GCL	0.25	0
GCL	0.75	2
GCL	9.55	0
GCL	18.59	1
GCL	21.36	0
GCL	24.37	1
GCL	25.38	0
GCL	25.88	1
GCL	27.14	0
GCL	28.39	1
GCL	28.89	3
GCL	29.40	2
GCL	31.16	0
GCL	33.17	1
GCL	33.92	3
GCL	34.42	2
GCL	35.18	5
GCL	35.93	2
GCL	36.43	0
GCL	37.19	1
GCL	37.94	3
GCL	38.69	6
GCL	39.70	7
GCL	40.45	8
GCL	40.95	5
GCL	41.46	3
GCL	41.96	5
GCL	42.96	6
GCL	43.97	4
GCL	44.47	6
GCL	44.97	8
GCL	45.48	9
GCL	45.98	5
GCL	46.48	14
GCL	46.98	3
GCL	47.49	10
GCL	47.99	9
GCL	48.74	7
GCL	49.50	13
GCL	50.00	11
GCL	50.50	12
GCL	51.01	6
GCL	51.51	9
GCL	52.01	7
GCL	52.51	6
GCL	53.02	1
GCL	53.77	3
GCL	54.77	4
GCL	55.53	5
GCL	56.03	4
GCL	56.78	10
GCL	57.54	7
GCL	58.04	5
GCL	58.79	1
GCL	59.55	12
GCL	60.05	7
GCL	60.55	10
GCL	61.06	16
GCL	61.56	14
GCL	62.06	6
GCL	62.56	5
GCL	63.07	12
GCL	63.57	13
GCL	64.07	4
GCL	64.57	9
GCL	65.08	11
GCL	65.58	15
GCL	66.08	6
GCL	66.58	4
GCL	67.09	12
GCL	67.59	15
GCL	68.09	11
GCL	68.59	9
GCL	69.35	7
GCL	70.10	6
GCL	70.60	9
GCL	71.11	6
GCL	71.61	3
GCL	72.11	2
GCL	72.61	3
GCL	73.62	2
GCL	74.62	0
GCL	75.13	1
GCL	75.63	3
GCL	76.13	2
GCL	76.63	1
GCL	77.14	0
GCL	78.14	1
GCL	79.40	0
GCL	80.15	1
GCL	80.65	3
GCL	81.16	2
GCL	82.16	1
GCL	83.42	2
GCL	84.17	1
GCL	84.92	3
GCL	85.93	2
GCL	86.93	1
GCL	87.94	0
GCL	88.69	1
GCL	89.20	3
GCL	89.70	2
GCL	92.46	0
GCL	95.23	1
# ACGT content per cycle. Use `grep ^GCC | cut -f 2-` to extract this part. The columns are: cycle; A,C,G,T base counts as a percentage of all A/C/G/T bases [%]; and N and O counts as a percentage of all A/C/G/T bases [%]
GCC	1	13.92	33.52	39.20	13.36	0.45	0.00
GCC	2	22.28	27.83	27.61	22.28	0.00	0.00
GCC	3	23.06	31.60	25.28	20.07	0.00	0.00
GCC	4	28.16	24.06	25.61	22.17	0.00	0.00
GCC	5	25.83	28.05	27.38	18.74	0.00	0.00
GCC	6	25.72	26.61	24.61	23.06	0.00	0.00
GCC	7	22.62	25.94	26.61	24.83	0.00	0.00
GCC	8	20.84	29.05	25.94	24.17	0.00	0.00
GCC	9	19.73	28.05	26.94	25.28	0.00	0.00
GCC	10	25.83	22.06	27.16	24.94	0.00	0.00
GCC	11	22.73	31.15	26.94	19.18	0.00	0.00
GCC	12	21.51	28.27	30.71	19.51	0.00	0.00
GCC	13	20.84	29.49	28.16	21.51	0.00	0.00
GCC	14	23.95	25.83	27.38	22.84	0.00	0.00
GCC	15	21.51	28.71	26.05	23.73	0.00	0.00
GCC	16	25.28	25.39	25.06	24.28	0.00	0.00
GCC	17	21.51	26.16	28.71	23.61	0.00	0.00
GCC	18	24.06	29.38	26.05	20.51	0.00	0.00
GCC	19	26.39	25.17	27.49	20.95	0.00	0.00
GCC	20	23.06	28.60	28.27	20.07	0.00	0.00
GCC	21	28.27	27.05	27.16	17.52	0.00	0.00
GCC	22	25.28	28.82	21.06	24.83	0.00	0.00
GCC	23	22.06	27.27	27.94	22.73	0.00	0.00
GCC	24	23.50	29.05	27.05	20.40	0.00	0.00
GCC	25	23.17	28.05	27.83	20.95	0.00	0.00
GCC	26	21.06	26.39	29.16	23.39	0.00	0.00
GCC	27	22.54	30.02	27.12	20.31	0.67	0.00
GCC	28	24.72	25.94	25.61	23.73	0.00	0.00
GCC	29	21.51	30.04	29.38	19.07	0.00	0.00
GCC	30	25.39	28.05	26.61	19.96	0.00	0.00
GCC	31	25.72	25.72	26.50	22.06	0.00	0.00
GCC	32	25.50	27.61	25.17	21.73	0.00	0.00
GCC	33	21.40	28.82	30.71	19.07	0.00	0.00
GCC	34	25.61	25.83	24.83	23.73	0.00	0.00
GCC	35	24.61	26.39	29.16	19.84	0.00	0.00
GCC	36	22.62	28.16	28.27	20.95	0.00	0.00
GCC	37	20.84	30.38	29.38	19.40	0.00	0.00
GCC	38	24.28	26.94	29.16	19.62	0.00	0.00
GCC	39	25.50	27.27	27.61	19.62	0.00	0.00
GCC	40	22.28	26.27	27.72	23.73	0.00	0.00
GCC	41	25.50	28.60	27.05	18.85	0.00	0.00
GCC	42	25.61	29.05	25.72	19.62	0.00	0.00
GCC	43	22.73	30.49	25.94	20.84	0.00	0.00
GCC	44	24.94	28.27	26.27	20.51	0.00	0.00
GCC	45	24.17	26.72	27.94	21.18	0.00	0.00
GCC	46	20.75	27.19	28.52	23.53	0.11	0.00
GCC	47	23.06	26.16	29.49	21.29	0.00	0.00
GCC	48	22.17	29.38	25.94	22.51	0.00	0.00
GCC	49	19.40	28.49	25.94	26.16	0.00	0.00
GCC	50	24.39	28.16	27.16	20.29	0.00	0.00
GCC	51	24.39	28.49	28.38	18.74	0.00	0.00
GCC	52	21.84	26.27	29.05	22.84	0.00	0.00
GCC	53	25.39	27.38	28.05	19.18	0.00	0.00
GCC	54	21.40	27.16	28.49	22.95	0.00	0.00
GCC	55	19.84	28.27	29.93	21.95	0.00	0.00
GCC	56	23.06	26.39	27.61	22.95	0.00	0.00
GCC	57	24.28	28.82	28.60	18.29	0.00	0.00
GCC	58	25.06	26.16	27.61	21.18	0.00	0.00
GCC	59	22.17	30.04	29.05	18.74	0.00	0.00
GCC	60	20.18	30.16	29.49	20.18	0.00	0.00
GCC	61	23.39	29.49	27.16	19.96	0.00	0.00
GCC	62	23.39	27.27	27.05	22.28	0.00	0.00
GCC	63	20.18	27.83	32.26	19.73	0.00	0.00
GCC	64	22.51	27.72	27.05	22.73	0.00	0.00
GCC	65	21.40	28.16	30.71	19.73	0.00	0.00
GCC	66	23.17	29.60	28.27	18.96	0.00	0.00
GCC	67	24.72	25.72	28.94	20.62	0.00	0.00
GCC	68	22.84	30.71	25.83	20.62	0.00	0.00
GCC	69	20.51	29.27	29.05	21.18	0.00	0.00
GCC	70	23.17	28.27	27.38	21.18	0.00	0.00
GCC	71	20.84	29.82	28.94	20.40	0.00	0.00
GCC	72	22.06	29.38	27.83	20.73	0.00	0.00
GCC	73	20.40	27.83	29.60	22.17	0.00	0.00
GCC	74	21.06	27.27	28.71	22.95	0.00	0.00
GCC	75	24.06	28.38	27.83	19.73	0.00	0.00
GCC	76	25.61	26.61	27.49	20.29	0.00	0.00
GCC	77	22.39	29.16	25.94	22.51	0.00	0.00
GCC	78	25.72	23.84	28.16	22.28	0.00	0.00
GCC	79	22.06	27.61	28.71	21.62	0.00	0.00
GCC	80	22.06	27.16	28.49	22.28	0.00	0.00
GCC	81	20.18	30.16	29.82	19.84	0.00	0.00
GCC	82	23.61	28.38	30.38	17.63	0.00	0.00
GCC	83	19.18	28.27	29.71	22.84	0.00	0.00
GCC	84	22.06	28.71	29.71	19.51	0.00	0.00
GCC	85	20.40	29.27	30.16	20.18	0.00	0.00
GCC	86	23.61	27.83	25.06	23.50	0.00	0.00
GCC	87	20.40	28.94	29.27	21.40	0.00	0.00
GCC	88	22.28	25.61	25.06	27.05	0.00	0.00
GCC	89	23.06	29.71	27.05	20.18	0.00	0.00
GCC	90	22.51	26.83	27.83	22.84	0.00	0.00
GCC	91	23.95	29.82	25.72	20.51	0.00	0.00
GCC	92	22.62	26.27	32.93	18.18	0.00	0.00
GCC	93	20.51	28.60	27.94	22.95	0.00	0.00
GCC	94	22.62	25.28	31.82	20.29	0.00	0.00
GCC	95	22.95	27.27	30.60	19.18	0.00	0.00
GCC	96	24.61	28.27	26.94	20.18	0.00	0.00
GCC	97	21.62	29.05	26.94	22.39	0.00	0.00
GCC	98	23.50	28.05	28.27	20.18	0.00	0.00
GCC	99	22.17	27.38	29.93	20.51	0.00	0.00
GCC	100	22.84	27.27	28.05	21.84	0.00	0.00
GCC	101	23.09	29.19	26.53	21.20	0.00	0.00
GCC	102	21.89	26.89	29.00	22.22	0.00	0.00
GCC	103	20.89	28.44	29.44	21.22	0.00	0.00
GCC	104	23.89	28.33	27.00	20.78	0.00	0.00
GCC	105	21.33	31.22	27.22	20.22	0.00	0.00
GCC	106	19.33	28.44	31.44	20.78	0.00	0.00
GCC	107	23.16	27.17	29.73	19.93	0.00	0.00
GCC	108	23.39	27.28	27.84	21.49	0.00	0.00
GCC	109	24.05	30.29	26.95	18.71	0.00	0.00
GCC	110	22.23	26.70	27.26	23.80	0.34	0.00
GCC	111	22.61	27.17	29.29	20.94	0.00	0.00
GCC	112	22.94	27.84	29.73	19.49	0.00	0.00
GCC	113	21.76	27.57	29.69	20.98	0.00	0.00
GCC	114	23.66	27.79	27.34	21.21	0.00	0.00
GCC	115	24.55	27.79	25.78	21.88	0.00	0.00
GCC	116	23.88	29.24	26.45	20.42	0.00	0.00
GCC	117	21.54	27.01	31.58	19.87	0.00	0.00
GCC	118	21.09	29.91	28.46	20.54	0.00	0.00
GCC	119	19.91	25.84	30.76	23.49	0.00	0.00
GCC	120	22.56	24.58	30.08	22.78	0.00	0.00
GCC	121	24.49	29.10	26.07	20.34	0.00	0.00
GCC	122	21.96	27.70	28.15	22.18	0.00	0.00
GCC	123	21.42	29.09	30.21	19.28	0.00	0.00
GCC	124	25.65	26.21	26.33	21.81	0.00	0.00
GCC	125	20.25	29.86	29.19	20.70	0.00	0.00
GCC	126	23.19	26.81	28.85	21.15	0.00	0.00
GCC	127	26.92	26.70	27.60	18.78	0.00	0.00
GCC	128	22.68	26.87	27.89	22.56	0.00	0.00
GCC	129	22.25	29.63	29.51	18.62	0.00	0.00
GCC	130	22.98	26.05	30.49	20.48	0.00	0.00
GCC	131	21.87	26.08	31.21	20.84	0.00	0.00
GCC	132	21.92	27.85	28.65	21.58	0.00	0.00
GCC	133	24.66	30.05	25.46	19.84	0.00	0.00
GCC	134	23.71	25.55	26.70	24.05	0.00	0.00
GCC	135	21.06	29.23	28.42	21.29	0.00	0.00
GCC	136	24.60	29.21	23.90	22.29	0.00	0.00
GCC	137	22.92	29.17	28.94	18.98	0.00	0.00
GCC	138	23.29	26.65	29.08	20.97	0.00	0.00
GCC	139	22.04	30.39	27.73	19.84	0.00	0.00
GCC	140	20.56	29.97	27.06	22.42	0.00	0.00
GCC	141	21.40	28.14	28.72	21.74	0.00	0.00
GCC	142	22.12	27.82	28.29	21.77	0.00	0.00
GCC	143	23.54	25.52	27.51	23.43	0.00	0.00
GCC	144	24.94	26.92	29.37	18.76	0.00	0.00
GCC	145	22.18	27.23	28.40	22.18	0.00	0.00
GCC	146	20.88	25.39	31.08	22.66	0.00	0.00
GCC	147	22.00	26.80	27.76	23.44	0.00	0.00
GCC	148	19.36	30.76	27.21	22.67	0.00	0.00
GCC	149	20.45	30.81	27.78	20.96	0.00	0.00
GCC	150	25.73	27.44	28.36	18.47	0.00	0.00
GCC	151	20.13	29.28	29.12	21.46	0.00	0.00
# ACGT content per cycle, read oriented. Use `grep ^GCT | cut -f 2-` to extract this part. The columns are: cycle; A,C,G,T base counts as a percentage of all A/C/G/T bases [%]
GCT	1	13.81	33.52	39.20	13.47
GCT	2	22.28	27.72	27.72	22.28
GCT	3	22.95	31.60	25.28	20.18
GCT	4	28.16	23.95	25.72	22.17
GCT	5	25.72	28.05	27.38	18.85
GCT	6	25.61	26.61	24.61	23.17
GCT	7	22.62	26.05	26.50	24.83
GCT	8	20.95	29.05	25.94	24.06
GCT	9	19.73	28.16	26.83	25.28
GCT	10	25.83	21.95	27.27	24.94
GCT	11	22.84	31.15	26.94	19.07
GCT	12	21.51	28.16	30.82	19.51
GCT	13	20.73	29.49	28.16	21.62
GCT	14	23.84	25.83	27.38	22.95
GCT	15	21.40	28.71	26.05	23.84
GCT	16	25.28	25.28	25.17	24.28
GCT	17	21.40	26.16	28.71	23.73
GCT	18	24.06	29.27	26.16	20.51
GCT	19	26.39	25.06	27.61	20.95
GCT	20	23.06	28.71	28.16	20.07
GCT	21	28.38	27.05	27.16	17.41
GCT	22	25.17	28.82	21.06	24.94
GCT	23	21.95	27.27	27.94	22.84
GCT	24	23.50	28.94	27.16	20.40
GCT	25	23.17	27.94	27.94	20.95
GCT	26	21.18	26.39	29.16	23.28
GCT	27	22.54	30.13	27.01	20.31
GCT	28	24.72	26.05	25.50	23.73
GCT	29	21.51	29.93	29.49	19.07
GCT	30	25.28	28.05	26.61	20.07
GCT	31	25.72	25.83	26.39	22.06
GCT	32	25.61	27.61	25.17	21.62
GCT	33	21.40	28.71	30.82	19.07
GCT	34	25.61	25.94	24.72	23.73
GCT	35	24.72	26.39	29.16	19.73
GCT	36	22.62	28.05	28.38	20.95
GCT	37	20.84	30.49	29.27	19.40
GCT	38	24.39	26.94	29.16	19.51
GCT	39	25.50	27.16	27.72	19.62
GCT	40	22.39	26.27	27.72	23.61
GCT	41	25.39	28.60	27.05	18.96
GCT	42	25.72	29.05	25.72	19.51
GCT	43	22.73	30.60	25.83	20.84
GCT	44	25.06	28.27	26.27	20.40
GCT	45	24.28	26.72	27.94	21.06
GCT	46	20.75	27.30	28.41	23.53
GCT	47	22.95	26.16	29.49	21.40
GCT	48	22.28	29.38	25.94	22.39
GCT	49	19.51	28.49	25.94	26.05
GCT	50	24.39	28.05	27.27	20.29
GCT	51	24.50	28.49	28.38	18.63
GCT	52	21.73	26.27	29.05	22.95
GCT	53	25.50	27.38	28.05	19.07
GCT	54	21.40	27.27	28.38	22.95
GCT	55	19.84	28.38	29.82	21.95
GCT	56	23.06	26.27	27.72	22.95
GCT	57	24.28	28.94	28.49	18.29
GCT	58	25.06	26.27	27.49	21.18
GCT	59	22.17	29.93	29.16	18.74
GCT	60	20.07	30.16	29.49	20.29
GCT	61	23.39	29.60	27.05	19.96
GCT	62	23.39	27.38	26.94	22.28
GCT	63	20.29	27.83	32.26	19.62
GCT	64	22.39	27.72	27.05	22.84
GCT	65	21.29	28.16	30.71	19.84
GCT	66	23.06	29.60	28.27	19.07
GCT	67	24.72	25.61	29.05	20.62
GCT	68	22.95	30.71	25.83	20.51
GCT	69	20.51	29.16	29.16	21.18
GCT	70	23.17	28.38	27.27	21.18
GCT	71	20.73	29.82	28.94	20.51
GCT	72	22.06	29.27	27.94	20.73
GCT	73	20.40	27.94	29.49	22.17
GCT	74	21.18	27.27	28.71	22.84
GCT	75	24.06	28.49	27.72	19.73
GCT	76	25.61	26.72	27.38	20.29
GCT	77	22.51	29.16	25.94	22.39
GCT	78	25.72	23.73	28.27	22.28
GCT	79	21.95	27.61	28.71	21.73
GCT	80	22.06	27.05	28.60	22.28
GCT	81	20.29	30.16	29.82	19.73
GCT	82	23.50	28.38	30.38	17.74
GCT	83	19.18	28.38	29.60	22.84
GCT	84	22.17	28.71	29.71	19.40
GCT	85	20.29	29.27	30.16	20.29
GCT	86	23.61	27.72	25.17	23.50
GCT	87	20.29	28.94	29.27	21.51
GCT	88	22.17	25.61	25.06	27.16
GCT	89	22.95	29.71	27.05	20.29
GCT	90	22.39	26.83	27.83	22.95
GCT	91	23.84	29.82	25.72	20.62
GCT	92	22.73	26.27	32.93	18.07
GCT	93	20.62	28.60	27.94	22.84
GCT	94	22.62	25.39	31.71	20.29
GCT	95	23.06	27.27	30.60	19.07
GCT	96	24.50	28.27	26.94	20.29
GCT	97	21.73	29.05	26.94	22.28
GCT	98	23.50	27.94	28.38	20.18
GCT	99	22.06	27.38	29.93	20.62
GCT	100	22.84	27.38	27.94	21.84
GCT	101	23.20	29.19	26.53	21.09
GCT	102	21.89	26.78	29.11	22.22
GCT	103	20.89	28.56	29.33	21.22
GCT	104	23.89	28.22	27.11	20.78
GCT	105	21.22	31.22	27.22	20.33
GCT	106	19.33	28.33	31.56	20.78
GCT	107	23.05	27.17	29.73	20.04
GCT	108	23.39	27.39	27.73	21.49
GCT	109	24.05	30.40	26.84	18.71
GCT	110	22.12	26.70	27.26	23.91
GCT	111	22.61	27.06	29.40	20.94
GCT	112	22.94	27.73	29.84	19.49
GCT	113	21.76	27.46	29.80	20.98
GCT	114	23.66	27.90	27.23	21.21
GCT	115	24.67	27.79	25.78	21.76
GCT	116	23.88	29.13	26.56	20.42
GCT	117	21.43	27.01	31.58	19.98
GCT	118	21.09	30.02	28.35	20.54
GCT	119	20.02	25.84	30.76	23.38
GCT	120	22.67	24.58	30.08	22.67
GCT	121	24.49	29.21	25.96	20.34
GCT	122	21.96	27.59	28.27	22.18
GCT	123	21.31	29.09	30.21	19.39
GCT	124	25.65	26.10	26.44	21.81
GCT	125	20.36	29.86	29.19	20.59
GCT	126	23.19	26.70	28.96	21.15
GCT	127	26.92	26.81	27.49	18.78
GCT	128	22.79	26.87	27.89	22.45
GCT	129	22.13	29.63	29.51	18.73
GCT	130	23.09	26.05	30.49	20.36
GCT	131	21.87	25.97	31.32	20.84
GCT	132	21.80	27.85	28.65	21.69
GCT	133	24.66	29.93	25.57	19.84
GCT	134	23.82	25.55	26.70	23.94
GCT	135	21.06	29.34	28.31	21.29
GCT	136	24.60	29.10	24.02	22.29
GCT	137	22.80	29.17	28.94	19.10
GCT	138	23.17	26.65	29.08	21.09
GCT	139	21.93	30.39	27.73	19.95
GCT	140	20.56	29.85	27.18	22.42
GCT	141	21.28	28.14	28.72	21.86
GCT	142	22.12	27.94	28.17	21.77
GCT	143	23.66	25.52	27.51	23.31
GCT	144	24.94	26.81	29.49	18.76
GCT	145	22.07	27.23	28.40	22.30
GCT	146	20.76	25.39	31.08	22.78
GCT	147	21.88	26.80	27.76	23.56
GCT	148	19.36	30.64	27.33	22.67
GCT	149	20.45	30.68	27.90	20.96
GCT	150	25.59	27.44	28.36	18.60
GCT	151	20.30	29.28	29.12	21.30
# ACGT content per cycle for first fragments. Use `grep ^FBC | cut -f 2-` to extract this part. The columns are: cycle; A,C,G,T base counts as a percentage of all A/C/G/T bases [%]; and N and O counts as a percentage of all A/C/G/T bases [%]
FBC	1	14.19	33.26	41.69	10.86	0.00	0.00
FBC	2	24.83	27.72	24.83	22.62	0.00	0.00
FBC	3	23.95	32.37	25.28	18.40	0.00	0.00
FBC	4	26.61	24.17	27.49	21.73	0.00	0.00
FBC	5	23.73	32.37	26.39	17.52	0.00	0.00
FBC	6	28.60	23.28	24.39	23.73	0.00	0.00
FBC	7	18.85	28.38	29.05	23.73	0.00	0.00
FBC	8	19.73	29.71	26.16	24.39	0.00	0.00
FBC	9	23.95	26.61	26.16	23.28	0.00	0.00
FBC	10	25.72	22.62	26.39	25.28	0.00	0.00
FBC	11	23.06	31.04	27.05	18.85	0.00	0.00
FBC	12	22.84	27.27	30.16	19.73	0.00	0.00
FBC	13	21.73	33.04	27.72	17.52	0.00	0.00
FBC	14	24.17	25.94	25.94	23.95	0.00	0.00
FBC	15	21.73	27.94	24.61	25.72	0.00	0.00
FBC	16	25.72	25.94	22.39	25.94	0.00	0.00
FBC	17	19.73	27.05	27.94	25.28	0.00	0.00
FBC	18	23.06	27.27	26.39	23.28	0.00	0.00
FBC	19	26.39	25.50	28.60	19.51	0.00	0.00
FBC	20	22.62	29.71	28.38	19.29	0.00	0.00
FBC	21	29.71	27.27	25.94	17.07	0.00	0.00
FBC	22	24.17	29.71	17.96	28.16	0.00	0.00
FBC	23	23.73	26.16	27.05	23.06	0.00	0.00
FBC	24	21.73	29.05	26.39	22.84	0.00	0.00
FBC	25	22.62	28.60	27.49	21.29	0.00	0.00
FBC	26	21.06	26.83	27.94	24.17	0.00	0.00
FBC	27	21.73	30.38	27.72	20.18	0.00	0.00
FBC	28	23.06	24.39	26.16	26.39	0.00	0.00
FBC	29	22.39	30.82	27.72	19.07	0.00	0.00
FBC	30	26.16	26.61	25.06	22.17	0.00	0.00
FBC	31	24.61	28.16	27.72	19.51	0.00	0.00
FBC	32	23.28	28.60	25.28	22.84	0.00	0.00
FBC	33	20.18	29.49	30.82	19.51	0.00	0.00
FBC	34	25.72	26.16	24.83	23.28	0.00	0.00
FBC	35	25.06	25.94	27.72	21.29	0.00	0.00
FBC	36	24.17	25.72	29.93	20.18	0.00	0.00
FBC	37	21.51	27.94	31.71	18.85	0.00	0.00
FBC	38	24.83	24.61	30.60	19.96	0.00	0.00
FBC	39	25.50	28.82	26.39	19.29	0.00	0.00
FBC	40	23.95	27.49	26.83	21.73	0.00	0.00
FBC	41	23.95	28.82	27.27	19.96	0.00	0.00
FBC	42	28.16	29.93	22.17	19.73	0.00	0.00
FBC	43	22.39	31.26	24.17	22.17	0.00	0.00
FBC	44	24.17	28.38	24.83	22.62	0.00	0.00
FBC	45	20.84	28.38	27.49	23.28	0.00	0.00
FBC	46	20.00	26.44	28.67	24.89	0.22	0.00
FBC	47	24.83	25.72	27.72	21.73	0.00	0.00
FBC	48	22.84	31.26	22.39	23.50	0.00	0.00
FBC	49	19.73	25.72	26.16	28.38	0.00	0.00
FBC	50	25.28	29.71	25.72	19.29	0.00	0.00
FBC	51	23.95	27.05	29.05	19.96	0.00	0.00
FBC	52	21.06	27.49	28.16	23.28	0.00	0.00
FBC	53	24.83	26.16	29.93	19.07	0.00	0.00
FBC	54	20.62	26.39	27.94	25.06	0.00	0.00
FBC	55	18.85	27.05	29.71	24.39	0.00	0.00
FBC	56	19.73	28.60	27.72	23.95	0.00	0.00
FBC	57	22.17	29.93	28.82	19.07	0.00	0.00
FBC	58	23.28	27.72	26.16	22.84	0.00	0.00
FBC	59	22.84	29.71	28.38	19.07	0.00	0.00
FBC	60	19.96	32.59	25.72	21.73	0.00	0.00
FBC	61	22.39	32.59	23.73	21.29	0.00	0.00
FBC	62	21.73	29.93	26.16	22.17	0.00	0.00
FBC	63	19.96	28.16	34.15	17.74	0.00	0.00
FBC	64	21.51	28.60	26.16	23.73	0.00	0.00
FBC	65	20.40	29.49	31.04	19.07	0.00	0.00
FBC	66	22.17	28.60	31.04	18.18	0.00	0.00
FBC	67	23.73	25.28	29.49	21.51	0.00	0.00
FBC	68	23.06	29.71	25.94	21.29	0.00	0.00
FBC	69	19.73	27.05	31.49	21.73	0.00	0.00
FBC	70	22.39	28.82	25.50	23.28	0.00	0.00
FBC	71	21.29	28.16	27.94	22.62	0.00	0.00
FBC	72	24.39	26.83	26.83	21.95	0.00	0.00
FBC	73	20.62	27.94	29.05	22.39	0.00	0.00
FBC	74	21.95	27.72	28.38	21.95	0.00	0.00
FBC	75	23.73	28.16	28.38	19.73	0.00	0.00
FBC	76	27.94	25.06	24.17	22.84	0.00	0.00
FBC	77	25.94	27.72	25.06	21.29	0.00	0.00
FBC	78	26.39	22.17	27.49	23.95	0.00	0.00
FBC	79	19.07	30.38	27.27	23.28	0.00	0.00
FBC	80	22.62	28.16	26.16	23.06	0.00	0.00
FBC	81	19.29	30.16	26.83	23.73	0.00	0.00
FBC	82	22.17	26.39	31.49	19.96	0.00	0.00
FBC	83	19.07	29.93	28.60	22.39	0.00	0.00
FBC	84	22.39	26.83	29.27	21.51	0.00	0.00
FBC	85	19.51	31.04	27.94	21.51	0.00	0.00
FBC	86	24.17	25.06	24.39	26.39	0.00	0.00
FBC	87	19.96	29.71	28.82	21.51	0.00	0.00
FBC	88	21.95	25.50	25.50	27.05	0.00	0.00
FBC	89	24.39	28.60	25.94	21.06	0.00	0.00
FBC	90	23.28	23.73	29.27	23.73	0.00	0.00
FBC	91	21.95	32.82	24.83	20.40	0.00	0.00
FBC	92	21.51	26.61	30.16	21.73	0.00	0.00
FBC	93	20.18	27.27	27.72	24.83	0.00	0.00
FBC	94	19.96	25.06	33.04	21.95	0.00	0.00
FBC	95	24.17	26.39	29.93	19.51	0.00	0.00
FBC	96	26.39	27.72	27.49	18.40	0.00	0.00
FBC	97	24.17	30.82	23.50	21.51	0.00	0.00
FBC	98	25.06	23.28	29.49	22.17	0.00	0.00
FBC	99	23.06	27.94	26.39	22.62	0.00	0.00
FBC	100	23.73	27.27	23.95	25.06	0.00	0.00
FBC	101	21.33	33.78	26.44	18.44	0.00	0.00
FBC	102	23.78	24.22	27.78	24.22	0.00	0.00
FBC	103	20.22	29.56	30.67	19.56	0.00	0.00
FBC	104	24.00	28.44	27.56	20.00	0.00	0.00
FBC	105	20.89	29.78	26.89	22.44	0.00	0.00
FBC	106	18.89	27.11	33.11	20.89	0.00	0.00
FBC	107	22.00	26.67	30.44	20.89	0.00	0.00
FBC	108	25.11	28.67	23.78	22.44	0.00	0.00
FBC	109	24.89	29.33	28.00	17.78	0.00	0.00
FBC	110	24.00	21.56	29.56	24.89	0.00	0.00
FBC	111	24.44	28.44	28.44	18.67	0.00	0.00
FBC	112	21.11	30.00	29.78	19.11	0.00	0.00
FBC	113	20.44	30.22	31.11	18.22	0.00	0.00
FBC	114	23.78	26.89	26.22	23.11	0.00	0.00
FBC	115	25.78	26.00	24.22	24.00	0.00	0.00
FBC	116	23.11	28.89	25.33	22.67	0.00	0.00
FBC	117	21.56	27.33	32.89	18.22	0.00	0.00
FBC	118	21.33	29.33	29.11	20.22	0.00	0.00
FBC	119	22.44	25.33	29.56	22.67	0.00	0.00
FBC	120	23.56	26.22	27.78	22.44	0.00	0.00
FBC	121	21.78	28.67	27.33	22.22	0.00	0.00
FBC	122	22.05	25.84	28.06	24.05	0.00	0.00
FBC	123	22.49	29.18	28.95	19.38	0.00	0.00
FBC	124	26.28	26.73	24.72	22.27	0.00	0.00
FBC	125	20.49	30.51	28.06	20.94	0.00	0.00
FBC	126	21.38	24.94	31.85	21.83	0.00	0.00
FBC	127	26.50	27.62	27.39	18.49	0.00	0.00
FBC	128	22.10	26.79	29.24	21.88	0.00	0.00
FBC	129	21.43	26.56	29.91	22.10	0.00	0.00
FBC	130	22.10	27.23	29.24	21.43	0.00	0.00
FBC	131	21.48	26.85	31.10	20.58	0.00	0.00
FBC	132	21.03	25.50	28.41	25.06	0.00	0.00
FBC	133	23.99	30.04	25.78	20.18	0.00	0.00
FBC	134	26.01	22.87	26.91	24.22	0.00	0.00
FBC	135	22.42	28.92	28.70	19.96	0.00	0.00
FBC	136	24.94	28.09	24.72	22.25	0.00	0.00
FBC	137	25.68	27.70	28.15	18.47	0.00	0.00
FBC	138	22.97	24.10	32.66	20.27	0.00	0.00
FBC	139	20.72	31.08	27.03	21.17	0.00	0.00
FBC	140	19.37	31.53	27.93	21.17	0.00	0.00
FBC	141	22.30	26.13	28.15	23.42	0.00	0.00
FBC	142	22.75	26.35	27.93	22.97	0.00	0.00
FBC	143	21.85	24.55	27.70	25.90	0.00	0.00
FBC	144	28.15	27.93	25.23	18.69	0.00	0.00
FBC	145	21.22	26.41	28.89	23.48	0.00	0.00
FBC	146	21.49	24.89	29.86	23.76	0.00	0.00
FBC	147	21.23	27.17	25.11	26.48	0.00	0.00
FBC	148	17.63	31.09	26.45	24.83	0.00	0.00
FBC	149	20.19	33.73	27.08	19.00	0.00	0.00
FBC	150	29.31	24.63	27.83	18.23	0.00	0.00
FBC	151	18.90	28.49	27.91	24.71	0.00	0.00
# ACGT raw counters for first fragments. Use `grep ^FTC | cut -f 2-` to extract this part. The columns are: A,C,G,T,N base counters
FTC	15418	18863	18722	14738	1
# ACGT content per cycle for last fragments. Use `grep ^LBC | cut -f 2-` to extract this part. The columns are: cycle; A,C,G,T base counts as a percentage of all A/C/G/T bases [%]; and N and O counts as a percentage of all A/C/G/T bases [%]
LBC	1	13.65	33.78	36.69	15.88	0.89	0.00
LBC	2	19.73	27.94	30.38	21.95	0.00	0.00
LBC	3	22.17	30.82	25.28	21.73	0.00	0.00
LBC	4	29.71	23.95	23.73	22.62	0.00	0.00
LBC	5	27.94	23.73	28.38	19.96	0.00	0.00
LBC	6	22.84	29.93	24.83	22.39	0.00	0.00
LBC	7	26.39	23.50	24.17	25.94	0.00	0.00
LBC	8	21.95	28.38	25.72	23.95	0.00	0.00
LBC	9	15.52	29.49	27.72	27.27	0.00	0.00
LBC	10	25.94	21.51	27.94	24.61	0.00	0.00
LBC	11	22.39	31.26	26.83	19.51	0.00	0.00
LBC	12	20.18	29.27	31.26	19.29	0.00	0.00
LBC	13	19.96	25.94	28.60	25.50	0.00	0.00
LBC	14	23.73	25.72	28.82	21.73	0.00	0.00
LBC	15	21.29	29.49	27.49	21.73	0.00	0.00
LBC	16	24.83	24.83	27.72	22.62	0.00	0.00
LBC	17	23.28	25.28	29.49	21.95	0.00	0.00
LBC	18	25.06	31.49	25.72	17.74	0.00	0.00
LBC	19	26.39	24.83	26.39	22.39	0.00	0.00
LBC	20	23.50	27.49	28.16	20.84	0.00	0.00
LBC	21	26.83	26.83	28.38	17.96	0.00	0.00
LBC	22	26.39	27.94	24.17	21.51	0.00	0.00
LBC	23	20.40	28.38	28.82	22.39	0.00	0.00
LBC	24	25.28	29.05	27.72	17.96	0.00	0.00
LBC	25	23.73	27.49	28.16	20.62	0.00	0.00
LBC	26	21.06	25.94	30.38	22.62	0.00	0.00
LBC	27	23.37	29.66	26.52	20.45	1.35	0.00
LBC	28	26.39	27.49	25.06	21.06	0.00	0.00
LBC	29	20.62	29.27	31.04	19.07	0.00	0.00
LBC	30	24.61	29.49	28.16	17.74	0.00	0.00
LBC	31	26.83	23.28	25.28	24.61	0.00	0.00
LBC	32	27.72	26.61	25.06	20.62	0.00	0.00
LBC	33	22.62	28.16	30.60	18.63	0.00	0.00
LBC	34	25.50	25.50	24.83	24.17	0.00	0.00
LBC	35	24.17	26.83	30.60	18.40	0.00	0.00
LBC	36	21.06	30.60	26.61	21.73	0.00	0.00
LBC	37	20.18	32.82	27.05	19.96	0.00	0.00
LBC	38	23.73	29.27	27.72	19.29	0.00	0.00
LBC	39	25.50	25.72	28.82	19.96	0.00	0.00
LBC	40	20.62	25.06	28.60	25.72	0.00	0.00
LBC	41	27.05	28.38	26.83	17.74	0.00	0.00
LBC	42	23.06	28.16	29.27	19.51	0.00	0.00
LBC	43	23.06	29.71	27.72	19.51	0.00	0.00
LBC	44	25.72	28.16	27.72	18.40	0.00	0.00
LBC	45	27.49	25.06	28.38	19.07	0.00	0.00
LBC	46	21.51	27.94	28.38	22.17	0.00	0.00
LBC	47	21.29	26.61	31.26	20.84	0.00	0.00
LBC	48	21.51	27.49	29.49	21.51	0.00	0.00
LBC	49	19.07	31.26	25.72	23.95	0.00	0.00
LBC	50	23.50	26.61	28.60	21.29	0.00	0.00
LBC	51	24.83	29.93	27.72	17.52	0.00	0.00
LBC	52	22.62	25.06	29.93	22.39	0.00	0.00
LBC	53	25.94	28.60	26.16	19.29	0.00	0.00
LBC	54	22.17	27.94	29.05	20.84	0.00	0.00
LBC	55	20.84	29.49	30.16	19.51	0.00	0.00
LBC	56	26.39	24.17	27.49	21.95	0.00	0.00
LBC	57	26.39	27.72	28.38	17.52	0.00	0.00
LBC	58	26.83	24.61	29.05	19.51	0.00	0.00
LBC	59	21.51	30.38	29.71	18.40	0.00	0.00
LBC	60	20.40	27.72	33.26	18.63	0.00	0.00
LBC	61	24.39	26.39	30.60	18.63	0.00	0.00
LBC	62	25.06	24.61	27.94	22.39	0.00	0.00
LBC	63	20.40	27.49	30.38	21.73	0.00	0.00
LBC	64	23.50	26.83	27.94	21.73	0.00	0.00
LBC	65	22.39	26.83	30.38	20.40	0.00	0.00
LBC	66	24.17	30.60	25.50	19.73	0.00	0.00
LBC	67	25.72	26.16	28.38	19.73	0.00	0.00
LBC	68	22.62	31.71	25.72	19.96	0.00	0.00
LBC	69	21.29	31.49	26.61	20.62	0.00	0.00
LBC	70	23.95	27.72	29.27	19.07	0.00	0.00
LBC	71	20.40	31.49	29.93	18.18	0.00	0.00
LBC	72	19.73	31.93	28.82	19.51	0.00	0.00
LBC	73	20.18	27.72	30.16	21.95	0.00	0.00
LBC	74	20.18	26.83	29.05	23.95	0.00	0.00
LBC	75	24.39	28.60	27.27	19.73	0.00	0.00
LBC	76	23.28	28.16	30.82	17.74	0.00	0.00
LBC	77	18.85	30.60	26.83	23.73	0.00	0.00
LBC	78	25.06	25.50	28.82	20.62	0.00	0.00
LBC	79	25.06	24.83	30.16	19.96	0.00	0.00
LBC	80	21.51	26.16	30.82	21.51	0.00	0.00
LBC	81	21.06	30.16	32.82	15.96	0.00	0.00
LBC	82	25.06	30.38	29.27	15.30	0.00	0.00
LBC	83	19.29	26.61	30.82	23.28	0.00	0.00
LBC	84	21.73	30.60	30.16	17.52	0.00	0.00
LBC	85	21.29	27.49	32.37	18.85	0.00	0.00
LBC	86	23.06	30.60	25.72	20.62	0.00	0.00
LBC	87	20.84	28.16	29.71	21.29	0.00	0.00
LBC	88	22.62	25.72	24.61	27.05	0.00	0.00
LBC	89	21.73	30.82	28.16	19.29	0.00	0.00
LBC	90	21.73	29.93	26.39	21.95	0.00	0.00
LBC	91	25.94	26.83	26.61	20.62	0.00	0.00
LBC	92	23.73	25.94	35.70	14.63	0.00	0.00
LBC	93	20.84	29.93	28.16	21.06	0.00	0.00
LBC	94	25.28	25.50	30.60	18.63	0.00	0.00
LBC	95	21.73	28.16	31.26	18.85	0.00	0.00
LBC	96	22.84	28.82	26.39	21.95	0.00	0.00
LBC	97	19.07	27.27	30.38	23.28	0.00	0.00
LBC	98	21.95	32.82	27.05	18.18	0.00	0.00
LBC	99	21.29	26.83	33.48	18.40	0.00	0.00
LBC	100	21.95	27.27	32.15	18.63	0.00	0.00
LBC	101	24.83	24.61	26.61	23.95	0.00	0.00
LBC	102	20.00	29.56	30.22	20.22	0.00	0.00
LBC	103	21.56	27.33	28.22	22.89	0.00	0.00
LBC	104	23.78	28.22	26.44	21.56	0.00	0.00
LBC	105	21.78	32.67	27.56	18.00	0.00	0.00
LBC	106	19.78	29.78	29.78	20.67	0.00	0.00
LBC	107	24.33	27.68	29.02	18.97	0.00	0.00
LBC	108	21.65	25.89	31.92	20.54	0.00	0.00
LBC	109	23.21	31.25	25.89	19.64	0.00	0.00
LBC	110	20.45	31.91	24.94	22.70	0.67	0.00
LBC	111	20.76	25.89	30.13	23.21	0.00	0.00
LBC	112	24.78	25.67	29.69	19.87	0.00	0.00
LBC	113	23.09	24.89	28.25	23.77	0.00	0.00
LBC	114	23.54	28.70	28.48	19.28	0.00	0.00
LBC	115	23.32	29.60	27.35	19.73	0.00	0.00
LBC	116	24.66	29.60	27.58	18.16	0.00	0.00
LBC	117	21.52	26.68	30.27	21.52	0.00	0.00
LBC	118	20.85	30.49	27.80	20.85	0.00	0.00
LBC	119	17.34	26.35	31.98	24.32	0.00	0.00
LBC	120	21.54	22.90	32.43	23.13	0.00	0.00
LBC	121	27.27	29.55	24.77	18.41	0.00	0.00
LBC	122	21.87	29.61	28.25	20.27	0.00	0.00
LBC	123	20.32	29.00	31.51	19.18	0.00	0.00
LBC	124	25.00	25.69	27.98	21.33	0.00	0.00
LBC	125	20.00	29.20	30.34	20.46	0.00	0.00
LBC	126	25.06	28.74	25.75	20.46	0.00	0.00
LBC	127	27.36	25.75	27.82	19.08	0.00	0.00
LBC	128	23.27	26.96	26.50	23.27	0.00	0.00
LBC	129	23.09	32.79	29.10	15.01	0.00	0.00
LBC	130	23.90	24.83	31.79	19.49	0.00	0.00
LBC	131	22.27	25.29	31.32	21.11	0.00	0.00
LBC	132	22.84	30.30	28.90	17.95	0.00	0.00
LBC	133	25.35	30.05	25.12	19.48	0.00	0.00
LBC	134	21.28	28.37	26.48	23.88	0.00	0.00
LBC	135	19.62	29.55	28.13	22.70	0.00	0.00
LBC	136	24.23	30.40	23.04	22.33	0.00	0.00
LBC	137	20.00	30.71	29.76	19.52	0.00	0.00
LBC	138	23.63	29.36	25.30	21.72	0.00	0.00
LBC	139	23.44	29.67	28.47	18.42	0.00	0.00
LBC	140	21.82	28.30	26.14	23.74	0.00	0.00
LBC	141	20.43	30.29	29.33	19.95	0.00	0.00
LBC	142	21.45	29.40	28.67	20.48	0.00	0.00
LBC	143	25.36	26.57	27.29	20.77	0.00	0.00
LBC	144	21.50	25.85	33.82	18.84	0.00	0.00
LBC	145	23.23	28.12	27.87	20.78	0.00	0.00
LBC	146	20.20	25.94	32.42	21.45	0.00	0.00
LBC	147	22.84	26.40	30.71	20.05	0.00	0.00
LBC	148	21.30	30.39	28.05	20.26	0.00	0.00
LBC	149	20.75	27.49	28.57	23.18	0.00	0.00
LBC	150	21.59	30.68	28.98	18.75	0.00	0.00
LBC	151	21.79	30.35	30.74	17.12	0.00	0.00
# ACGT raw counters for last fragments. Use `grep ^LTC | cut -f 2-` to extract this part. The columns are: A,C,G,T,N base counters
LTC	15256	18742	19065	13785	13
# Insert sizes. Use `grep ^IS | cut -f 2-` to extract this part. The columns are: insert size, pairs total, inward oriented pairs, outward oriented pairs, other pairs
IS	0	0	0	0	0
IS	1	0	0	0	0
IS	2	0	0	0	0
IS	3	0	0	0	0
IS	4	0	0	0	0
IS	5	0	0	0	0
IS	6	0	0	0	0
IS	7	0	0	0	0
IS	8	0	0	0	0
IS	9	0	0	0	0
IS	10	0	0	0	0
IS	11	0	0	0	0
IS	12	0	0	0	0
IS	13	0	0	0	0
IS	14	0	0	0	0
IS	15	0	0	0	0
IS	16	0	0	0	0
IS	17	0	0	0	0
IS	18	0	0	0	0
IS	19	0	0	0	0
IS	20	0	0	0	0
IS	21	0	0	0	0
IS	22	0	0	0	0
IS	23	0	0	0	0
IS	24	0	0	0	0
IS	25	0	0	0	0
IS	26	0	0	0	0
IS	27	0	0	0	0
IS	28	0	0	0	0
IS	29	0	0	0	0
IS	30	0	0	0	0
IS	31	0	0	0	0
IS	32	0	0	0	0
IS	33	0	0	0	0
IS	34	0	0	0	0
IS	35	0	0	0	0
IS	36	0	0	0	0
IS	37	0	0	0	0
IS	38	0	0	0	0
IS	39	0	0	0	0
IS	40	0	0	0	0
IS	41	0	0	0	0
IS	42	0	0	0	0
IS	43	0	0	0	0
IS	44	0	0	0	0
IS	45	0	0	0	0
IS	46	0	0	0	0
IS	47	0	0	0	0
IS	48	0	0	0	0
IS	49	0	0	0	0
IS	50	0	0	0	0
IS	51	0	0	0	0
IS	52	0	0	0	0
IS	53	0	0	0	0
IS	54	0	0	0	0
IS	55	0	0	0	0
IS	56	0	0	0	0
IS	57	0	0	0	0
IS	58	0	0	0	0
IS	59	0	0	0	0
IS	60	0	0	0	0
IS	61	0	0	0	0
IS	62	0	0	0	0
IS	63	0	0	0	0
IS	64	0	0	0	0
IS	65	0	0	0	0
IS	66	0	0	0	0
IS	67	0	0	0	0
IS	68	0	0	0	0
IS	69	0	0	0	0
IS	70	0	0	0	0
IS	71	0	0	0	0
IS	72	0	0	0	0
IS	73	0	0	0	0
IS	74	0	0	0	0
IS	75	0	0	0	0
IS	76	0	0	0	0
IS	77	0	0	0	0
IS	78	0	0	0	0
IS	79	0	0	0	0
IS	80	0	0	0	0
IS	81	0	0	0	0
IS	82	0	0	0	0
IS	83	0	0	0	0
IS	84	0	0	0	0
IS	85	0	0	0	0
IS	86	0	0	0	0
IS	87	0	0	0	0
IS	88	0	0	0	0
IS	89	0	0	0	0
IS	90	0	0	0	0
IS	91	0	0	0	0
IS	92	0	0	0	0
IS	93	0	0	0	0
IS	94	0	0	0	0
IS	95	0	0	0	0
IS	96	0	0	0	0
IS	97	0	0	0	0
IS	98	0	0	0	0
IS	99	0	0	0	0
IS	100	0	0	0	0
IS	101	0	0	0	0
IS	102	0	0	0	0
IS	103	0	0	0	0
IS	104	0	0	0	0
IS	105	0	0	0	0
IS	106	0	0	0	0
IS	107	0	0	0	0
IS	108	0	0	0	0
IS	109	0	0	0	0
IS	110	0	0	0	0
IS	111	0	0	0	0
IS	112	0	0	0	0
IS	113	0	0	0	0
IS	114	0	0	0	0
IS	115	0	0	0	0
IS	116	0	0	0	0
IS	117	0	0	0	0
IS	118	0	0	0	0
IS	119	0	0	0	0
IS	120	0	0	0	0
IS	121	0	0	0	0
IS	122	0	0	0	0
IS	123	0	0	0	0
IS	124	0	0	0	0
IS	125	0	0	0	0
IS	126	0	0	0	0
IS	127	0	0	0	0
IS	128	0	0	0	0
IS	129	0	0	0	0
IS	130	0	0	0	0
IS	131	0	0	0	0
IS	132	0	0	0	0
IS	133	0	0	0	0
IS	134	0	0	0	0
IS	135	0	0	0	0
IS	136	0	0	0	0
IS	137	0	0	0	0
IS	138	0	0	0	0
IS	139	0	0	0	0
IS	140	0	0	0	0
IS	141	0	0	0	0
IS	142	0	0	0	0
IS	143	0	0	0	0
IS	144	0	0	0	0
IS	145	0	0	0	0
IS	146	0	0	0	0
IS	147	0	0	0	0
IS	148	0	0	0	0
IS	149	0	0	0	0
IS	150	0	0	0	0
IS	151	0	0	0	0
IS	152	0	0	0	0
IS	153	0	0	0	0
IS	154	0	0	0	0
IS	155	0	0	0	0
IS	156	0	0	0	0
IS	157	0	0	0	0
IS	158	0	0	0	0
IS	159	0	0	0	0
IS	160	0	0	0	0
IS	161	0	0	0	0
IS	162	0	0	0	0
IS	163	0	0	0	0
IS	164	0	0	0	0
IS	165	0	0	0	0
IS	166	0	0	0	0
IS	167	0	0	0	0
IS	168	0	0	0	0
IS	169	0	0	0	0
IS	170	0	0	0	0
IS	171	0	0	0	0
IS	172	0	0	0	0
IS	173	0	0	0	0
IS	174	0	0	0	0
IS	175	0	0	0	0
IS	176	0	0	0	0
IS	177	0	0	0	0
IS	178	0	0	0	0
IS	179	0	0	0	0
IS	180	0	0	0	0
IS	181	0	0	0	0
IS	182	0	0	0	0
IS	183	0	0	0	0
IS	184	0	0	0	0
IS	185	0	0	0	0
IS	186	0	0	0	0
IS	187	0	0	0	0
IS	188	0	0	0	0
IS	189	0	0	0	0
IS	190	0	0	0	0
IS	191	0	0	0	0
IS	192	0	0	0	0
IS	193	0	0	0	0
IS	194	0	0	0	0
IS	195	0	0	0	0
IS	196	0	0	0	0
IS	197	0	0	0	0
IS	198	0	0	0	0
IS	199	0	0	0	0
IS	200	0	0	0	0
IS	201	0	0	0	0
IS	202	0	0	0	0
IS	203	0	0	0	0
IS	204	0	0	0	0
IS	205	0	0	0	0
IS	206	0	0	0	0
IS	207	0	0	0	0
IS	208	0	0	0	0
IS	209	0	0	0	0
IS	210	0	0	0	0
IS	211	0	0	0	0
IS	212	0	0	0	0
IS	213	0	0	0	0
IS	214	0	0	0	0
IS	215	0	0	0	0
IS	216	0	0	0	0
IS	217	0	0	0	0
IS	218	0	0	0	0
IS	219	0	0	0	0
IS	220	0	0	0	0
IS	221	0	0	0	0
IS	222	0	0	0	0
IS	223	0	0	0	0
IS	224	0	0	0	0
IS	225	0	0	0	0
IS	226	0	0	0	0
IS	227	0	0	0	0
IS	228	0	0	0	0
IS	229	0	0	0	0
IS	230	0	0	0	0
IS	231	0	0	0	0
IS	232	0	0	0	0
IS	233	0	0	0	0
IS	234	0	0	0	0
IS	235	0	0	0	0
IS	236	0	0	0	0
IS	237	0	0	0	0
IS	238	0	0	0	0
IS	239	0	0	0	0
IS	240	0	0	0	0
IS	241	0	0	0	0
IS	242	0	0	0	0
IS	243	0	0	0	0
IS	244	0	0	0	0
IS	245	0	0	0	0
IS	246	0	0	0	0
IS	247	0	0	0	0
IS	248	0	0	0	0
IS	249	0	0	0	0
IS	250	0	0	0	0
IS	251	0	0	0	0
IS	252	0	0	0	0
IS	253	0	0	0	0
IS	254	0	0	0	0
IS	255	0	0	0	0
IS	256	0	0	0	0
IS	257	0	0	0	0
IS	258	0	0	0	0
IS	259	0	0	0	0
IS	260	0	0	0	0
IS	261	0	0	0	0
IS	262	0	0	0	0
IS	263	0	0	0	0
IS	264	0	0	0	0
IS	265	0	0	0	0
IS	266	0	0	0	0
IS	267	0	0	0	0
IS	268	0	0	0	0
IS	269	0	0	0	0
IS	270	0	0	0	0
IS	271	0	0	0	0
IS	272	0	0	0	0
IS	273	0	0	0	0
IS	274	0	0	0	0
IS	275	0	0	0	0
IS	276	0	0	0	0
IS	277	0	0	0	0
IS	278	0	0	0	0
IS	279	0	0	0	0
IS	280	0	0	0	0
IS	281	0	0	0	0
IS	282	0	0	0	0
IS	283	0	0	0	0
IS	284	0	0	0	0
IS	285	0	0	0	0
IS	286	0	0	0	0
IS	287	0	0	0	0
IS	288	0	0	0	0
IS	289	0	0	0	0
IS	290	0	0	0	0
IS	291	0	0	0	0
IS	292	0	0	0	0
IS	293	0	0	0	0
IS	294	0	0	0	0
IS	295	0	0	0	0
IS	296	0	0	0	0
IS	297	0	0	0	0
IS	298	0	0	0	0
IS	299	0	0	0	0
IS	300	0	0	0	0
IS	301	0	0	0	0
IS	302	0	0	0	0
IS	303	0	0	0	0
IS	304	0	0	0	0
IS	305	0	0	0	0
IS	306	0	0	0	0
IS	307	0	0	0	0
IS	308	0	0	0	0
IS	309	0	0	0	0
IS	310	0	0	0	0
IS	311	0	0	0	0
IS	312	0	0	0	0
IS	313	0	0	0	0
IS	314	0	0	0	0
IS	315	0	0	0	0
IS	316	0	0	0	0
IS	317	0	0	0	0
IS	318	0	0	0	0
IS	319	0	0	0	0
IS	320	0	0	0	0
IS	321	0	0	0	0
IS	322	0	0	0	0
IS	323	0	0	0	0
IS	324	0	0	0	0
IS	325	0	0	0	0
IS	326	0	0	0	0
IS	327	0	0	0	0
IS	328	0	0	0	0
IS	329	0	0	0	0
IS	330	0	0	0	0
IS	331	0	0	0	0
IS	332	0	0	0	0
IS	333	0	0	0	0
IS	334	0	0	0	0
IS	335	0	0	0	0
IS	336	0	0	0	0
IS	337	0	0	0	0
IS	338	0	0	0	0
IS	339	0	0	0	0
IS	340	1	1	0	0
# Read lengths. Use `grep ^RL | cut -f 2-` to extract this part. The columns are: read length, count
RL	100	1
RL	101	1
RL	106	2
RL	112	2
RL	118	2
RL	119	3
RL	120	1
RL	121	2
RL	122	1
RL	123	2
RL	124	1
RL	127	2
RL	128	1
RL	129	2
RL	130	1
RL	131	2
RL	132	4
RL	133	3
RL	135	3
RL	136	2
RL	137	1
RL	138	1
RL	139	1
RL	140	1
RL	141	1
RL	142	1
RL	144	6
RL	145	9
RL	146	11
RL	147	16
RL	148	24
RL	149	34
RL	150	157
RL	151	601
# Read lengths - first fragments. Use `grep ^FRL | cut -f 2-` to extract this part. The columns are: read length, count
FRL	100	1
FRL	121	1
FRL	127	1
FRL	130	1
FRL	132	1
FRL	135	1
FRL	136	1
FRL	144	1
FRL	145	1
FRL	146	4
FRL	147	7
FRL	148	10
FRL	149	15
FRL	150	62
FRL	151	344
# Read lengths - last fragments. Use `grep ^LRL | cut -f 2-` to extract this part. The columns are: read length, count
LRL	101	1
LRL	106	2
LRL	112	2
LRL	118	2
LRL	119	3
LRL	120	1
LRL	121	1
LRL	122	1
LRL	123	2
LRL	124	1
LRL	127	1
LRL	128	1
LRL	129	2
LRL	131	2
LRL	132	3
LRL	133	3
LRL	135	2
LRL	136	1
LRL	137	1
LRL	138	1
LRL	139	1
LRL	140	1
LRL	141	1
LRL	142	1
LRL	144	5
LRL	145	8
LRL	146	7
LRL	147	9
LRL	148	14
LRL	149	19
LRL	150	95
LRL	151	257
# Mapping qualities for reads !(UNMAP|SECOND|SUPPL|QCFAIL|DUP). Use `grep ^MAPQ | cut -f 2-` to extract this part. The columns are: mapq, count
MAPQ	23	2
# Indel distribution. Use `grep ^ID | cut -f 2-` to extract this part. The columns are: length, number of insertions, number of deletions
# Indels per cycle. Use `grep ^IC | cut -f 2-` to extract this part. The columns are: cycle, number of insertions (fwd), .. (rev) , number of deletions (fwd), .. (rev)
# Coverage distribution. Use `grep ^COV | cut -f 2-` to extract this part.
COV	[1-1]	1	302
# GC-depth. Use `grep ^GCD | cut -f 2-` to extract this part. The columns are: GC%, unique sequence percentiles, 10th, 25th, 50th, 75th and 90th depth percentile
GCD	0.0	100.000	0.000	0.000	0.000	0.000	0.000
