# This file was produced by samtools stats (1.21+htslib-1.21) and can be plotted using plot-bamstats
# This file contains statistics for all reads.
# The command line was:  stats NC.Staphy2.11H_sorted.bam
# CHK, Checksum	[2]Read Names	[3]Sequences	[4]Qualities
# CHK, CRC32 of reads which passed filtering followed by addition (32bit overflow)
CHK	74519340	571f42ed	30131569
# Summary Numbers. Use `grep ^SN | cut -f 2-` to extract this part.
SN	raw total sequences:	7662	# excluding supplementary and secondary reads
SN	filtered sequences:	0
SN	sequences:	7662
SN	is sorted:	1
SN	1st fragments:	3912
SN	last fragments:	3750
SN	reads mapped:	7662
SN	reads mapped and paired:	6928	# paired-end technology bit set + both mates mapped
SN	reads unmapped:	0
SN	reads properly paired:	6888	# proper-pair bit set
SN	reads paired:	7662	# paired-end technology bit set
SN	reads duplicated:	0	# PCR or optical duplicate bit set
SN	reads MQ0:	28	# mapped and MQ=0
SN	reads QC failed:	0
SN	non-primary alignments:	559
SN	supplementary alignments:	0
SN	total length:	1155151	# ignores clipping
SN	total first fragment length:	590018	# ignores clipping
SN	total last fragment length:	565133	# ignores clipping
SN	bases mapped:	1155151	# ignores clipping
SN	bases mapped (cigar):	1155151	# more accurate
SN	bases trimmed:	0
SN	bases duplicated:	0
SN	mismatches:	15740	# from NM fields
SN	error rate:	1.362592e-02	# mismatches / bases mapped (cigar)
SN	average length:	151
SN	average first fragment length:	151
SN	average last fragment length:	151
SN	maximum length:	151
SN	maximum first fragment length:	151
SN	maximum last fragment length:	151
SN	average quality:	38.8
SN	insert size average:	338.1
SN	insert size standard deviation:	79.1
SN	inward oriented pairs:	3451
SN	outward oriented pairs:	9
SN	pairs with other orientation:	4
SN	pairs on different chromosomes:	0
SN	percentage of properly paired reads (%):	89.9
# First Fragment Qualities. Use `grep ^FFQ | cut -f 2-` to extract this part.
# Columns correspond to qualities and rows to cycles. First column is the cycle number.
FFQ	1	0	0	15	0	0	0	0	0	0	0	0	0	53	0	0	0	0	0	0	0	0	0	0	0	0	0	0	94	0	0	0	0	3750	0	0	0	0	0	0	0	0	0	0
FFQ	2	0	0	0	0	0	0	0	0	0	0	0	0	59	0	0	0	0	0	0	0	0	0	0	0	0	0	0	104	0	0	0	0	3749	0	0	0	0	0	0	0	0	0	0
FFQ	3	0	0	0	0	0	0	0	0	0	0	0	0	49	0	0	0	0	0	0	0	0	0	0	0	0	0	0	105	0	0	0	0	687	0	0	0	0	3071	0	0	0	0	0
FFQ	4	0	0	0	0	0	0	0	0	0	0	0	0	59	0	0	0	0	0	0	0	0	0	10	0	0	0	0	75	0	0	0	0	276	0	0	0	0	3492	0	0	0	0	0
FFQ	5	0	0	0	0	0	0	0	0	0	0	0	0	31	0	0	0	0	0	0	0	0	0	8	0	0	0	0	48	0	0	0	0	175	0	0	0	0	3650	0	0	0	0	0
FFQ	6	0	0	0	0	0	0	0	0	0	0	0	0	20	0	0	0	0	0	0	0	0	0	8	0	0	0	0	36	0	0	0	0	117	0	0	0	0	359	0	0	0	3372	0
FFQ	7	0	0	0	0	0	0	0	0	0	0	0	0	21	0	0	0	0	0	0	0	0	0	11	0	0	0	0	44	0	0	0	0	95	0	0	0	0	299	0	0	0	3442	0
FFQ	8	0	0	0	0	0	0	0	0	0	0	0	0	22	0	0	0	0	0	0	0	0	0	8	0	0	0	0	33	0	0	0	0	79	0	0	0	0	278	0	0	0	3492	0
FFQ	9	0	0	0	0	0	0	0	0	0	0	0	0	13	0	0	0	0	0	0	0	0	0	9	0	0	0	0	27	0	0	0	0	84	0	0	0	0	275	0	0	0	3504	0
FFQ	10	0	0	0	0	0	0	0	0	0	0	0	0	20	0	0	0	0	0	0	0	0	0	10	0	0	0	0	31	0	0	0	0	77	0	0	0	0	258	0	0	0	3516	0
FFQ	11	0	0	0	0	0	0	0	0	0	0	0	0	15	0	0	0	0	0	0	0	0	0	10	0	0	0	0	30	0	0	0	0	89	0	0	0	0	235	0	0	0	3533	0
FFQ	12	0	0	0	0	0	0	0	0	0	0	0	0	25	0	0	0	0	0	0	0	0	0	9	0	0	0	0	36	0	0	0	0	96	0	0	0	0	239	0	0	0	3507	0
FFQ	13	0	0	0	0	0	0	0	0	0	0	0	0	26	0	0	0	0	0	0	0	0	0	14	0	0	0	0	40	0	0	0	0	78	0	0	0	0	254	0	0	0	3500	0
FFQ	14	0	0	0	0	0	0	0	0	0	0	0	0	19	0	0	0	0	0	0	0	0	0	12	0	0	0	0	29	0	0	0	0	82	0	0	0	0	235	0	0	0	3535	0
FFQ	15	0	0	0	0	0	0	0	0	0	0	0	0	19	0	0	0	0	0	0	0	0	0	18	0	0	0	0	32	0	0	0	0	96	0	0	0	0	245	0	0	0	3502	0
FFQ	16	0	0	0	0	0	0	0	0	0	0	0	0	18	0	0	0	0	0	0	0	0	0	17	0	0	0	0	37	0	0	0	0	74	0	0	0	0	248	0	0	0	3518	0
FFQ	17	0	0	0	0	0	0	0	0	0	0	0	0	24	0	0	0	0	0	0	0	0	0	25	0	0	0	0	36	0	0	0	0	80	0	0	0	0	254	0	0	0	3493	0
FFQ	18	0	0	0	0	0	0	0	0	0	0	0	0	22	0	0	0	0	0	0	0	0	0	17	0	0	0	0	42	0	0	0	0	79	0	0	0	0	233	0	0	0	3519	0
FFQ	19	0	0	0	0	0	0	0	0	0	0	0	0	34	0	0	0	0	0	0	0	0	0	20	0	0	0	0	29	0	0	0	0	90	0	0	0	0	250	0	0	0	3489	0
FFQ	20	0	0	0	0	0	0	0	0	0	0	0	0	19	0	0	0	0	0	0	0	0	0	17	0	0	0	0	33	0	0	0	0	99	0	0	0	0	261	0	0	0	3483	0
FFQ	21	0	0	0	0	0	0	0	0	0	0	0	0	22	0	0	0	0	0	0	0	0	0	20	0	0	0	0	33	0	0	0	0	76	0	0	0	0	269	0	0	0	3492	0
FFQ	22	0	0	0	0	0	0	0	0	0	0	0	0	22	0	0	0	0	0	0	0	0	0	15	0	0	0	0	35	0	0	0	0	76	0	0	0	0	248	0	0	0	3516	0
FFQ	23	0	0	0	0	0	0	0	0	0	0	0	0	30	0	0	0	0	0	0	0	0	0	23	0	0	0	0	26	0	0	0	0	74	0	0	0	0	276	0	0	0	3483	0
FFQ	24	0	0	0	0	0	0	0	0	0	0	0	0	34	0	0	0	0	0	0	0	0	0	16	0	0	0	0	35	0	0	0	0	116	0	0	0	0	237	0	0	0	3474	0
FFQ	25	0	0	0	0	0	0	0	0	0	0	0	0	27	0	0	0	0	0	0	0	0	0	23	0	0	0	0	47	0	0	0	0	85	0	0	0	0	283	0	0	0	3447	0
FFQ	26	0	0	0	0	0	0	0	0	0	0	0	0	26	0	0	0	0	0	0	0	0	0	27	0	0	0	0	39	0	0	0	0	92	0	0	0	0	258	0	0	0	3470	0
FFQ	27	0	0	12	0	0	0	0	0	0	0	0	0	40	0	0	0	0	0	0	0	0	0	23	0	0	0	0	35	0	0	0	0	86	0	0	0	0	287	0	0	0	3429	0
FFQ	28	0	0	0	0	0	0	0	0	0	0	0	0	45	0	0	0	0	0	0	0	0	0	23	0	0	0	0	41	0	0	0	0	62	0	0	0	0	278	0	0	0	3463	0
FFQ	29	0	0	0	0	0	0	0	0	0	0	0	0	42	0	0	0	0	0	0	0	0	0	18	0	0	0	0	58	0	0	0	0	63	0	0	0	0	279	0	0	0	3452	0
FFQ	30	0	0	0	0	0	0	0	0	0	0	0	0	40	0	0	0	0	0	0	0	0	0	22	0	0	0	0	55	0	0	0	0	71	0	0	0	0	288	0	0	0	3436	0
FFQ	31	0	0	0	0	0	0	0	0	0	0	0	0	37	0	0	0	0	0	0	0	0	0	32	0	0	0	0	54	0	0	0	0	75	0	0	0	0	289	0	0	0	3425	0
FFQ	32	0	0	0	0	0	0	0	0	0	0	0	0	32	0	0	0	0	0	0	0	0	0	30	0	0	0	0	62	0	0	0	0	72	0	0	0	0	267	0	0	0	3449	0
FFQ	33	0	0	0	0	0	0	0	0	0	0	0	0	36	0	0	0	0	0	0	0	0	0	31	0	0	0	0	49	0	0	0	0	74	0	0	0	0	268	0	0	0	3454	0
FFQ	34	0	0	0	0	0	0	0	0	0	0	0	0	33	0	0	0	0	0	0	0	0	0	24	0	0	0	0	44	0	0	0	0	55	0	0	0	0	257	0	0	0	3499	0
FFQ	35	0	0	0	0	0	0	0	0	0	0	0	0	39	0	0	0	0	0	0	0	0	0	22	0	0	0	0	48	0	0	0	0	65	0	0	0	0	322	0	0	0	3416	0
FFQ	36	0	0	4	0	0	0	0	0	0	0	0	0	39	0	0	0	0	0	0	0	0	0	27	0	0	0	0	47	0	0	0	0	70	0	0	0	0	248	0	0	0	3477	0
FFQ	37	0	0	0	0	0	0	0	0	0	0	0	0	33	0	0	0	0	0	0	0	0	0	21	0	0	0	0	61	0	0	0	0	68	0	0	0	0	278	0	0	0	3451	0
FFQ	38	0	0	0	0	0	0	0	0	0	0	0	0	34	0	0	0	0	0	0	0	0	0	18	0	0	0	0	57	0	0	0	0	60	0	0	0	0	275	0	0	0	3468	0
FFQ	39	0	0	0	0	0	0	0	0	0	0	0	0	50	0	0	0	0	0	0	0	0	0	31	0	0	0	0	52	0	0	0	0	67	0	0	0	0	254	0	0	0	3458	0
FFQ	40	0	0	8	0	0	0	0	0	0	0	0	0	54	0	0	0	0	0	0	0	0	0	31	0	0	0	0	56	0	0	0	0	68	0	0	0	0	269	0	0	0	3426	0
FFQ	41	0	0	0	0	0	0	0	0	0	0	0	0	66	0	0	0	0	0	0	0	0	0	30	0	0	0	0	66	0	0	0	0	72	0	0	0	0	257	0	0	0	3421	0
FFQ	42	0	0	0	0	0	0	0	0	0	0	0	0	43	0	0	0	0	0	0	0	0	0	27	0	0	0	0	80	0	0	0	0	71	0	0	0	0	291	0	0	0	3400	0
FFQ	43	0	0	0	0	0	0	0	0	0	0	0	0	51	0	0	0	0	0	0	0	0	0	32	0	0	0	0	60	0	0	0	0	67	0	0	0	0	303	0	0	0	3399	0
FFQ	44	0	0	4	0	0	0	0	0	0	0	0	0	38	0	0	0	0	0	0	0	0	0	23	0	0	0	0	74	0	0	0	0	70	0	0	0	0	314	0	0	0	3389	0
FFQ	45	0	0	0	0	0	0	0	0	0	0	0	0	49	0	0	0	0	0	0	0	0	0	28	0	0	0	0	49	0	0	0	0	99	0	0	0	0	299	0	0	0	3388	0
FFQ	46	0	0	1	0	0	0	0	0	0	0	0	0	38	0	0	0	0	0	0	0	0	0	29	0	0	0	0	50	0	0	0	0	70	0	0	0	0	324	0	0	0	3400	0
FFQ	47	0	0	7	0	0	0	0	0	0	0	0	0	46	0	0	0	0	0	0	0	0	0	26	0	0	0	0	55	0	0	0	0	54	0	0	0	0	289	0	0	0	3435	0
FFQ	48	0	0	0	0	0	0	0	0	0	0	0	0	40	0	0	0	0	0	0	0	0	0	23	0	0	0	0	78	0	0	0	0	71	0	0	0	0	289	0	0	0	3411	0
FFQ	49	0	0	1	0	0	0	0	0	0	0	0	0	53	0	0	0	0	0	0	0	0	0	36	0	0	0	0	61	0	0	0	0	74	0	0	0	0	292	0	0	0	3395	0
FFQ	50	0	0	0	0	0	0	0	0	0	0	0	0	66	0	0	0	0	0	0	0	0	0	25	0	0	0	0	50	0	0	0	0	68	0	0	0	0	313	0	0	0	3390	0
FFQ	51	0	0	0	0	0	0	0	0	0	0	0	0	63	0	0	0	0	0	0	0	0	0	33	0	0	0	0	76	0	0	0	0	82	0	0	0	0	298	0	0	0	3360	0
FFQ	52	0	0	0	0	0	0	0	0	0	0	0	0	59	0	0	0	0	0	0	0	0	0	38	0	0	0	0	73	0	0	0	0	66	0	0	0	0	337	0	0	0	3339	0
FFQ	53	0	0	0	0	0	0	0	0	0	0	0	0	65	0	0	0	0	0	0	0	0	0	29	0	0	0	0	52	0	0	0	0	74	0	0	0	0	309	0	0	0	3383	0
FFQ	54	0	0	0	0	0	0	0	0	0	0	0	0	57	0	0	0	0	0	0	0	0	0	26	0	0	0	0	65	0	0	0	0	83	0	0	0	0	303	0	0	0	3378	0
FFQ	55	0	0	0	0	0	0	0	0	0	0	0	0	44	0	0	0	0	0	0	0	0	0	27	0	0	0	0	61	0	0	0	0	82	0	0	0	0	304	0	0	0	3394	0
FFQ	56	0	0	0	0	0	0	0	0	0	0	0	0	53	0	0	0	0	0	0	0	0	0	17	0	0	0	0	51	0	0	0	0	99	0	0	0	0	315	0	0	0	3377	0
FFQ	57	0	0	0	0	0	0	0	0	0	0	0	0	55	0	0	0	0	0	0	0	0	0	36	0	0	0	0	62	0	0	0	0	95	0	0	0	0	324	0	0	0	3340	0
FFQ	58	0	0	0	0	0	0	0	0	0	0	0	0	63	0	0	0	0	0	0	0	0	0	35	0	0	0	0	68	0	0	0	0	85	0	0	0	0	298	0	0	0	3363	0
FFQ	59	0	0	0	0	0	0	0	0	0	0	0	0	57	0	0	0	0	0	0	0	0	0	28	0	0	0	0	95	0	0	0	0	81	0	0	0	0	338	0	0	0	3313	0
FFQ	60	0	0	0	0	0	0	0	0	0	0	0	0	44	0	0	0	0	0	0	0	0	0	25	0	0	0	0	71	0	0	0	0	78	0	0	0	0	284	0	0	0	3410	0
FFQ	61	0	0	0	0	0	0	0	0	0	0	0	0	51	0	0	0	0	0	0	0	0	0	30	0	0	0	0	56	0	0	0	0	86	0	0	0	0	307	0	0	0	3382	0
FFQ	62	0	0	0	0	0	0	0	0	0	0	0	0	62	0	0	0	0	0	0	0	0	0	37	0	0	0	0	61	0	0	0	0	90	0	0	0	0	326	0	0	0	3336	0
FFQ	63	0	0	0	0	0	0	0	0	0	0	0	0	52	0	0	0	0	0	0	0	0	0	38	0	0	0	0	69	0	0	0	0	78	0	0	0	0	333	0	0	0	3342	0
FFQ	64	0	0	0	0	0	0	0	0	0	0	0	0	60	0	0	0	0	0	0	0	0	0	38	0	0	0	0	65	0	0	0	0	102	0	0	0	0	304	0	0	0	3343	0
FFQ	65	0	0	0	0	0	0	0	0	0	0	0	0	65	0	0	0	0	0	0	0	0	0	23	0	0	0	0	72	0	0	0	0	90	0	0	0	0	318	0	0	0	3344	0
FFQ	66	0	0	0	0	0	0	0	0	0	0	0	0	60	0	0	0	0	0	0	0	0	0	28	0	0	0	0	74	0	0	0	0	78	0	0	0	0	358	0	0	0	3314	0
FFQ	67	0	0	0	0	0	0	0	0	0	0	0	0	70	0	0	0	0	0	0	0	0	0	32	0	0	0	0	61	0	0	0	0	88	0	0	0	0	346	0	0	0	3315	0
FFQ	68	0	0	0	0	0	0	0	0	0	0	0	0	61	0	0	0	0	0	0	0	0	0	46	0	0	0	0	71	0	0	0	0	85	0	0	0	0	301	0	0	0	3348	0
FFQ	69	0	0	0	0	0	0	0	0	0	0	0	0	60	0	0	0	0	0	0	0	0	0	32	0	0	0	0	90	0	0	0	0	99	0	0	0	0	320	0	0	0	3311	0
FFQ	70	0	0	0	0	0	0	0	0	0	0	0	0	56	0	0	0	0	0	0	0	0	0	37	0	0	0	0	64	0	0	0	0	101	0	0	0	0	349	0	0	0	3305	0
FFQ	71	0	0	0	0	0	0	0	0	0	0	0	0	58	0	0	0	0	0	0	0	0	0	37	0	0	0	0	70	0	0	0	0	93	0	0	0	0	362	0	0	0	3292	0
FFQ	72	0	0	0	0	0	0	0	0	0	0	0	0	48	0	0	0	0	0	0	0	0	0	37	0	0	0	0	57	0	0	0	0	103	0	0	0	0	339	0	0	0	3328	0
FFQ	73	0	0	0	0	0	0	0	0	0	0	0	0	44	0	0	0	0	0	0	0	0	0	43	0	0	0	0	80	0	0	0	0	89	0	0	0	0	326	0	0	0	3330	0
FFQ	74	0	0	0	0	0	0	0	0	0	0	0	0	55	0	0	0	0	0	0	0	0	0	40	0	0	0	0	65	0	0	0	0	88	0	0	0	0	352	0	0	0	3312	0
FFQ	75	0	0	0	0	0	0	0	0	0	0	0	0	54	0	0	0	0	0	0	0	0	0	38	0	0	0	0	82	0	0	0	0	91	0	0	0	0	353	0	0	0	3294	0
FFQ	76	0	0	0	0	0	0	0	0	0	0	0	0	74	0	0	0	0	0	0	0	0	0	41	0	0	0	0	72	0	0	0	0	108	0	0	0	0	333	0	0	0	3284	0
FFQ	77	0	0	0	0	0	0	0	0	0	0	0	0	65	0	0	0	0	0	0	0	0	0	50	0	0	0	0	119	0	0	0	0	243	0	0	0	0	625	0	0	0	2810	0
FFQ	78	0	0	0	0	0	0	0	0	0	0	0	0	76	0	0	0	0	0	0	0	0	0	37	0	0	0	0	71	0	0	0	0	149	0	0	0	0	398	0	0	0	3181	0
FFQ	79	0	0	0	0	0	0	0	0	0	0	0	0	84	0	0	0	0	0	0	0	0	0	32	0	0	0	0	82	0	0	0	0	119	0	0	0	0	326	0	0	0	3269	0
FFQ	80	0	0	0	0	0	0	0	0	0	0	0	0	70	0	0	0	0	0	0	0	0	0	48	0	0	0	0	77	0	0	0	0	112	0	0	0	0	320	0	0	0	3285	0
FFQ	81	0	0	0	0	0	0	0	0	0	0	0	0	61	0	0	0	0	0	0	0	0	0	43	0	0	0	0	88	0	0	0	0	98	0	0	0	0	313	0	0	0	3309	0
FFQ	82	0	0	0	0	0	0	0	0	0	0	0	0	73	0	0	0	0	0	0	0	0	0	35	0	0	0	0	70	0	0	0	0	128	0	0	0	0	302	0	0	0	3304	0
FFQ	83	0	0	0	0	0	0	0	0	0	0	0	0	66	0	0	0	0	0	0	0	0	0	41	0	0	0	0	88	0	0	0	0	108	0	0	0	0	303	0	0	0	3306	0
FFQ	84	0	0	0	0	0	0	0	0	0	0	0	0	71	0	0	0	0	0	0	0	0	0	49	0	0	0	0	73	0	0	0	0	97	0	0	0	0	282	0	0	0	3340	0
FFQ	85	0	0	0	0	0	0	0	0	0	0	0	0	70	0	0	0	0	0	0	0	0	0	42	0	0	0	0	63	0	0	0	0	119	0	0	0	0	296	0	0	0	3322	0
FFQ	86	0	0	0	0	0	0	0	0	0	0	0	0	81	0	0	0	0	0	0	0	0	0	32	0	0	0	0	78	0	0	0	0	116	0	0	0	0	303	0	0	0	3302	0
FFQ	87	0	0	0	0	0	0	0	0	0	0	0	0	66	0	0	0	0	0	0	0	0	0	42	0	0	0	0	73	0	0	0	0	121	0	0	0	0	274	0	0	0	3336	0
FFQ	88	0	0	0	0	0	0	0	0	0	0	0	0	88	0	0	0	0	0	0	0	0	0	39	0	0	0	0	78	0	0	0	0	123	0	0	0	0	318	0	0	0	3266	0
FFQ	89	0	0	0	0	0	0	0	0	0	0	0	0	78	0	0	0	0	0	0	0	0	0	57	0	0	0	0	72	0	0	0	0	115	0	0	0	0	326	0	0	0	3264	0
FFQ	90	0	0	0	0	0	0	0	0	0	0	0	0	93	0	0	0	0	0	0	0	0	0	57	0	0	0	0	68	0	0	0	0	143	0	0	0	0	289	0	0	0	3262	0
FFQ	91	0	0	0	0	0	0	0	0	0	0	0	0	92	0	0	0	0	0	0	0	0	0	59	0	0	0	0	77	0	0	0	0	121	0	0	0	0	358	0	0	0	3205	0
FFQ	92	0	0	0	0	0	0	0	0	0	0	0	0	90	0	0	0	0	0	0	0	0	0	56	0	0	0	0	78	0	0	0	0	117	0	0	0	0	327	0	0	0	3244	0
FFQ	93	0	0	0	0	0	0	0	0	0	0	0	0	112	0	0	0	0	0	0	0	0	0	66	0	0	0	0	68	0	0	0	0	120	0	0	0	0	313	0	0	0	3233	0
FFQ	94	0	0	0	0	0	0	0	0	0	0	0	0	109	0	0	0	0	0	0	0	0	0	62	0	0	0	0	71	0	0	0	0	113	0	0	0	0	338	0	0	0	3219	0
FFQ	95	0	0	0	0	0	0	0	0	0	0	0	0	87	0	0	0	0	0	0	0	0	0	74	0	0	0	0	75	0	0	0	0	123	0	0	0	0	333	0	0	0	3220	0
FFQ	96	0	0	0	0	0	0	0	0	0	0	0	0	83	0	0	0	0	0	0	0	0	0	63	0	0	0	0	77	0	0	0	0	143	0	0	0	0	321	0	0	0	3225	0
FFQ	97	0	0	0	0	0	0	0	0	0	0	0	0	91	0	0	0	0	0	0	0	0	0	58	0	0	0	0	69	0	0	0	0	131	0	0	0	0	328	0	0	0	3235	0
FFQ	98	0	0	0	0	0	0	0	0	0	0	0	0	79	0	0	0	0	0	0	0	0	0	67	0	0	0	0	67	0	0	0	0	127	0	0	0	0	349	0	0	0	3223	0
FFQ	99	0	0	0	0	0	0	0	0	0	0	0	0	72	0	0	0	0	0	0	0	0	0	47	0	0	0	0	79	0	0	0	0	125	0	0	0	0	353	0	0	0	3236	0
FFQ	100	0	0	0	0	0	0	0	0	0	0	0	0	74	0	0	0	0	0	0	0	0	0	63	0	0	0	0	71	0	0	0	0	106	0	0	0	0	357	0	0	0	3241	0
FFQ	101	0	0	0	0	0	0	0	0	0	0	0	0	74	0	0	0	0	0	0	0	0	0	59	0	0	0	0	70	0	0	0	0	125	0	0	0	0	334	0	0	0	3250	0
FFQ	102	0	0	0	0	0	0	0	0	0	0	0	0	75	0	0	0	0	0	0	0	0	0	57	0	0	0	0	57	0	0	0	0	148	0	0	0	0	348	0	0	0	3227	0
FFQ	103	0	0	0	0	0	0	0	0	0	0	0	0	77	0	0	0	0	0	0	0	0	0	53	0	0	0	0	48	0	0	0	0	125	0	0	0	0	340	0	0	0	3269	0
FFQ	104	0	0	0	0	0	0	0	0	0	0	0	0	81	0	0	0	0	0	0	0	0	0	60	0	0	0	0	73	0	0	0	0	119	0	0	0	0	343	0	0	0	3236	0
FFQ	105	0	0	1	0	0	0	0	0	0	0	0	0	89	0	0	0	0	0	0	0	0	0	70	0	0	0	0	67	0	0	0	0	138	0	0	0	0	356	0	0	0	3191	0
FFQ	106	0	0	0	0	0	0	0	0	0	0	0	0	64	0	0	0	0	0	0	0	0	0	71	0	0	0	0	71	0	0	0	0	136	0	0	0	0	351	0	0	0	3219	0
FFQ	107	0	0	0	0	0	0	0	0	0	0	0	0	75	0	0	0	0	0	0	0	0	0	48	0	0	0	0	70	0	0	0	0	145	0	0	0	0	360	0	0	0	3214	0
FFQ	108	0	0	0	0	0	0	0	0	0	0	0	0	74	0	0	0	0	0	0	0	0	0	74	0	0	0	0	61	0	0	0	0	135	0	0	0	0	357	0	0	0	3211	0
FFQ	109	0	0	0	0	0	0	0	0	0	0	0	0	55	0	0	0	0	0	0	0	0	0	55	0	0	0	0	62	0	0	0	0	139	0	0	0	0	350	0	0	0	3251	0
FFQ	110	0	0	0	0	0	0	0	0	0	0	0	0	89	0	0	0	0	0	0	0	0	0	69	0	0	0	0	57	0	0	0	0	132	0	0	0	0	362	0	0	0	3203	0
FFQ	111	0	0	0	0	0	0	0	0	0	0	0	0	73	0	0	0	0	0	0	0	0	0	56	0	0	0	0	63	0	0	0	0	136	0	0	0	0	372	0	0	0	3212	0
FFQ	112	0	0	0	0	0	0	0	0	0	0	0	0	92	0	0	0	0	0	0	0	0	0	57	0	0	0	0	71	0	0	0	0	123	0	0	0	0	351	0	0	0	3218	0
FFQ	113	0	0	0	0	0	0	0	0	0	0	0	0	73	0	0	0	0	0	0	0	0	0	63	0	0	0	0	64	0	0	0	0	145	0	0	0	0	344	0	0	0	3223	0
FFQ	114	0	0	0	0	0	0	0	0	0	0	0	0	58	0	0	0	0	0	0	0	0	0	55	0	0	0	0	61	0	0	0	0	153	0	0	0	0	344	0	0	0	3240	0
FFQ	115	0	0	0	0	0	0	0	0	0	0	0	0	88	0	0	0	0	0	0	0	0	0	59	0	0	0	0	67	0	0	0	0	147	0	0	0	0	336	0	0	0	3214	0
FFQ	116	0	0	0	0	0	0	0	0	0	0	0	0	80	0	0	0	0	0	0	0	0	0	57	0	0	0	0	71	0	0	0	0	141	0	0	0	0	359	0	0	0	3203	0
FFQ	117	0	0	0	0	0	0	0	0	0	0	0	0	81	0	0	0	0	0	0	0	0	0	60	0	0	0	0	61	0	0	0	0	149	0	0	0	0	350	0	0	0	3210	0
FFQ	118	0	0	0	0	0	0	0	0	0	0	0	0	83	0	0	0	0	0	0	0	0	0	58	0	0	0	0	68	0	0	0	0	148	0	0	0	0	367	0	0	0	3187	0
FFQ	119	0	0	0	0	0	0	0	0	0	0	0	0	86	0	0	0	0	0	0	0	0	0	51	0	0	0	0	72	0	0	0	0	174	0	0	0	0	356	0	0	0	3172	0
FFQ	120	0	0	0	0	0	0	0	0	0	0	0	0	77	0	0	0	0	0	0	0	0	0	64	0	0	0	0	76	0	0	0	0	168	0	0	0	0	399	0	0	0	3127	0
FFQ	121	0	0	0	0	0	0	0	0	0	0	0	0	77	0	0	0	0	0	0	0	0	0	85	0	0	0	0	91	0	0	0	0	161	0	0	0	0	346	0	0	0	3151	0
FFQ	122	0	0	0	0	0	0	0	0	0	0	0	0	90	0	0	0	0	0	0	0	0	0	61	0	0	0	0	75	0	0	0	0	158	0	0	0	0	374	0	0	0	3153	0
FFQ	123	0	0	0	0	0	0	0	0	0	0	0	0	93	0	0	0	0	0	0	0	0	0	66	0	0	0	0	63	0	0	0	0	171	0	0	0	0	400	0	0	0	3117	0
FFQ	124	0	0	0	0	0	0	0	0	0	0	0	0	79	0	0	0	0	0	0	0	0	0	74	0	0	0	0	82	0	0	0	0	169	0	0	0	0	384	0	0	0	3122	0
FFQ	125	0	0	0	0	0	0	0	0	0	0	0	0	86	0	0	0	0	0	0	0	0	0	85	0	0	0	0	84	0	0	0	0	166	0	0	0	0	370	0	0	0	3118	0
FFQ	126	0	0	0	0	0	0	0	0	0	0	0	0	79	0	0	0	0	0	0	0	0	0	75	0	0	0	0	87	0	0	0	0	165	0	0	0	0	412	0	0	0	3091	0
FFQ	127	0	0	0	0	0	0	0	0	0	0	0	0	105	0	0	0	0	0	0	0	0	0	66	0	0	0	0	79	0	0	0	0	148	0	0	0	0	431	0	0	0	3080	0
FFQ	128	0	0	0	0	0	0	0	0	0	0	0	0	94	0	0	0	0	0	0	0	0	0	76	0	0	0	0	86	0	0	0	0	172	0	0	0	0	422	0	0	0	3059	0
FFQ	129	0	0	0	0	0	0	0	0	0	0	0	0	108	0	0	0	0	0	0	0	0	0	87	0	0	0	0	89	0	0	0	0	144	0	0	0	0	435	0	0	0	3046	0
FFQ	130	0	0	0	0	0	0	0	0	0	0	0	0	103	0	0	0	0	0	0	0	0	0	88	0	0	0	0	76	0	0	0	0	172	0	0	0	0	437	0	0	0	3032	0
FFQ	131	0	0	0	0	0	0	0	0	0	0	0	0	111	0	0	0	0	0	0	0	0	0	85	0	0	0	0	82	0	0	0	0	178	0	0	0	0	456	0	0	0	2996	0
FFQ	132	0	0	0	0	0	0	0	0	0	0	0	0	121	0	0	0	0	0	0	0	0	0	75	0	0	0	0	86	0	0	0	0	144	0	0	0	0	485	0	0	0	2997	0
FFQ	133	0	0	0	0	0	0	0	0	0	0	0	0	98	0	0	0	0	0	0	0	0	0	97	0	0	0	0	71	0	0	0	0	190	0	0	0	0	471	0	0	0	2981	0
FFQ	134	0	0	0	0	0	0	0	0	0	0	0	0	89	0	0	0	0	0	0	0	0	0	77	0	0	0	0	96	0	0	0	0	177	0	0	0	0	471	0	0	0	2998	0
FFQ	135	0	0	0	0	0	0	0	0	0	0	0	0	111	0	0	0	0	0	0	0	0	0	73	0	0	0	0	76	0	0	0	0	163	0	0	0	0	495	0	0	0	2990	0
FFQ	136	0	0	0	0	0	0	0	0	0	0	0	0	96	0	0	0	0	0	0	0	0	0	89	0	0	0	0	90	0	0	0	0	175	0	0	0	0	511	0	0	0	2947	0
FFQ	137	0	0	0	0	0	0	0	0	0	0	0	0	125	0	0	0	0	0	0	0	0	0	71	0	0	0	0	64	0	0	0	0	174	0	0	0	0	536	0	0	0	2938	0
FFQ	138	0	0	0	0	0	0	0	0	0	0	0	0	114	0	0	0	0	0	0	0	0	0	85	0	0	0	0	85	0	0	0	0	185	0	0	0	0	527	0	0	0	2912	0
FFQ	139	0	0	0	0	0	0	0	0	0	0	0	0	97	0	0	0	0	0	0	0	0	0	94	0	0	0	0	89	0	0	0	0	158	0	0	0	0	559	0	0	0	2911	0
FFQ	140	0	0	0	0	0	0	0	0	0	0	0	0	105	0	0	0	0	0	0	0	0	0	76	0	0	0	0	75	0	0	0	0	192	0	0	0	0	550	0	0	0	2910	0
FFQ	141	0	0	0	0	0	0	0	0	0	0	0	0	106	0	0	0	0	0	0	0	0	0	86	0	0	0	0	99	0	0	0	0	178	0	0	0	0	544	0	0	0	2895	0
FFQ	142	0	0	0	0	0	0	0	0	0	0	0	0	105	0	0	0	0	0	0	0	0	0	77	0	0	0	0	114	0	0	0	0	166	0	0	0	0	590	0	0	0	2856	0
FFQ	143	0	0	0	0	0	0	0	0	0	0	0	0	105	0	0	0	0	0	0	0	0	0	73	0	0	0	0	93	0	0	0	0	170	0	0	0	0	579	0	0	0	2886	0
FFQ	144	0	0	0	0	0	0	0	0	0	0	0	0	125	0	0	0	0	0	0	0	0	0	67	0	0	0	0	99	0	0	0	0	155	0	0	0	0	590	0	0	0	2870	0
FFQ	145	0	0	0	0	0	0	0	0	0	0	0	0	120	0	0	0	0	0	0	0	0	0	72	0	0	0	0	111	0	0	0	0	183	0	0	0	0	577	0	0	0	2841	0
FFQ	146	0	0	4	0	0	0	0	0	0	0	0	0	126	0	0	0	0	0	0	0	0	0	79	0	0	0	0	90	0	0	0	0	174	0	0	0	0	590	0	0	0	2841	0
FFQ	147	0	0	0	0	0	0	0	0	0	0	0	0	125	0	0	0	0	0	0	0	0	0	77	0	0	0	0	89	0	0	0	0	195	0	0	0	0	611	0	0	0	2800	0
FFQ	148	0	0	0	0	0	0	0	0	3	0	0	0	137	0	0	0	0	0	0	0	0	0	73	0	0	0	0	99	0	0	0	0	187	0	0	0	0	650	0	0	0	2734	0
FFQ	149	0	0	0	0	0	0	0	0	0	0	0	0	104	0	0	0	0	0	0	0	0	0	92	0	0	0	0	96	0	0	0	0	179	0	0	0	0	617	0	0	0	2728	0
FFQ	150	0	0	0	0	0	0	0	0	3	0	0	0	52	0	0	0	0	0	0	0	0	0	77	0	0	0	0	110	0	0	0	0	222	0	0	0	0	595	0	0	0	2730	0
FFQ	151	0	0	0	0	0	0	0	0	0	0	0	0	0	0	0	0	0	0	0	0	0	0	122	0	0	0	0	182	0	0	0	0	349	0	0	0	0	890	0	0	0	2046	0
# Last Fragment Qualities. Use `grep ^LFQ | cut -f 2-` to extract this part.
# Columns correspond to qualities and rows to cycles. First column is the cycle number.
LFQ	1	0	0	33	0	0	0	0	0	0	0	0	0	101	0	0	0	0	0	0	0	0	0	0	0	0	0	0	142	0	0	0	0	3474	0	0	0	0	0	0	0	0	0	0
LFQ	2	0	0	0	0	0	0	0	0	0	0	0	0	95	0	0	0	0	0	0	0	0	0	0	0	0	0	0	103	0	0	0	0	3552	0	0	0	0	0	0	0	0	0	0
LFQ	3	0	0	0	0	0	0	0	0	0	0	0	0	143	0	0	0	0	0	0	0	0	0	0	0	0	0	0	161	0	0	0	0	957	0	0	0	0	2489	0	0	0	0	0
LFQ	4	0	0	0	0	0	0	0	0	0	0	0	0	65	0	0	0	0	0	0	0	0	0	9	0	0	0	0	104	0	0	0	0	379	0	0	0	0	3193	0	0	0	0	0
LFQ	5	0	0	0	0	0	0	0	0	0	0	0	0	82	0	0	0	0	0	0	0	0	0	20	0	0	0	0	52	0	0	0	0	260	0	0	0	0	3336	0	0	0	0	0
LFQ	6	0	0	0	0	0	0	0	0	0	0	0	0	77	0	0	0	0	0	0	0	0	0	15	0	0	0	0	59	0	0	0	0	147	0	0	0	0	450	0	0	0	3002	0
LFQ	7	0	0	0	0	0	0	0	0	0	0	0	0	77	0	0	0	0	0	0	0	0	0	35	0	0	0	0	56	0	0	0	0	147	0	0	0	0	447	0	0	0	2988	0
LFQ	8	0	0	0	0	0	0	0	0	0	0	0	0	96	0	0	0	0	0	0	0	0	0	22	0	0	0	0	59	0	0	0	0	167	0	0	0	0	425	0	0	0	2981	0
LFQ	9	0	0	0	0	0	0	0	0	0	0	0	0	75	0	0	0	0	0	0	0	0	0	28	0	0	0	0	51	0	0	0	0	141	0	0	0	0	375	0	0	0	3080	0
LFQ	10	0	0	0	0	0	0	0	0	0	0	0	0	73	0	0	0	0	0	0	0	0	0	47	0	0	0	0	49	0	0	0	0	124	0	0	0	0	418	0	0	0	3039	0
LFQ	11	0	0	0	0	0	0	0	0	0	0	0	0	73	0	0	0	0	0	0	0	0	0	44	0	0	0	0	57	0	0	0	0	107	0	0	0	0	338	0	0	0	3131	0
LFQ	12	0	0	0	0	0	0	0	0	0	0	0	0	72	0	0	0	0	0	0	0	0	0	33	0	0	0	0	40	0	0	0	0	108	0	0	0	0	346	0	0	0	3151	0
LFQ	13	0	0	0	0	0	0	0	0	0	0	0	0	68	0	0	0	0	0	0	0	0	0	29	0	0	0	0	44	0	0	0	0	127	0	0	0	0	429	0	0	0	3053	0
LFQ	14	0	0	0	0	0	0	0	0	0	0	0	0	73	0	0	0	0	0	0	0	0	0	33	0	0	0	0	58	0	0	0	0	92	0	0	0	0	349	0	0	0	3145	0
LFQ	15	0	0	0	0	0	0	0	0	0	0	0	0	85	0	0	0	0	0	0	0	0	0	44	0	0	0	0	59	0	0	0	0	124	0	0	0	0	372	0	0	0	3066	0
LFQ	16	0	0	0	0	0	0	0	0	0	0	0	0	73	0	0	0	0	0	0	0	0	0	34	0	0	0	0	69	0	0	0	0	95	0	0	0	0	365	0	0	0	3114	0
LFQ	17	0	0	0	0	0	0	0	0	0	0	0	0	70	0	0	0	0	0	0	0	0	0	36	0	0	0	0	71	0	0	0	0	89	0	0	0	0	406	0	0	0	3078	0
LFQ	18	0	0	0	0	0	0	0	0	0	0	0	0	84	0	0	0	0	0	0	0	0	0	32	0	0	0	0	67	0	0	0	0	95	0	0	0	0	420	0	0	0	3052	0
LFQ	19	0	0	0	0	0	0	0	0	0	0	0	0	72	0	0	0	0	0	0	0	0	0	34	0	0	0	0	73	0	0	0	0	76	0	0	0	0	361	0	0	0	3134	0
LFQ	20	0	0	0	0	0	0	0	0	0	0	0	0	80	0	0	0	0	0	0	0	0	0	58	0	0	0	0	80	0	0	0	0	87	0	0	0	0	372	0	0	0	3073	0
LFQ	21	0	0	0	0	0	0	0	0	0	0	0	0	84	0	0	0	0	0	0	0	0	0	34	0	0	0	0	83	0	0	0	0	88	0	0	0	0	340	0	0	0	3121	0
LFQ	22	0	0	0	0	0	0	0	0	0	0	0	0	69	0	0	0	0	0	0	0	0	0	37	0	0	0	0	68	0	0	0	0	86	0	0	0	0	414	0	0	0	3076	0
LFQ	23	0	0	0	0	0	0	0	0	0	0	0	0	88	0	0	0	0	0	0	0	0	0	38	0	0	0	0	88	0	0	0	0	92	0	0	0	0	392	0	0	0	3052	0
LFQ	24	0	0	0	0	0	0	0	0	0	0	0	0	67	0	0	0	0	0	0	0	0	0	35	0	0	0	0	71	0	0	0	0	88	0	0	0	0	397	0	0	0	3092	0
LFQ	25	0	0	0	0	0	0	0	0	0	0	0	0	82	0	0	0	0	0	0	0	0	0	41	0	0	0	0	77	0	0	0	0	92	0	0	0	0	425	0	0	0	3033	0
LFQ	26	0	0	0	0	0	0	0	0	0	0	0	0	94	0	0	0	0	0	0	0	0	0	47	0	0	0	0	90	0	0	0	0	86	0	0	0	0	382	0	0	0	3051	0
LFQ	27	0	0	35	0	0	0	0	0	0	0	0	0	84	0	0	0	0	0	0	0	0	0	51	0	0	0	0	100	0	0	0	0	104	0	0	0	0	386	0	0	0	2990	0
LFQ	28	0	0	0	0	0	0	0	0	0	0	0	0	85	0	0	0	0	0	0	0	0	0	42	0	0	0	0	81	0	0	0	0	117	0	0	0	0	404	0	0	0	3021	0
LFQ	29	0	0	0	0	0	0	0	0	0	0	0	0	77	0	0	0	0	0	0	0	0	0	47	0	0	0	0	79	0	0	0	0	123	0	0	0	0	441	0	0	0	2983	0
LFQ	30	0	0	0	0	0	0	0	0	0	0	0	0	102	0	0	0	0	0	0	0	0	0	38	0	0	0	0	86	0	0	0	0	124	0	0	0	0	399	0	0	0	3001	0
LFQ	31	0	0	0	0	0	0	0	0	0	0	0	0	102	0	0	0	0	0	0	0	0	0	36	0	0	0	0	78	0	0	0	0	121	0	0	0	0	377	0	0	0	3036	0
LFQ	32	0	0	0	0	0	0	0	0	0	0	0	0	91	0	0	0	0	0	0	0	0	0	38	0	0	0	0	74	0	0	0	0	93	0	0	0	0	428	0	0	0	3026	0
LFQ	33	0	0	0	0	0	0	0	0	0	0	0	0	83	0	0	0	0	0	0	0	0	0	43	0	0	0	0	85	0	0	0	0	107	0	0	0	0	403	0	0	0	3029	0
LFQ	34	0	0	0	0	0	0	0	0	0	0	0	0	82	0	0	0	0	0	0	0	0	0	47	0	0	0	0	99	0	0	0	0	96	0	0	0	0	419	0	0	0	3007	0
LFQ	35	0	0	0	0	0	0	0	0	0	0	0	0	95	0	0	0	0	0	0	0	0	0	44	0	0	0	0	90	0	0	0	0	107	0	0	0	0	389	0	0	0	3025	0
LFQ	36	0	0	0	0	0	0	0	0	0	0	0	0	97	0	0	0	0	0	0	0	0	0	40	0	0	0	0	72	0	0	0	0	117	0	0	0	0	476	0	0	0	2948	0
LFQ	37	0	0	0	0	0	0	0	0	0	0	0	0	106	0	0	0	0	0	0	0	0	0	43	0	0	0	0	92	0	0	0	0	104	0	0	0	0	420	0	0	0	2985	0
LFQ	38	0	0	0	0	0	0	0	0	0	0	0	0	98	0	0	0	0	0	0	0	0	0	62	0	0	0	0	110	0	0	0	0	124	0	0	0	0	408	0	0	0	2948	0
LFQ	39	0	0	0	0	0	0	0	0	0	0	0	0	103	0	0	0	0	0	0	0	0	0	62	0	0	0	0	100	0	0	0	0	99	0	0	0	0	456	0	0	0	2930	0
LFQ	40	0	0	0	0	0	0	0	0	0	0	0	0	106	0	0	0	0	0	0	0	0	0	60	0	0	0	0	110	0	0	0	0	121	0	0	0	0	453	0	0	0	2900	0
LFQ	41	0	0	0	0	0	0	0	0	0	0	0	0	108	0	0	0	0	0	0	0	0	0	45	0	0	0	0	102	0	0	0	0	117	0	0	0	0	450	0	0	0	2928	0
LFQ	42	0	0	0	0	0	0	0	0	0	0	0	0	114	0	0	0	0	0	0	0	0	0	51	0	0	0	0	105	0	0	0	0	132	0	0	0	0	455	0	0	0	2893	0
LFQ	43	0	0	0	0	0	0	0	0	0	0	0	0	90	0	0	0	0	0	0	0	0	0	54	0	0	0	0	102	0	0	0	0	142	0	0	0	0	477	0	0	0	2885	0
LFQ	44	0	0	0	0	0	0	0	0	0	0	0	0	122	0	0	0	0	0	0	0	0	0	46	0	0	0	0	100	0	0	0	0	137	0	0	0	0	459	0	0	0	2886	0
LFQ	45	0	0	0	0	0	0	0	0	0	0	0	0	120	0	0	0	0	0	0	0	0	0	53	0	0	0	0	119	0	0	0	0	117	0	0	0	0	438	0	0	0	2903	0
LFQ	46	0	0	0	0	0	0	0	0	0	0	0	0	102	0	0	0	0	0	0	0	0	0	54	0	0	0	0	110	0	0	0	0	135	0	0	0	0	457	0	0	0	2892	0
LFQ	47	0	0	0	0	0	0	0	0	0	0	0	0	110	0	0	0	0	0	0	0	0	0	50	0	0	0	0	101	0	0	0	0	113	0	0	0	0	488	0	0	0	2888	0
LFQ	48	0	0	0	0	0	0	0	0	0	0	0	0	93	0	0	0	0	0	0	0	0	0	60	0	0	0	0	113	0	0	0	0	125	0	0	0	0	478	0	0	0	2881	0
LFQ	49	0	0	0	0	0	0	0	0	0	0	0	0	116	0	0	0	0	0	0	0	0	0	56	0	0	0	0	103	0	0	0	0	119	0	0	0	0	471	0	0	0	2885	0
LFQ	50	0	0	0	0	0	0	0	0	0	0	0	0	94	0	0	0	0	0	0	0	0	0	45	0	0	0	0	92	0	0	0	0	142	0	0	0	0	470	0	0	0	2907	0
LFQ	51	0	0	0	0	0	0	0	0	0	0	0	0	91	0	0	0	0	0	0	0	0	0	46	0	0	0	0	106	0	0	0	0	111	0	0	0	0	445	0	0	0	2951	0
LFQ	52	0	0	0	0	0	0	0	0	0	0	0	0	108	0	0	0	0	0	0	0	0	0	50	0	0	0	0	72	0	0	0	0	129	0	0	0	0	458	0	0	0	2933	0
LFQ	53	0	0	0	0	0	0	0	0	0	0	0	0	94	0	0	0	0	0	0	0	0	0	54	0	0	0	0	108	0	0	0	0	123	0	0	0	0	434	0	0	0	2937	0
LFQ	54	0	0	0	0	0	0	0	0	0	0	0	0	116	0	0	0	0	0	0	0	0	0	38	0	0	0	0	101	0	0	0	0	155	0	0	0	0	452	0	0	0	2888	0
LFQ	55	0	0	0	0	0	0	0	0	0	0	0	0	110	0	0	0	0	0	0	0	0	0	50	0	0	0	0	111	0	0	0	0	125	0	0	0	0	439	0	0	0	2915	0
LFQ	56	0	0	0	0	0	0	0	0	0	0	0	0	125	0	0	0	0	0	0	0	0	0	57	0	0	0	0	127	0	0	0	0	138	0	0	0	0	433	0	0	0	2870	0
LFQ	57	0	0	0	0	0	0	0	0	0	0	0	0	115	0	0	0	0	0	0	0	0	0	53	0	0	0	0	117	0	0	0	0	162	0	0	0	0	479	0	0	0	2824	0
LFQ	58	0	0	0	0	0	0	0	0	0	0	0	0	122	0	0	0	0	0	0	0	0	0	42	0	0	0	0	97	0	0	0	0	165	0	0	0	0	440	0	0	0	2884	0
LFQ	59	0	0	0	0	0	0	0	0	0	0	0	0	103	0	0	0	0	0	0	0	0	0	55	0	0	0	0	116	0	0	0	0	160	0	0	0	0	401	0	0	0	2915	0
LFQ	60	0	0	0	0	0	0	0	0	0	0	0	0	101	0	0	0	0	0	0	0	0	0	53	0	0	0	0	102	0	0	0	0	171	0	0	0	0	419	0	0	0	2904	0
LFQ	61	0	0	0	0	0	0	0	0	0	0	0	0	96	0	0	0	0	0	0	0	0	0	49	0	0	0	0	109	0	0	0	0	139	0	0	0	0	393	0	0	0	2964	0
LFQ	62	0	0	0	0	0	0	0	0	0	0	0	0	118	0	0	0	0	0	0	0	0	0	57	0	0	0	0	83	0	0	0	0	146	0	0	0	0	424	0	0	0	2922	0
LFQ	63	0	0	0	0	0	0	0	0	0	0	0	0	101	0	0	0	0	0	0	0	0	0	49	0	0	0	0	100	0	0	0	0	158	0	0	0	0	436	0	0	0	2906	0
LFQ	64	0	0	0	0	0	0	0	0	0	0	0	0	85	0	0	0	0	0	0	0	0	0	53	0	0	0	0	90	0	0	0	0	171	0	0	0	0	418	0	0	0	2933	0
LFQ	65	0	0	0	0	0	0	0	0	0	0	0	0	82	0	0	0	0	0	0	0	0	0	61	0	0	0	0	99	0	0	0	0	142	0	0	0	0	401	0	0	0	2965	0
LFQ	66	0	0	0	0	0	0	0	0	0	0	0	0	90	0	0	0	0	0	0	0	0	0	55	0	0	0	0	77	0	0	0	0	124	0	0	0	0	448	0	0	0	2956	0
LFQ	67	0	0	0	0	0	0	0	0	0	0	0	0	97	0	0	0	0	0	0	0	0	0	60	0	0	0	0	90	0	0	0	0	130	0	0	0	0	435	0	0	0	2938	0
LFQ	68	0	0	0	0	0	0	0	0	0	0	0	0	88	0	0	0	0	0	0	0	0	0	62	0	0	0	0	90	0	0	0	0	147	0	0	0	0	437	0	0	0	2926	0
LFQ	69	0	0	0	0	0	0	0	0	0	0	0	0	101	0	0	0	0	0	0	0	0	0	46	0	0	0	0	70	0	0	0	0	138	0	0	0	0	455	0	0	0	2940	0
LFQ	70	0	0	0	0	0	0	0	0	0	0	0	0	99	0	0	0	0	0	0	0	0	0	55	0	0	0	0	78	0	0	0	0	146	0	0	0	0	450	0	0	0	2922	0
LFQ	71	0	0	0	0	0	0	0	0	0	0	0	0	101	0	0	0	0	0	0	0	0	0	66	0	0	0	0	76	0	0	0	0	136	0	0	0	0	438	0	0	0	2933	0
LFQ	72	0	0	0	0	0	0	0	0	0	0	0	0	103	0	0	0	0	0	0	0	0	0	54	0	0	0	0	86	0	0	0	0	147	0	0	0	0	461	0	0	0	2899	0
LFQ	73	0	0	0	0	0	0	0	0	0	0	0	0	96	0	0	0	0	0	0	0	0	0	77	0	0	0	0	93	0	0	0	0	137	0	0	0	0	432	0	0	0	2915	0
LFQ	74	0	0	0	0	0	0	0	0	0	0	0	0	99	0	0	0	0	0	0	0	0	0	61	0	0	0	0	83	0	0	0	0	159	0	0	0	0	422	0	0	0	2926	0
LFQ	75	0	0	1	0	0	0	0	0	0	0	0	0	106	0	0	0	0	0	0	0	0	0	59	0	0	0	0	80	0	0	0	0	165	0	0	0	0	469	0	0	0	2870	0
LFQ	76	0	0	0	0	0	0	0	0	0	0	0	0	106	0	0	0	0	0	0	0	0	0	57	0	0	0	0	99	0	0	0	0	135	0	0	0	0	434	0	0	0	2919	0
LFQ	77	0	0	0	0	0	0	0	0	0	0	0	0	108	0	0	0	0	0	0	0	0	0	110	0	0	0	0	114	0	0	0	0	300	0	0	0	0	882	0	0	0	2236	0
LFQ	78	0	0	0	0	0	0	0	0	0	0	0	0	102	0	0	0	0	0	0	0	0	0	87	0	0	0	0	67	0	0	0	0	204	0	0	0	0	593	0	0	0	2697	0
LFQ	79	0	0	0	0	0	0	0	0	0	0	0	0	82	0	0	0	0	0	0	0	0	0	74	0	0	0	0	69	0	0	0	0	178	0	0	0	0	494	0	0	0	2853	0
LFQ	80	0	0	0	0	0	0	0	0	0	0	0	0	69	0	0	0	0	0	0	0	0	0	50	0	0	0	0	76	0	0	0	0	171	0	0	0	0	469	0	0	0	2915	0
LFQ	81	0	0	0	0	0	0	0	0	0	0	0	0	91	0	0	0	0	0	0	0	0	0	61	0	0	0	0	83	0	0	0	0	150	0	0	0	0	388	0	0	0	2977	0
LFQ	82	0	0	1	0	0	0	0	0	0	0	0	0	51	0	0	0	0	0	0	0	0	0	63	0	0	0	0	73	0	0	0	0	138	0	0	0	0	434	0	0	0	2990	0
LFQ	83	0	0	0	0	0	0	0	0	0	0	0	0	75	0	0	0	0	0	0	0	0	0	55	0	0	0	0	70	0	0	0	0	148	0	0	0	0	391	0	0	0	3011	0
LFQ	84	0	0	0	0	0	0	0	0	0	0	0	0	74	0	0	0	0	0	0	0	0	0	65	0	0	0	0	81	0	0	0	0	140	0	0	0	0	387	0	0	0	3003	0
LFQ	85	0	0	0	0	0	0	0	0	0	0	0	0	81	0	0	0	0	0	0	0	0	0	52	0	0	0	0	63	0	0	0	0	148	0	0	0	0	424	0	0	0	2982	0
LFQ	86	0	0	0	0	0	0	0	0	0	0	0	0	73	0	0	0	0	0	0	0	0	0	61	0	0	0	0	74	0	0	0	0	141	0	0	0	0	405	0	0	0	2996	0
LFQ	87	0	0	0	0	0	0	0	0	0	0	0	0	70	0	0	0	0	0	0	0	0	0	62	0	0	0	0	64	0	0	0	0	146	0	0	0	0	394	0	0	0	3014	0
LFQ	88	0	0	0	0	0	0	0	0	0	0	0	0	61	0	0	0	0	0	0	0	0	0	71	0	0	0	0	62	0	0	0	0	144	0	0	0	0	420	0	0	0	2992	0
LFQ	89	0	0	1	0	0	0	0	0	0	0	0	0	95	0	0	0	0	0	0	0	0	0	59	0	0	0	0	51	0	0	0	0	141	0	0	0	0	423	0	0	0	2980	0
LFQ	90	0	0	0	0	0	0	0	0	0	0	0	0	87	0	0	0	0	0	0	0	0	0	76	0	0	0	0	79	0	0	0	0	136	0	0	0	0	402	0	0	0	2970	0
LFQ	91	0	0	0	0	0	0	0	0	0	0	0	0	84	0	0	0	0	0	0	0	0	0	75	0	0	0	0	68	0	0	0	0	170	0	0	0	0	393	0	0	0	2960	0
LFQ	92	0	0	0	0	0	0	0	0	0	0	0	0	83	0	0	0	0	0	0	0	0	0	52	0	0	0	0	74	0	0	0	0	163	0	0	0	0	404	0	0	0	2974	0
LFQ	93	0	0	0	0	0	0	0	0	0	0	0	0	82	0	0	0	0	0	0	0	0	0	62	0	0	0	0	74	0	0	0	0	169	0	0	0	0	400	0	0	0	2963	0
LFQ	94	0	0	0	0	0	0	0	0	0	0	0	0	80	0	0	0	0	0	0	0	0	0	63	0	0	0	0	75	0	0	0	0	143	0	0	0	0	414	0	0	0	2975	0
LFQ	95	0	0	0	0	0	0	0	0	0	0	0	0	74	0	0	0	0	0	0	0	0	0	59	0	0	0	0	70	0	0	0	0	176	0	0	0	0	375	0	0	0	2996	0
LFQ	96	0	0	0	0	0	0	0	0	0	0	0	0	90	0	0	0	0	0	0	0	0	0	69	0	0	0	0	69	0	0	0	0	157	0	0	0	0	395	0	0	0	2970	0
LFQ	97	0	0	0	0	0	0	0	0	0	0	0	0	85	0	0	0	0	0	0	0	0	0	68	0	0	0	0	56	0	0	0	0	175	0	0	0	0	385	0	0	0	2981	0
LFQ	98	0	0	0	0	0	0	0	0	0	0	0	0	63	0	0	0	0	0	0	0	0	0	69	0	0	0	0	70	0	0	0	0	161	0	0	0	0	442	0	0	0	2945	0
LFQ	99	0	0	0	0	0	0	0	0	0	0	0	0	86	0	0	0	0	0	0	0	0	0	60	0	0	0	0	78	0	0	0	0	162	0	0	0	0	426	0	0	0	2938	0
LFQ	100	0	0	0	0	0	0	0	0	0	0	0	0	70	0	0	0	0	0	0	0	0	0	72	0	0	0	0	92	0	0	0	0	167	0	0	0	0	386	0	0	0	2963	0
LFQ	101	0	0	0	0	0	0	0	0	0	0	0	0	94	0	0	0	0	0	0	0	0	0	44	0	0	0	0	72	0	0	0	0	160	0	0	0	0	434	0	0	0	2946	0
LFQ	102	0	0	0	0	0	0	0	0	0	0	0	0	86	0	0	0	0	0	0	0	0	0	60	0	0	0	0	63	0	0	0	0	141	0	0	0	0	459	0	0	0	2941	0
LFQ	103	0	0	0	0	0	0	0	0	0	0	0	0	74	0	0	0	0	0	0	0	0	0	70	0	0	0	0	76	0	0	0	0	174	0	0	0	0	454	0	0	0	2902	0
LFQ	104	0	0	0	0	0	0	0	0	0	0	0	0	98	0	0	0	0	0	0	0	0	0	57	0	0	0	0	89	0	0	0	0	183	0	0	0	0	438	0	0	0	2885	0
LFQ	105	0	0	0	0	0	0	0	0	0	0	0	0	87	0	0	0	0	0	0	0	0	0	78	0	0	0	0	80	0	0	0	0	208	0	0	0	0	457	0	0	0	2840	0
LFQ	106	0	0	0	0	0	0	0	0	0	0	0	0	97	0	0	0	0	0	0	0	0	0	74	0	0	0	0	78	0	0	0	0	191	0	0	0	0	495	0	0	0	2815	0
LFQ	107	0	0	0	0	0	0	0	0	0	0	0	0	94	0	0	0	0	0	0	0	0	0	67	0	0	0	0	76	0	0	0	0	186	0	0	0	0	475	0	0	0	2852	0
LFQ	108	0	0	0	0	0	0	0	0	0	0	0	0	96	0	0	0	0	0	0	0	0	0	73	0	0	0	0	69	0	0	0	0	185	0	0	0	0	498	0	0	0	2829	0
LFQ	109	0	0	0	0	0	0	0	0	0	0	0	0	101	0	0	0	0	0	0	0	0	0	90	0	0	0	0	86	0	0	0	0	178	0	0	0	0	515	0	0	0	2780	0
LFQ	110	0	0	32	0	0	0	0	0	0	0	0	0	108	0	0	0	0	0	0	0	0	0	75	0	0	0	0	98	0	0	0	0	182	0	0	0	0	523	0	0	0	2732	0
LFQ	111	0	0	0	0	0	0	0	0	0	0	0	0	96	0	0	0	0	0	0	0	0	0	102	0	0	0	0	82	0	0	0	0	210	0	0	0	0	542	0	0	0	2718	0
LFQ	112	0	0	0	0	0	0	0	0	0	0	0	0	108	0	0	0	0	0	0	0	0	0	88	0	0	0	0	82	0	0	0	0	195	0	0	0	0	565	0	0	0	2712	0
LFQ	113	0	0	0	0	0	0	0	0	0	0	0	0	102	0	0	0	0	0	0	0	0	0	78	0	0	0	0	92	0	0	0	0	200	0	0	0	0	585	0	0	0	2693	0
LFQ	114	0	0	0	0	0	0	0	0	0	0	0	0	129	0	0	0	0	0	0	0	0	0	79	0	0	0	0	104	0	0	0	0	191	0	0	0	0	568	0	0	0	2678	0
LFQ	115	0	0	0	0	0	0	0	0	0	0	0	0	124	0	0	0	0	0	0	0	0	0	107	0	0	0	0	98	0	0	0	0	213	0	0	0	0	555	0	0	0	2652	0
LFQ	116	0	0	0	0	0	0	0	0	0	0	0	0	102	0	0	0	0	0	0	0	0	0	86	0	0	0	0	100	0	0	0	0	222	0	0	0	0	592	0	0	0	2647	0
LFQ	117	0	0	0	0	0	0	0	0	0	0	0	0	126	0	0	0	0	0	0	0	0	0	94	0	0	0	0	117	0	0	0	0	183	0	0	0	0	620	0	0	0	2609	0
LFQ	118	0	0	0	0	0	0	0	0	0	0	0	0	124	0	0	0	0	0	0	0	0	0	92	0	0	0	0	100	0	0	0	0	208	0	0	0	0	623	0	0	0	2602	0
LFQ	119	0	0	0	0	0	0	0	0	0	0	0	0	127	0	0	0	0	0	0	0	0	0	87	0	0	0	0	132	0	0	0	0	178	0	0	0	0	639	0	0	0	2586	0
LFQ	120	0	0	0	0	0	0	0	0	0	0	0	0	134	0	0	0	0	0	0	0	0	0	84	0	0	0	0	127	0	0	0	0	194	0	0	0	0	649	0	0	0	2561	0
LFQ	121	0	0	0	0	0	0	0	0	0	0	0	0	141	0	0	0	0	0	0	0	0	0	87	0	0	0	0	116	0	0	0	0	189	0	0	0	0	686	0	0	0	2530	0
LFQ	122	0	0	0	0	0	0	0	0	0	0	0	0	154	0	0	0	0	0	0	0	0	0	81	0	0	0	0	120	0	0	0	0	186	0	0	0	0	701	0	0	0	2507	0
LFQ	123	0	0	0	0	0	0	0	0	0	0	0	0	142	0	0	0	0	0	0	0	0	0	83	0	0	0	0	129	0	0	0	0	204	0	0	0	0	671	0	0	0	2519	0
LFQ	124	0	0	0	0	0	0	0	0	0	0	0	0	156	0	0	0	0	0	0	0	0	0	84	0	0	0	0	130	0	0	0	0	194	0	0	0	0	694	0	0	0	2490	0
LFQ	125	0	0	0	0	0	0	0	0	5	0	0	0	145	0	0	0	0	0	0	0	0	0	93	0	0	0	0	116	0	0	0	0	237	0	0	0	0	650	0	0	0	2501	0
LFQ	126	0	0	0	0	0	0	0	0	4	0	0	0	150	0	0	0	0	0	0	0	0	0	91	0	0	0	0	142	0	0	0	0	244	0	0	0	0	692	0	0	0	2424	0
LFQ	127	0	0	0	0	0	0	0	0	3	0	0	0	151	0	0	0	0	0	0	0	0	0	81	0	0	0	0	112	0	0	0	0	276	0	0	0	0	685	0	0	0	2439	0
LFQ	128	0	0	0	0	0	0	0	0	3	0	0	0	192	0	0	0	0	0	0	0	0	0	84	0	0	0	0	121	0	0	0	0	200	0	0	0	0	751	0	0	0	2396	0
LFQ	129	0	0	0	0	0	0	0	0	8	0	0	0	174	0	0	0	0	0	0	0	0	0	114	0	0	0	0	123	0	0	0	0	237	0	0	0	0	671	0	0	0	2420	0
LFQ	130	0	0	0	0	0	0	0	0	13	0	0	0	166	0	0	0	0	0	0	0	0	0	109	0	0	0	0	119	0	0	0	0	301	0	0	0	0	650	0	0	0	2388	0
LFQ	131	0	0	0	0	0	0	0	0	17	0	0	0	155	0	0	0	0	0	0	0	0	0	106	0	0	0	0	132	0	0	0	0	313	0	0	0	0	700	0	0	0	2323	0
LFQ	132	0	0	0	0	0	0	0	0	19	0	0	0	185	0	0	0	0	0	0	0	0	0	125	0	0	0	0	130	0	0	0	0	331	0	0	0	0	648	0	0	0	2308	0
LFQ	133	0	0	0	0	0	0	0	0	20	0	0	0	190	0	0	0	0	0	0	0	0	0	113	0	0	0	0	120	0	0	0	0	342	0	0	0	0	669	0	0	0	2292	0
LFQ	134	0	0	0	0	0	0	0	0	14	0	0	0	178	0	0	0	0	0	0	0	0	0	120	0	0	0	0	131	0	0	0	0	367	0	0	0	0	622	0	0	0	2313	0
LFQ	135	0	0	0	0	0	0	0	0	18	0	0	0	185	0	0	0	0	0	0	0	0	0	105	0	0	0	0	153	0	0	0	0	370	0	0	0	0	605	0	0	0	2309	0
LFQ	136	0	0	0	0	0	0	0	0	17	0	0	0	203	0	0	0	0	0	0	0	0	0	123	0	0	0	0	133	0	0	0	0	339	0	0	0	0	587	0	0	0	2343	0
LFQ	137	0	0	0	0	0	0	0	0	16	0	0	0	197	0	0	0	0	0	0	0	0	0	119	0	0	0	0	153	0	0	0	0	384	0	0	0	0	603	0	0	0	2273	0
LFQ	138	0	0	0	0	0	0	0	0	26	0	0	0	180	0	0	0	0	0	0	0	0	0	143	0	0	0	0	136	0	0	0	0	373	0	0	0	0	651	0	0	0	2236	0
LFQ	139	0	0	0	0	0	0	0	0	31	0	0	0	200	0	0	0	0	0	0	0	0	0	127	0	0	0	0	160	0	0	0	0	367	0	0	0	0	613	0	0	0	2247	0
LFQ	140	0	0	0	0	0	0	0	0	17	0	0	0	201	0	0	0	0	0	0	0	0	0	131	0	0	0	0	159	0	0	0	0	346	0	0	0	0	621	0	0	0	2269	0
LFQ	141	0	0	0	0	0	0	0	0	16	0	0	0	206	0	0	0	0	0	0	0	0	0	148	0	0	0	0	190	0	0	0	0	392	0	0	0	0	578	0	0	0	2213	0
LFQ	142	0	0	0	0	0	0	0	0	20	0	0	0	223	0	0	0	0	0	0	0	0	0	129	0	0	0	0	198	0	0	0	0	373	0	0	0	0	567	0	0	0	2233	0
LFQ	143	0	0	0	0	0	0	0	0	26	0	0	0	218	0	0	0	0	0	0	0	0	0	136	0	0	0	0	200	0	0	0	0	402	0	0	0	0	557	0	0	0	2204	0
LFQ	144	0	0	0	0	0	0	0	0	26	0	0	0	232	0	0	0	0	0	0	0	0	0	131	0	0	0	0	207	0	0	0	0	387	0	0	0	0	585	0	0	0	2173	0
LFQ	145	0	0	0	0	0	0	0	0	19	0	0	0	210	0	0	0	0	0	0	0	0	0	150	0	0	0	0	200	0	0	0	0	409	0	0	0	0	610	0	0	0	2139	0
LFQ	146	0	0	0	0	0	0	0	0	22	0	0	0	192	0	0	0	0	0	0	0	0	0	162	0	0	0	0	208	0	0	0	0	410	0	0	0	0	568	0	0	0	2173	0
LFQ	147	0	0	0	0	0	0	0	0	18	0	0	0	203	0	0	0	0	0	0	0	0	0	150	0	0	0	0	224	0	0	0	0	375	0	0	0	0	606	0	0	0	2151	0
LFQ	148	0	0	0	0	0	0	0	0	13	0	0	0	244	0	0	0	0	0	0	0	0	0	139	0	0	0	0	237	0	0	0	0	367	0	0	0	0	606	0	0	0	2098	0
LFQ	149	0	0	0	0	0	0	0	0	17	0	0	0	185	0	0	0	0	0	0	0	0	0	157	0	0	0	0	250	0	0	0	0	355	0	0	0	0	631	0	0	0	2017	0
LFQ	150	0	0	0	0	0	0	0	0	13	0	0	0	134	0	0	0	0	0	0	0	0	0	171	0	0	0	0	218	0	0	0	0	427	0	0	0	0	599	0	0	0	1981	0
LFQ	151	0	0	0	0	0	0	0	0	0	0	0	0	0	0	0	0	0	0	0	0	0	0	275	0	0	0	0	388	0	0	0	0	569	0	0	0	0	679	0	0	0	1274	0
# GC Content of first fragments. Use `grep ^GCF | cut -f 2-` to extract this part.
GCF	7.04	0
GCF	14.57	2
GCF	15.33	0
GCF	16.08	1
GCF	16.83	0
GCF	17.59	1
GCF	18.84	3
GCF	19.85	4
GCF	20.35	10
GCF	20.85	12
GCF	21.36	15
GCF	21.86	8
GCF	22.36	25
GCF	22.86	29
GCF	23.37	30
GCF	23.87	39
GCF	24.37	51
GCF	24.87	56
GCF	25.38	65
GCF	25.88	56
GCF	26.38	86
GCF	26.88	82
GCF	27.39	75
GCF	27.89	90
GCF	28.39	102
GCF	28.89	141
GCF	29.40	148
GCF	29.90	155
GCF	30.40	174
GCF	30.90	166
GCF	31.41	171
GCF	31.91	187
GCF	32.41	162
GCF	32.91	229
GCF	33.42	219
GCF	33.92	216
GCF	34.42	241
GCF	34.92	206
GCF	35.43	200
GCF	35.93	196
GCF	36.43	182
GCF	36.93	139
GCF	37.44	138
GCF	37.94	156
GCF	38.44	135
GCF	38.94	124
GCF	39.45	122
GCF	39.95	89
GCF	40.45	79
GCF	40.95	52
GCF	41.46	51
GCF	41.96	37
GCF	42.46	33
GCF	42.96	18
GCF	43.72	22
GCF	44.47	15
GCF	45.23	9
GCF	45.98	7
GCF	46.48	2
GCF	46.98	7
GCF	47.74	6
GCF	48.49	0
GCF	48.99	2
GCF	49.50	7
GCF	50.00	8
GCF	50.50	6
GCF	51.01	5
GCF	51.51	4
GCF	52.01	2
GCF	52.51	8
GCF	53.02	3
GCF	53.52	8
GCF	54.02	6
GCF	54.77	1
GCF	55.78	0
GCF	56.53	2
GCF	57.04	3
GCF	57.54	0
GCF	58.29	2
# GC Content of last fragments. Use `grep ^GCL | cut -f 2-` to extract this part.
GCL	7.54	0
GCL	15.33	1
GCL	16.33	0
GCL	17.34	1
GCL	17.84	2
GCL	18.59	7
GCL	19.35	5
GCL	19.85	13
GCL	20.35	7
GCL	20.85	9
GCL	21.36	16
GCL	21.86	19
GCL	22.61	23
GCL	23.37	34
GCL	23.87	30
GCL	24.37	29
GCL	24.87	34
GCL	25.38	52
GCL	25.88	55
GCL	26.38	63
GCL	26.88	70
GCL	27.39	93
GCL	27.89	94
GCL	28.39	120
GCL	28.89	144
GCL	29.40	140
GCL	29.90	129
GCL	30.40	160
GCL	30.90	177
GCL	31.41	175
GCL	31.91	174
GCL	32.41	189
GCL	32.91	206
GCL	33.67	207
GCL	34.42	184
GCL	34.92	197
GCL	35.43	194
GCL	35.93	170
GCL	36.43	144
GCL	36.93	146
GCL	37.44	144
GCL	37.94	134
GCL	38.44	131
GCL	38.94	111
GCL	39.45	110
GCL	39.95	97
GCL	40.45	86
GCL	40.95	72
GCL	41.46	60
GCL	41.96	40
GCL	42.46	30
GCL	42.96	40
GCL	43.72	15
GCL	44.47	14
GCL	44.97	9
GCL	45.48	10
GCL	45.98	8
GCL	46.48	5
GCL	46.98	6
GCL	47.49	7
GCL	47.99	8
GCL	48.49	10
GCL	48.99	8
GCL	49.50	4
GCL	50.00	5
GCL	50.75	4
GCL	51.51	2
GCL	52.01	3
GCL	52.51	2
GCL	53.02	4
GCL	53.52	6
GCL	54.02	4
GCL	54.52	3
GCL	55.03	2
GCL	55.78	0
GCL	56.78	1
GCL	57.54	2
# ACGT content per cycle. Use `grep ^GCC | cut -f 2-` to extract this part. The columns are: cycle; A,C,G,T base counts as a percentage of all A/C/G/T bases [%]; and N and O counts as a percentage of all A/C/G/T bases [%]
GCC	1	33.31	18.07	17.63	31.00	0.63	0.00
GCC	2	33.39	16.76	16.42	33.44	0.00	0.00
GCC	3	34.51	14.89	15.54	35.06	0.00	0.00
GCC	4	32.52	17.20	17.27	33.01	0.00	0.00
GCC	5	33.78	16.11	17.06	33.06	0.00	0.00
GCC	6	33.79	14.94	16.99	34.27	0.00	0.00
GCC	7	33.66	15.96	15.84	34.53	0.00	0.00
GCC	8	32.94	16.51	16.60	33.95	0.00	0.00
GCC	9	32.85	17.40	17.12	32.63	0.00	0.00
GCC	10	34.09	15.83	15.96	34.12	0.00	0.00
GCC	11	32.47	18.00	17.57	31.96	0.00	0.00
GCC	12	31.41	17.97	19.51	31.10	0.00	0.00
GCC	13	32.60	16.97	17.72	32.71	0.00	0.00
GCC	14	33.71	17.58	16.73	31.98	0.00	0.00
GCC	15	32.46	16.82	17.54	33.18	0.00	0.00
GCC	16	33.52	16.34	17.29	32.85	0.00	0.00
GCC	17	33.53	16.43	16.86	33.18	0.00	0.00
GCC	18	32.88	17.18	17.37	32.58	0.00	0.00
GCC	19	34.06	16.90	16.11	32.93	0.00	0.00
GCC	20	32.84	16.94	17.05	33.18	0.00	0.00
GCC	21	33.50	15.97	17.21	33.31	0.00	0.00
GCC	22	33.75	16.88	16.04	33.33	0.00	0.00
GCC	23	32.34	17.15	17.14	33.37	0.00	0.00
GCC	24	32.33	17.50	16.88	33.29	0.00	0.00
GCC	25	32.52	16.74	17.41	33.32	0.00	0.00
GCC	26	33.41	16.65	17.25	32.68	0.00	0.00
GCC	27	33.37	16.52	17.15	32.96	0.62	0.00
GCC	28	33.19	17.01	16.60	33.20	0.00	0.00
GCC	29	33.06	15.91	17.87	33.16	0.00	0.00
GCC	30	33.52	16.37	16.21	33.91	0.00	0.00
GCC	31	32.75	16.56	17.44	33.26	0.00	0.00
GCC	32	33.99	16.26	16.94	32.81	0.00	0.00
GCC	33	32.88	16.21	16.90	34.01	0.00	0.00
GCC	34	34.29	16.04	16.97	32.71	0.00	0.00
GCC	35	32.81	15.62	16.98	34.59	0.00	0.00
GCC	36	34.17	16.88	16.36	32.58	0.05	0.00
GCC	37	32.04	16.16	17.28	34.52	0.00	0.00
GCC	38	32.26	17.14	17.45	33.15	0.00	0.00
GCC	39	32.89	16.69	16.46	33.96	0.00	0.00
GCC	40	33.39	16.71	16.57	33.33	0.10	0.00
GCC	41	33.07	16.38	17.53	33.02	0.00	0.00
GCC	42	32.97	17.48	16.65	32.90	0.00	0.00
GCC	43	33.37	17.42	16.81	32.39	0.00	0.00
GCC	44	33.32	16.31	17.08	33.29	0.05	0.00
GCC	45	31.55	17.37	17.12	33.96	0.00	0.00
GCC	46	33.59	16.62	15.85	33.95	0.01	0.00
GCC	47	33.38	17.81	16.36	32.46	0.09	0.00
GCC	48	33.27	16.26	16.85	33.62	0.00	0.00
GCC	49	33.56	16.02	17.41	33.01	0.01	0.00
GCC	50	33.78	16.85	16.67	32.71	0.00	0.00
GCC	51	32.51	16.67	17.16	33.66	0.00	0.00
GCC	52	32.88	16.37	17.44	33.32	0.00	0.00
GCC	53	33.70	16.21	17.25	32.84	0.00	0.00
GCC	54	33.31	16.43	17.06	33.20	0.00	0.00
GCC	55	33.53	16.34	16.61	33.52	0.00	0.00
GCC	56	32.05	17.18	16.71	34.06	0.00	0.00
GCC	57	32.69	16.67	16.94	33.70	0.00	0.00
GCC	58	32.93	16.86	17.11	33.10	0.00	0.00
GCC	59	32.79	16.52	17.31	33.39	0.00	0.00
GCC	60	33.42	16.31	16.93	33.33	0.00	0.00
GCC	61	32.20	17.21	16.67	33.92	0.00	0.00
GCC	62	33.83	16.52	16.98	32.67	0.00	0.00
GCC	63	33.39	16.44	16.46	33.71	0.00	0.00
GCC	64	33.52	16.39	16.18	33.91	0.00	0.00
GCC	65	32.50	16.28	17.49	33.74	0.00	0.00
GCC	66	33.27	16.86	17.29	32.58	0.00	0.00
GCC	67	33.01	16.67	17.10	33.23	0.00	0.00
GCC	68	32.50	16.00	17.28	34.22	0.00	0.00
GCC	69	33.07	16.54	16.37	34.03	0.00	0.00
GCC	70	33.99	16.11	17.08	32.82	0.00	0.00
GCC	71	32.79	16.22	18.01	32.98	0.00	0.00
GCC	72	32.92	16.71	17.65	32.73	0.00	0.00
GCC	73	33.56	16.84	15.90	33.71	0.00	0.00
GCC	74	32.65	17.03	18.04	32.28	0.00	0.00
GCC	75	33.87	16.76	16.49	32.88	0.01	0.00
GCC	76	32.46	17.25	16.59	33.70	0.00	0.00
GCC	77	33.83	15.48	17.32	33.37	0.00	0.00
GCC	78	33.05	16.11	16.84	34.01	0.00	0.00
GCC	79	32.15	16.29	16.97	34.60	0.00	0.00
GCC	80	34.49	16.61	16.71	32.18	0.00	0.00
GCC	81	33.82	17.18	15.70	33.31	0.00	0.00
GCC	82	33.27	16.24	17.20	33.29	0.01	0.00
GCC	83	33.19	17.89	17.15	31.77	0.00	0.00
GCC	84	34.06	15.96	17.07	32.90	0.00	0.00
GCC	85	33.23	16.33	15.77	34.68	0.00	0.00
GCC	86	32.88	16.58	17.01	33.54	0.00	0.00
GCC	87	33.10	17.02	16.88	33.01	0.00	0.00
GCC	88	32.75	17.31	16.61	33.33	0.00	0.00
GCC	89	31.46	17.13	17.66	33.76	0.01	0.00
GCC	90	33.23	16.59	16.68	33.50	0.00	0.00
GCC	91	34.36	16.22	16.61	32.80	0.00	0.00
GCC	92	33.18	16.95	17.65	32.22	0.00	0.00
GCC	93	32.43	17.65	16.13	33.79	0.00	0.00
GCC	94	33.31	16.90	16.48	33.31	0.00	0.00
GCC	95	33.05	17.71	16.77	32.47	0.00	0.00
GCC	96	33.69	16.33	16.99	32.99	0.00	0.00
GCC	97	32.86	17.84	15.20	34.09	0.00	0.00
GCC	98	32.48	17.14	17.21	33.16	0.00	0.00
GCC	99	32.93	17.12	17.12	32.82	0.00	0.00
GCC	100	33.48	16.12	16.28	34.13	0.00	0.00
GCC	101	33.54	16.55	17.28	32.63	0.00	0.00
GCC	102	33.36	15.88	16.88	33.88	0.00	0.00
GCC	103	34.85	15.61	16.73	32.81	0.00	0.00
GCC	104	32.93	16.43	16.99	33.65	0.00	0.00
GCC	105	32.44	15.92	17.13	34.51	0.01	0.00
GCC	106	33.71	16.98	16.13	33.18	0.00	0.00
GCC	107	31.78	16.48	17.27	34.47	0.00	0.00
GCC	108	33.22	16.95	16.30	33.53	0.00	0.00
GCC	109	33.40	16.44	16.80	33.36	0.00	0.00
GCC	110	32.62	17.96	15.92	33.50	0.42	0.00
GCC	111	32.65	16.80	16.56	33.99	0.00	0.00
GCC	112	34.21	16.39	16.61	32.79	0.00	0.00
GCC	113	33.10	16.11	16.43	34.36	0.00	0.00
GCC	114	33.39	16.66	16.50	33.45	0.00	0.00
GCC	115	33.72	16.40	16.31	33.58	0.00	0.00
GCC	116	33.76	16.42	17.57	32.25	0.00	0.00
GCC	117	33.43	16.27	16.84	33.46	0.00	0.00
GCC	118	32.58	16.70	16.49	34.23	0.00	0.00
GCC	119	32.81	16.53	17.98	32.69	0.00	0.00
GCC	120	33.22	17.56	15.87	33.34	0.00	0.00
GCC	121	33.36	15.99	16.97	33.68	0.00	0.00
GCC	122	34.02	16.33	17.36	32.28	0.00	0.00
GCC	123	32.82	16.07	17.11	34.00	0.00	0.00
GCC	124	33.02	16.49	16.75	33.73	0.00	0.00
GCC	125	33.18	16.97	17.52	32.34	0.00	0.00
GCC	126	32.78	17.06	17.06	33.10	0.00	0.00
GCC	127	33.01	17.35	16.94	32.71	0.00	0.00
GCC	128	33.54	16.64	17.15	32.67	0.00	0.00
GCC	129	33.97	16.09	16.84	33.10	0.00	0.00
GCC	130	33.73	16.75	16.42	33.09	0.00	0.00
GCC	131	32.83	15.70	17.83	33.63	0.00	0.00
GCC	132	33.42	16.48	16.36	33.75	0.00	0.00
GCC	133	33.03	16.87	17.40	32.70	0.00	0.00
GCC	134	33.46	15.80	17.03	33.71	0.00	0.00
GCC	135	32.90	16.73	16.53	33.84	0.00	0.00
GCC	136	34.09	15.90	17.05	32.95	0.00	0.00
GCC	137	32.77	17.33	17.24	32.67	0.00	0.00
GCC	138	32.07	17.13	17.09	33.71	0.00	0.00
GCC	139	33.10	16.01	17.81	33.09	0.00	0.00
GCC	140	33.26	16.87	17.00	32.87	0.00	0.00
GCC	141	31.76	16.68	17.42	34.14	0.00	0.00
GCC	142	32.81	16.61	18.00	32.58	0.00	0.00
GCC	143	32.62	16.47	17.02	33.89	0.00	0.00
GCC	144	32.86	16.41	17.08	33.65	0.00	0.00
GCC	145	33.44	16.86	16.05	33.66	0.00	0.00
GCC	146	33.88	16.96	16.70	32.46	0.05	0.00
GCC	147	32.63	17.96	16.04	33.37	0.00	0.00
GCC	148	33.79	16.42	17.21	32.57	0.00	0.00
GCC	149	33.04	16.38	16.83	33.75	0.00	0.00
GCC	150	33.07	16.50	17.66	32.76	0.00	0.00
GCC	151	32.24	16.95	16.93	33.88	0.00	0.00
# ACGT content per cycle, read oriented. Use `grep ^GCT | cut -f 2-` to extract this part. The columns are: cycle; A,C,G,T base counts as a percentage of all A/C/G/T bases [%]
GCT	1	34.38	17.85	17.85	29.92
GCT	2	37.77	13.82	19.36	29.05
GCT	3	34.40	16.42	14.02	35.16
GCT	4	34.72	17.03	17.44	30.81
GCT	5	36.84	16.73	16.43	29.99
GCT	6	38.58	15.86	16.08	29.48
GCT	7	31.15	15.06	16.74	37.04
GCT	8	33.63	16.77	16.34	33.26
GCT	9	31.19	17.71	16.81	34.29
GCT	10	36.66	15.47	16.33	31.55
GCT	11	34.61	17.38	18.18	29.82
GCT	12	31.14	18.70	18.78	31.38
GCT	13	32.92	17.61	17.08	32.39
GCT	14	32.18	17.24	17.07	33.50
GCT	15	32.89	17.84	16.52	32.75
GCT	16	33.49	17.27	16.37	32.88
GCT	17	33.56	16.24	17.06	33.15
GCT	18	32.97	17.31	17.24	32.48
GCT	19	33.91	16.18	16.82	33.09
GCT	20	33.92	17.62	16.37	32.09
GCT	21	32.99	16.73	16.46	33.82
GCT	22	33.84	16.80	16.12	33.24
GCT	23	33.11	16.81	17.48	32.60
GCT	24	32.93	17.28	17.10	32.69
GCT	25	32.67	17.32	16.84	33.18
GCT	26	33.83	16.43	17.48	32.26
GCT	27	33.88	17.48	16.19	32.45
GCT	28	33.53	16.86	16.74	32.86
GCT	29	33.20	16.07	17.71	33.02
GCT	30	32.88	17.07	15.51	34.55
GCT	31	33.56	16.42	17.58	32.45
GCT	32	33.58	16.78	16.42	33.22
GCT	33	32.89	15.79	17.32	34.00
GCT	34	33.26	16.98	16.03	33.74
GCT	35	33.39	16.37	16.24	34.01
GCT	36	33.68	16.99	16.26	33.08
GCT	37	33.62	16.60	16.84	32.94
GCT	38	34.18	16.48	18.10	31.23
GCT	39	33.63	17.19	15.96	33.22
GCT	40	33.49	16.17	17.10	33.24
GCT	41	34.06	17.10	16.81	32.03
GCT	42	32.82	17.11	17.02	33.05
GCT	43	33.52	16.61	17.62	32.25
GCT	44	33.98	15.76	17.63	32.63
GCT	45	33.19	17.57	16.93	32.32
GCT	46	34.43	15.66	16.80	33.10
GCT	47	33.04	16.98	17.18	32.80
GCT	48	34.14	16.26	16.85	32.75
GCT	49	34.85	16.92	16.51	31.72
GCT	50	32.88	16.41	17.11	33.61
GCT	51	33.20	16.64	17.19	32.97
GCT	52	33.32	17.27	16.54	32.88
GCT	53	32.17	16.58	16.89	34.36
GCT	54	32.65	16.76	16.73	33.86
GCT	55	33.52	17.38	15.57	33.53
GCT	56	34.08	16.89	16.99	32.04
GCT	57	34.26	16.21	17.40	32.13
GCT	58	32.98	16.98	16.99	33.05
GCT	59	33.31	17.11	16.72	32.86
GCT	60	32.97	17.54	15.70	33.79
GCT	61	32.52	16.46	17.42	33.59
GCT	62	33.50	16.76	16.74	32.99
GCT	63	34.05	16.81	16.09	33.05
GCT	64	33.44	16.17	16.41	33.99
GCT	65	33.14	16.74	17.02	33.10
GCT	66	33.36	16.76	17.40	32.48
GCT	67	33.03	17.36	16.41	33.20
GCT	68	33.80	16.61	16.67	32.92
GCT	69	33.71	16.46	16.44	33.39
GCT	70	33.61	17.41	15.78	33.20
GCT	71	33.09	17.19	17.05	32.68
GCT	72	32.65	17.21	17.14	32.99
GCT	73	33.46	16.34	16.39	33.80
GCT	74	31.77	17.46	17.61	33.16
GCT	75	33.01	16.94	16.30	33.74
GCT	76	33.19	16.38	17.46	32.97
GCT	77	34.23	16.16	16.64	32.97
GCT	78	33.05	16.33	16.61	34.01
GCT	79	33.58	16.20	17.06	33.16
GCT	80	33.37	16.39	16.93	33.31
GCT	81	33.24	16.61	16.26	33.88
GCT	82	33.90	16.58	16.86	32.66
GCT	83	33.54	17.14	17.91	31.41
GCT	84	33.20	16.97	16.07	33.76
GCT	85	33.33	16.13	15.96	34.57
GCT	86	33.82	16.74	16.84	32.60
GCT	87	34.93	17.87	16.03	31.18
GCT	88	33.33	16.00	17.92	32.75
GCT	89	33.98	17.69	17.10	31.24
GCT	90	33.57	16.24	17.03	33.16
GCT	91	33.74	17.02	15.82	33.42
GCT	92	34.01	17.65	16.95	31.39
GCT	93	32.77	16.59	17.19	33.45
GCT	94	32.72	16.04	17.35	33.89
GCT	95	33.07	17.02	17.46	32.45
GCT	96	32.47	16.90	16.42	34.21
GCT	97	34.19	15.95	17.10	32.76
GCT	98	33.18	16.51	17.84	32.47
GCT	99	32.97	17.44	16.81	32.79
GCT	100	33.84	16.03	16.37	33.76
GCT	101	33.22	16.84	16.99	32.95
GCT	102	33.79	16.20	16.56	33.45
GCT	103	32.63	15.88	16.46	35.03
GCT	104	32.07	17.18	16.25	34.51
GCT	105	32.28	17.24	15.81	34.67
GCT	106	33.02	16.72	16.39	33.87
GCT	107	34.18	16.78	16.97	32.07
GCT	108	33.49	16.77	16.48	33.26
GCT	109	33.99	16.26	16.98	32.77
GCT	110	33.56	16.45	17.43	32.56
GCT	111	34.51	16.84	16.52	32.13
GCT	112	33.14	16.80	16.21	33.86
GCT	113	34.16	16.47	16.07	33.31
GCT	114	33.25	16.70	16.46	33.59
GCT	115	33.49	15.90	16.80	33.81
GCT	116	34.14	16.85	17.14	31.87
GCT	117	33.49	16.58	16.53	33.41
GCT	118	33.32	15.99	17.19	33.50
GCT	119	33.88	17.47	17.04	31.62
GCT	120	33.26	17.39	16.04	33.30
GCT	121	33.43	16.28	16.68	33.60
GCT	122	33.89	16.88	16.81	32.42
GCT	123	33.15	17.29	15.89	33.66
GCT	124	33.83	16.19	17.05	32.92
GCT	125	33.62	17.23	17.25	31.90
GCT	126	32.52	16.85	17.27	33.36
GCT	127	32.26	17.31	16.98	33.45
GCT	128	32.26	16.75	17.05	33.95
GCT	129	33.83	16.76	16.17	33.24
GCT	130	33.81	16.97	16.20	33.02
GCT	131	34.14	16.79	16.75	32.32
GCT	132	33.46	17.29	15.55	33.71
GCT	133	32.62	17.23	17.04	33.11
GCT	134	33.83	15.18	17.64	33.35
GCT	135	33.48	16.69	16.57	33.27
GCT	136	34.44	16.82	16.14	32.60
GCT	137	32.95	16.84	17.72	32.48
GCT	138	32.88	16.57	17.65	32.90
GCT	139	32.60	17.04	16.78	33.58
GCT	140	34.11	17.04	16.83	32.02
GCT	141	32.92	17.19	16.91	32.98
GCT	142	32.17	16.55	18.06	33.22
GCT	143	33.61	16.75	16.75	32.89
GCT	144	32.22	17.01	16.48	34.29
GCT	145	33.99	16.25	16.65	33.11
GCT	146	33.40	16.54	17.12	32.94
GCT	147	32.28	17.18	16.82	33.72
GCT	148	32.41	17.17	16.46	33.95
GCT	149	34.40	17.76	15.46	32.39
GCT	150	32.36	17.13	17.03	33.47
GCT	151	34.46	17.23	16.65	31.67
# ACGT content per cycle for first fragments. Use `grep ^FBC | cut -f 2-` to extract this part. The columns are: cycle; A,C,G,T base counts as a percentage of all A/C/G/T bases [%]; and N and O counts as a percentage of all A/C/G/T bases [%]
FBC	1	30.79	20.14	20.68	28.38	0.38	0.00
FBC	2	33.15	16.87	16.41	33.56	0.00	0.00
FBC	3	34.02	14.75	16.31	34.92	0.00	0.00
FBC	4	31.70	18.02	16.97	33.31	0.00	0.00
FBC	5	33.61	15.67	17.41	33.31	0.00	0.00
FBC	6	34.53	14.49	16.77	34.20	0.00	0.00
FBC	7	34.10	15.87	15.06	34.97	0.00	0.00
FBC	8	33.21	16.59	16.82	33.38	0.00	0.00
FBC	9	33.08	17.23	17.56	32.13	0.00	0.00
FBC	10	33.13	16.00	15.80	35.07	0.00	0.00
FBC	11	31.95	18.05	18.00	32.00	0.00	0.00
FBC	12	31.49	18.20	19.40	30.90	0.00	0.00
FBC	13	32.67	16.79	18.12	32.41	0.00	0.00
FBC	14	34.25	17.56	16.21	31.98	0.00	0.00
FBC	15	31.83	17.28	16.79	34.10	0.00	0.00
FBC	16	33.41	15.93	17.48	33.18	0.00	0.00
FBC	17	32.69	16.69	16.77	33.84	0.00	0.00
FBC	18	32.98	17.28	17.15	32.59	0.00	0.00
FBC	19	33.56	16.85	16.36	33.23	0.00	0.00
FBC	20	32.72	16.82	16.69	33.77	0.00	0.00
FBC	21	34.43	15.67	17.77	32.13	0.00	0.00
FBC	22	33.64	16.85	15.85	33.67	0.00	0.00
FBC	23	33.08	16.10	16.74	34.07	0.00	0.00
FBC	24	32.41	16.46	17.33	33.79	0.00	0.00
FBC	25	32.06	17.20	17.10	33.64	0.00	0.00
FBC	26	33.15	16.54	17.74	32.57	0.00	0.00
FBC	27	34.03	16.64	16.41	32.92	0.31	0.00
FBC	28	32.39	17.02	16.46	34.13	0.00	0.00
FBC	29	33.61	15.80	17.74	32.85	0.00	0.00
FBC	30	34.13	16.28	15.01	34.59	0.00	0.00
FBC	31	33.36	16.97	17.41	32.26	0.00	0.00
FBC	32	35.05	16.08	16.44	32.44	0.00	0.00
FBC	33	31.90	16.67	17.82	33.61	0.00	0.00
FBC	34	34.84	15.49	17.15	32.52	0.00	0.00
FBC	35	33.23	16.51	16.46	33.79	0.00	0.00
FBC	36	34.54	17.14	16.38	31.93	0.10	0.00
FBC	37	32.03	16.13	17.36	34.48	0.00	0.00
FBC	38	32.29	17.36	17.77	32.59	0.00	0.00
FBC	39	31.77	16.18	17.25	34.79	0.00	0.00
FBC	40	33.91	16.75	16.55	32.79	0.20	0.00
FBC	41	31.85	17.00	17.69	33.46	0.00	0.00
FBC	42	32.41	17.74	16.95	32.90	0.00	0.00
FBC	43	32.52	17.28	17.59	32.62	0.00	0.00
FBC	44	33.01	16.35	17.30	33.34	0.10	0.00
FBC	45	31.95	17.28	17.18	33.59	0.00	0.00
FBC	46	34.01	17.21	15.42	33.37	0.03	0.00
FBC	47	32.50	18.36	16.62	32.52	0.18	0.00
FBC	48	31.77	16.56	17.54	34.13	0.00	0.00
FBC	49	34.19	15.60	16.95	33.27	0.03	0.00
FBC	50	33.59	16.49	16.74	33.18	0.00	0.00
FBC	51	31.31	16.10	17.46	35.12	0.00	0.00
FBC	52	32.03	17.00	17.92	33.05	0.00	0.00
FBC	53	33.59	16.00	16.92	33.49	0.00	0.00
FBC	54	34.20	15.90	17.18	32.72	0.00	0.00
FBC	55	34.07	15.62	17.25	33.05	0.00	0.00
FBC	56	31.83	16.95	16.23	34.99	0.00	0.00
FBC	57	32.77	15.82	16.90	34.51	0.00	0.00
FBC	58	33.87	16.79	17.33	32.00	0.00	0.00
FBC	59	32.98	16.62	17.25	33.15	0.00	0.00
FBC	60	33.82	16.16	16.64	33.38	0.00	0.00
FBC	61	31.49	17.48	17.51	33.51	0.00	0.00
FBC	62	34.18	16.08	16.77	32.98	0.00	0.00
FBC	63	33.33	16.00	17.13	33.54	0.00	0.00
FBC	64	33.26	16.10	15.72	34.92	0.00	0.00
FBC	65	32.39	16.31	17.20	34.10	0.00	0.00
FBC	66	32.29	17.54	17.89	32.29	0.00	0.00
FBC	67	32.72	16.90	17.31	33.08	0.00	0.00
FBC	68	32.95	15.72	17.10	34.23	0.00	0.00
FBC	69	33.44	16.95	15.52	34.10	0.00	0.00
FBC	70	33.97	16.23	16.23	33.56	0.00	0.00
FBC	71	33.28	17.05	17.13	32.54	0.00	0.00
FBC	72	33.28	16.46	17.82	32.44	0.00	0.00
FBC	73	32.92	17.66	15.90	33.51	0.00	0.00
FBC	74	31.77	17.15	18.15	32.92	0.00	0.00
FBC	75	33.36	17.71	16.10	32.82	0.00	0.00
FBC	76	32.85	17.71	17.13	32.31	0.00	0.00
FBC	77	34.23	15.36	17.08	33.33	0.00	0.00
FBC	78	33.15	16.82	16.13	33.90	0.00	0.00
FBC	79	31.54	16.28	16.41	35.76	0.00	0.00
FBC	80	34.25	17.18	16.18	32.39	0.00	0.00
FBC	81	34.25	16.74	16.49	32.52	0.00	0.00
FBC	82	33.72	16.00	17.36	32.92	0.00	0.00
FBC	83	33.69	18.51	16.67	31.13	0.00	0.00
FBC	84	35.15	14.70	16.67	33.49	0.00	0.00
FBC	85	33.87	16.39	16.00	33.74	0.00	0.00
FBC	86	33.64	16.23	17.10	33.03	0.00	0.00
FBC	87	33.79	17.31	15.70	33.21	0.00	0.00
FBC	88	32.18	17.54	16.51	33.77	0.00	0.00
FBC	89	31.80	15.95	18.40	33.84	0.00	0.00
FBC	90	33.03	16.33	16.79	33.84	0.00	0.00
FBC	91	34.74	16.18	16.03	33.05	0.00	0.00
FBC	92	33.56	17.15	17.02	32.26	0.00	0.00
FBC	93	32.29	17.77	15.82	34.13	0.00	0.00
FBC	94	32.95	16.28	17.54	33.23	0.00	0.00
FBC	95	34.25	17.48	16.67	31.60	0.00	0.00
FBC	96	34.59	16.56	17.20	31.65	0.00	0.00
FBC	97	32.41	18.07	14.37	35.15	0.00	0.00
FBC	98	32.75	16.67	17.36	33.23	0.00	0.00
FBC	99	32.72	16.59	17.77	32.92	0.00	0.00
FBC	100	33.69	16.87	16.95	32.49	0.00	0.00
FBC	101	34.07	16.87	16.21	32.85	0.00	0.00
FBC	102	33.84	14.93	17.38	33.84	0.00	0.00
FBC	103	34.64	15.93	16.97	32.46	0.00	0.00
FBC	104	33.13	15.59	17.59	33.69	0.00	0.00
FBC	105	33.37	16.21	17.11	33.32	0.03	0.00
FBC	106	32.90	16.82	15.98	34.30	0.00	0.00
FBC	107	30.55	16.16	18.12	35.17	0.00	0.00
FBC	108	33.08	16.95	16.10	33.87	0.00	0.00
FBC	109	33.74	16.85	16.39	33.03	0.00	0.00
FBC	110	32.95	17.94	16.08	33.03	0.00	0.00
FBC	111	32.21	16.44	16.46	34.89	0.00	0.00
FBC	112	34.87	16.26	16.69	32.18	0.00	0.00
FBC	113	33.92	16.18	16.28	33.61	0.00	0.00
FBC	114	33.34	16.08	17.16	33.42	0.00	0.00
FBC	115	34.44	17.54	15.55	32.47	0.00	0.00
FBC	116	33.42	15.93	17.77	32.88	0.00	0.00
FBC	117	34.54	16.54	15.78	33.14	0.00	0.00
FBC	118	33.60	16.90	16.49	33.01	0.00	0.00
FBC	119	33.32	16.29	17.69	32.70	0.00	0.00
FBC	120	33.04	17.18	16.72	33.06	0.00	0.00
FBC	121	33.01	16.47	16.90	33.62	0.00	0.00
FBC	122	34.39	16.19	16.19	33.24	0.00	0.00
FBC	123	33.04	16.01	17.52	33.43	0.00	0.00
FBC	124	32.76	16.96	16.75	33.53	0.00	0.00
FBC	125	31.70	17.78	17.70	32.82	0.00	0.00
FBC	126	33.28	16.78	16.91	33.03	0.00	0.00
FBC	127	32.00	18.06	17.14	32.80	0.00	0.00
FBC	128	33.61	16.17	17.24	32.98	0.00	0.00
FBC	129	34.74	15.73	16.88	32.64	0.00	0.00
FBC	130	34.34	16.43	16.35	32.88	0.00	0.00
FBC	131	32.52	16.25	17.22	34.01	0.00	0.00
FBC	132	33.27	16.81	16.17	33.75	0.00	0.00
FBC	133	32.83	16.99	16.73	33.44	0.00	0.00
FBC	134	33.50	15.99	15.84	34.67	0.00	0.00
FBC	135	33.57	16.84	16.48	33.11	0.00	0.00
FBC	136	34.47	16.25	16.91	32.37	0.00	0.00
FBC	137	33.29	17.86	17.27	31.58	0.00	0.00
FBC	138	31.96	16.66	17.60	33.78	0.00	0.00
FBC	139	32.91	16.20	17.35	33.55	0.00	0.00
FBC	140	33.24	16.22	17.66	32.88	0.00	0.00
FBC	141	31.24	17.14	17.22	34.39	0.00	0.00
FBC	142	33.01	16.50	17.50	32.98	0.00	0.00
FBC	143	31.85	16.97	17.26	33.92	0.00	0.00
FBC	144	32.23	16.33	17.20	34.23	0.00	0.00
FBC	145	33.63	17.49	16.01	32.86	0.00	0.00
FBC	146	35.10	17.59	16.00	31.31	0.10	0.00
FBC	147	33.03	17.58	15.52	33.87	0.00	0.00
FBC	148	33.04	16.82	17.23	32.91	0.00	0.00
FBC	149	33.91	15.93	16.64	33.52	0.00	0.00
FBC	150	32.88	16.26	18.11	32.75	0.00	0.00
FBC	151	31.79	16.91	16.58	34.72	0.00	0.00
# ACGT raw counters for first fragments. Use `grep ^FTC | cut -f 2-` to extract this part. The columns are: A,C,G,T,N base counters
FTC	195662	98362	99706	196231	57
# ACGT content per cycle for last fragments. Use `grep ^LBC | cut -f 2-` to extract this part. The columns are: cycle; A,C,G,T base counts as a percentage of all A/C/G/T bases [%]; and N and O counts as a percentage of all A/C/G/T bases [%]
LBC	1	35.94	15.90	14.42	33.74	0.89	0.00
LBC	2	33.63	16.64	16.43	33.31	0.00	0.00
LBC	3	35.01	15.04	14.75	35.20	0.00	0.00
LBC	4	33.39	16.35	17.57	32.69	0.00	0.00
LBC	5	33.95	16.56	16.69	32.80	0.00	0.00
LBC	6	33.01	15.41	17.23	34.35	0.00	0.00
LBC	7	33.20	16.05	16.67	34.08	0.00	0.00
LBC	8	32.67	16.43	16.37	34.53	0.00	0.00
LBC	9	32.61	17.57	16.67	33.15	0.00	0.00
LBC	10	35.09	15.65	16.13	33.12	0.00	0.00
LBC	11	33.01	17.95	17.12	31.92	0.00	0.00
LBC	12	31.33	17.73	19.63	31.31	0.00	0.00
LBC	13	32.53	17.15	17.31	33.01	0.00	0.00
LBC	14	33.15	17.60	17.28	31.97	0.00	0.00
LBC	15	33.12	16.35	18.32	32.21	0.00	0.00
LBC	16	33.63	16.77	17.09	32.51	0.00	0.00
LBC	17	34.40	16.16	16.96	32.48	0.00	0.00
LBC	18	32.77	17.07	17.60	32.56	0.00	0.00
LBC	19	34.59	16.96	15.84	32.61	0.00	0.00
LBC	20	32.96	17.07	17.41	32.56	0.00	0.00
LBC	21	32.53	16.29	16.64	34.53	0.00	0.00
LBC	22	33.87	16.91	16.24	32.99	0.00	0.00
LBC	23	31.57	18.24	17.55	32.64	0.00	0.00
LBC	24	32.24	18.59	16.40	32.77	0.00	0.00
LBC	25	33.01	16.27	17.73	32.99	0.00	0.00
LBC	26	33.68	16.77	16.75	32.80	0.00	0.00
LBC	27	32.68	16.39	17.93	33.00	0.94	0.00
LBC	28	34.03	16.99	16.75	32.24	0.00	0.00
LBC	29	32.48	16.03	18.00	33.49	0.00	0.00
LBC	30	32.88	16.45	17.47	33.20	0.00	0.00
LBC	31	32.11	16.13	17.47	34.29	0.00	0.00
LBC	32	32.88	16.45	17.47	33.20	0.00	0.00
LBC	33	33.89	15.73	15.95	34.43	0.00	0.00
LBC	34	33.71	16.61	16.77	32.91	0.00	0.00
LBC	35	32.37	14.69	17.52	35.41	0.00	0.00
LBC	36	33.79	16.61	16.35	33.25	0.00	0.00
LBC	37	32.05	16.19	17.20	34.56	0.00	0.00
LBC	38	32.24	16.91	17.12	33.73	0.00	0.00
LBC	39	34.05	17.23	15.63	33.09	0.00	0.00
LBC	40	32.85	16.67	16.59	33.89	0.00	0.00
LBC	41	34.35	15.73	17.36	32.56	0.00	0.00
LBC	42	33.55	17.20	16.35	32.91	0.00	0.00
LBC	43	34.27	17.57	16.00	32.16	0.00	0.00
LBC	44	33.65	16.27	16.85	33.23	0.00	0.00
LBC	45	31.12	17.47	17.07	34.35	0.00	0.00
LBC	46	33.15	16.00	16.29	34.56	0.00	0.00
LBC	47	34.29	17.23	16.08	32.40	0.00	0.00
LBC	48	34.83	15.95	16.13	33.09	0.00	0.00
LBC	49	32.91	16.45	17.89	32.75	0.00	0.00
LBC	50	33.97	17.23	16.59	32.21	0.00	0.00
LBC	51	33.76	17.25	16.85	32.13	0.00	0.00
LBC	52	33.76	15.71	16.93	33.60	0.00	0.00
LBC	53	33.81	16.43	17.60	32.16	0.00	0.00
LBC	54	32.37	16.99	16.93	33.71	0.00	0.00
LBC	55	32.96	17.09	15.95	34.00	0.00	0.00
LBC	56	32.29	17.41	17.20	33.09	0.00	0.00
LBC	57	32.61	17.55	16.99	32.85	0.00	0.00
LBC	58	31.95	16.93	16.88	34.24	0.00	0.00
LBC	59	32.59	16.43	17.36	33.63	0.00	0.00
LBC	60	33.01	16.48	17.23	33.28	0.00	0.00
LBC	61	32.93	16.93	15.79	34.35	0.00	0.00
LBC	62	33.47	16.99	17.20	32.35	0.00	0.00
LBC	63	33.44	16.91	15.76	33.89	0.00	0.00
LBC	64	33.79	16.69	16.67	32.85	0.00	0.00
LBC	65	32.61	16.24	17.79	33.36	0.00	0.00
LBC	66	34.29	16.16	16.67	32.88	0.00	0.00
LBC	67	33.31	16.43	16.88	33.39	0.00	0.00
LBC	68	32.03	16.29	17.47	34.21	0.00	0.00
LBC	69	32.69	16.11	17.25	33.95	0.00	0.00
LBC	70	34.00	15.97	17.97	32.05	0.00	0.00
LBC	71	32.27	15.36	18.93	33.44	0.00	0.00
LBC	72	32.53	16.96	17.47	33.04	0.00	0.00
LBC	73	34.21	15.97	15.89	33.92	0.00	0.00
LBC	74	33.57	16.91	17.92	31.60	0.00	0.00
LBC	75	34.41	15.76	16.88	32.94	0.03	0.00
LBC	76	32.05	16.77	16.03	35.15	0.00	0.00
LBC	77	33.41	15.60	17.57	33.41	0.00	0.00
LBC	78	32.93	15.36	17.57	34.13	0.00	0.00
LBC	79	32.77	16.29	17.55	33.39	0.00	0.00
LBC	80	34.75	16.03	17.25	31.97	0.00	0.00
LBC	81	33.36	17.63	14.88	34.13	0.00	0.00
LBC	82	32.81	16.48	17.04	33.66	0.03	0.00
LBC	83	32.67	17.25	17.65	32.43	0.00	0.00
LBC	84	32.93	17.28	17.49	32.29	0.00	0.00
LBC	85	32.56	16.27	15.52	35.65	0.00	0.00
LBC	86	32.08	16.93	16.91	34.08	0.00	0.00
LBC	87	32.37	16.72	18.11	32.80	0.00	0.00
LBC	88	33.33	17.07	16.72	32.88	0.00	0.00
LBC	89	31.10	18.35	16.88	33.66	0.03	0.00
LBC	90	33.44	16.85	16.56	33.15	0.00	0.00
LBC	91	33.97	16.27	17.23	32.53	0.00	0.00
LBC	92	32.77	16.75	18.29	32.19	0.00	0.00
LBC	93	32.59	17.52	16.45	33.44	0.00	0.00
LBC	94	33.68	17.55	15.39	33.39	0.00	0.00
LBC	95	31.79	17.95	16.88	33.39	0.00	0.00
LBC	96	32.75	16.08	16.77	34.40	0.00	0.00
LBC	97	33.33	17.60	16.08	32.99	0.00	0.00
LBC	98	32.21	17.63	17.07	33.09	0.00	0.00
LBC	99	33.15	17.68	16.45	32.72	0.00	0.00
LBC	100	33.25	15.33	15.57	35.84	0.00	0.00
LBC	101	32.99	16.21	18.40	32.40	0.00	0.00
LBC	102	32.85	16.88	16.35	33.92	0.00	0.00
LBC	103	35.07	15.28	16.48	33.17	0.00	0.00
LBC	104	32.72	17.31	16.37	33.60	0.00	0.00
LBC	105	31.47	15.63	17.15	35.76	0.00	0.00
LBC	106	34.56	17.15	16.29	32.00	0.00	0.00
LBC	107	33.07	16.83	16.37	33.73	0.00	0.00
LBC	108	33.36	16.96	16.51	33.17	0.00	0.00
LBC	109	33.04	16.03	17.23	33.71	0.00	0.00
LBC	110	32.28	17.97	15.76	34.00	0.86	0.00
LBC	111	33.12	17.17	16.67	33.04	0.00	0.00
LBC	112	33.52	16.53	16.53	33.41	0.00	0.00
LBC	113	32.24	16.03	16.59	35.15	0.00	0.00
LBC	114	33.45	17.26	15.82	33.48	0.00	0.00
LBC	115	32.97	15.20	17.10	34.73	0.00	0.00
LBC	116	34.12	16.94	17.36	31.58	0.00	0.00
LBC	117	32.28	15.98	17.95	33.80	0.00	0.00
LBC	118	31.53	16.48	16.48	35.50	0.00	0.00
LBC	119	32.28	16.78	18.27	32.68	0.00	0.00
LBC	120	33.42	17.95	14.99	33.64	0.00	0.00
LBC	121	33.72	15.50	17.04	33.74	0.00	0.00
LBC	122	33.64	16.48	18.59	31.29	0.00	0.00
LBC	123	32.58	16.14	16.68	34.61	0.00	0.00
LBC	124	33.30	16.01	16.76	33.94	0.00	0.00
LBC	125	34.72	16.12	17.32	31.84	0.00	0.00
LBC	126	32.27	17.35	17.21	33.17	0.00	0.00
LBC	127	34.05	16.60	16.73	32.61	0.00	0.00
LBC	128	33.47	17.13	17.05	32.35	0.00	0.00
LBC	129	33.17	16.47	16.79	33.57	0.00	0.00
LBC	130	33.10	17.08	16.50	33.32	0.00	0.00
LBC	131	33.16	15.14	18.47	33.24	0.00	0.00
LBC	132	33.58	16.12	16.55	33.74	0.00	0.00
LBC	133	33.24	16.74	18.10	31.93	0.00	0.00
LBC	134	33.43	15.59	18.26	32.71	0.00	0.00
LBC	135	32.20	16.61	16.58	34.61	0.00	0.00
LBC	136	33.70	15.54	17.20	33.56	0.00	0.00
LBC	137	32.23	16.77	17.20	33.81	0.00	0.00
LBC	138	32.18	17.62	16.56	33.64	0.00	0.00
LBC	139	33.30	15.81	18.29	32.60	0.00	0.00
LBC	140	33.28	17.55	16.32	32.85	0.00	0.00
LBC	141	32.30	16.19	17.63	33.88	0.00	0.00
LBC	142	32.59	16.72	18.51	32.17	0.00	0.00
LBC	143	33.42	15.95	16.78	33.85	0.00	0.00
LBC	144	33.52	16.49	16.95	33.04	0.00	0.00
LBC	145	33.24	16.19	16.08	34.49	0.00	0.00
LBC	146	32.61	16.31	17.43	33.65	0.00	0.00
LBC	147	32.22	18.35	16.58	32.84	0.00	0.00
LBC	148	34.58	16.01	17.20	32.21	0.00	0.00
LBC	149	32.12	16.86	17.03	34.00	0.00	0.00
LBC	150	33.28	16.77	17.19	32.77	0.00	0.00
LBC	151	32.75	16.99	17.33	32.94	0.00	0.00
# ACGT raw counters for last fragments. Use `grep ^LTC | cut -f 2-` to extract this part. The columns are: A,C,G,T,N base counters
LTC	187210	93942	95700	188178	103
# Insert sizes. Use `grep ^IS | cut -f 2-` to extract this part. The columns are: insert size, pairs total, inward oriented pairs, outward oriented pairs, other pairs
IS	0	4	2	0	2
IS	1	0	0	0	0
IS	2	0	0	0	0
IS	3	0	0	0	0
IS	4	0	0	0	0
IS	5	0	0	0	0
IS	6	0	0	0	0
IS	7	0	0	0	0
IS	8	0	0	0	0
IS	9	0	0	0	0
IS	10	0	0	0	0
IS	11	0	0	0	0
IS	12	0	0	0	0
IS	13	0	0	0	0
IS	14	0	0	0	0
IS	15	0	0	0	0
IS	16	0	0	0	0
IS	17	0	0	0	0
IS	18	0	0	0	0
IS	19	0	0	0	0
IS	20	0	0	0	0
IS	21	0	0	0	0
IS	22	0	0	0	0
IS	23	0	0	0	0
IS	24	0	0	0	0
IS	25	0	0	0	0
IS	26	0	0	0	0
IS	27	0	0	0	0
IS	28	0	0	0	0
IS	29	0	0	0	0
IS	30	0	0	0	0
IS	31	0	0	0	0
IS	32	0	0	0	0
IS	33	0	0	0	0
IS	34	0	0	0	0
IS	35	0	0	0	0
IS	36	0	0	0	0
IS	37	0	0	0	0
IS	38	0	0	0	0
IS	39	0	0	0	0
IS	40	0	0	0	0
IS	41	0	0	0	0
IS	42	0	0	0	0
IS	43	0	0	0	0
IS	44	0	0	0	0
IS	45	0	0	0	0
IS	46	0	0	0	0
IS	47	0	0	0	0
IS	48	0	0	0	0
IS	49	0	0	0	0
IS	50	0	0	0	0
IS	51	0	0	0	0
IS	52	0	0	0	0
IS	53	0	0	0	0
IS	54	0	0	0	0
IS	55	0	0	0	0
IS	56	0	0	0	0
IS	57	0	0	0	0
IS	58	0	0	0	0
IS	59	0	0	0	0
IS	60	0	0	0	0
IS	61	0	0	0	0
IS	62	0	0	0	0
IS	63	0	0	0	0
IS	64	0	0	0	0
IS	65	0	0	0	0
IS	66	0	0	0	0
IS	67	0	0	0	0
IS	68	0	0	0	0
IS	69	0	0	0	0
IS	70	0	0	0	0
IS	71	0	0	0	0
IS	72	0	0	0	0
IS	73	0	0	0	0
IS	74	0	0	0	0
IS	75	0	0	0	0
IS	76	0	0	0	0
IS	77	0	0	0	0
IS	78	0	0	0	0
IS	79	0	0	0	0
IS	80	0	0	0	0
IS	81	0	0	0	0
IS	82	0	0	0	0
IS	83	0	0	0	0
IS	84	0	0	0	0
IS	85	0	0	0	0
IS	86	0	0	0	0
IS	87	0	0	0	0
IS	88	0	0	0	0
IS	89	0	0	0	0
IS	90	0	0	0	0
IS	91	0	0	0	0
IS	92	0	0	0	0
IS	93	0	0	0	0
IS	94	0	0	0	0
IS	95	0	0	0	0
IS	96	0	0	0	0
IS	97	0	0	0	0
IS	98	0	0	0	0
IS	99	0	0	0	0
IS	100	0	0	0	0
IS	101	0	0	0	0
IS	102	0	0	0	0
IS	103	0	0	0	0
IS	104	0	0	0	0
IS	105	0	0	0	0
IS	106	0	0	0	0
IS	107	0	0	0	0
IS	108	0	0	0	0
IS	109	0	0	0	0
IS	110	0	0	0	0
IS	111	0	0	0	0
IS	112	0	0	0	0
IS	113	0	0	0	0
IS	114	1	0	1	0
IS	115	0	0	0	0
IS	116	0	0	0	0
IS	117	0	0	0	0
IS	118	0	0	0	0
IS	119	0	0	0	0
IS	120	0	0	0	0
IS	121	0	0	0	0
IS	122	0	0	0	0
IS	123	1	0	1	0
IS	124	0	0	0	0
IS	125	1	0	1	0
IS	126	0	0	0	0
IS	127	0	0	0	0
IS	128	0	0	0	0
IS	129	0	0	0	0
IS	130	1	0	1	0
IS	131	0	0	0	0
IS	132	0	0	0	0
IS	133	0	0	0	0
IS	134	0	0	0	0
IS	135	0	0	0	0
IS	136	0	0	0	0
IS	137	0	0	0	0
IS	138	0	0	0	0
IS	139	0	0	0	0
IS	140	0	0	0	0
IS	141	0	0	0	0
IS	142	0	0	0	0
IS	143	0	0	0	0
IS	144	0	0	0	0
IS	145	1	0	1	0
IS	146	0	0	0	0
IS	147	0	0	0	0
IS	148	0	0	0	0
IS	149	0	0	0	0
IS	150	0	0	0	0
IS	151	2	1	1	0
IS	152	1	0	1	0
IS	153	1	1	0	0
IS	154	0	0	0	0
IS	155	0	0	0	0
IS	156	1	1	0	0
IS	157	0	0	0	0
IS	158	1	1	0	0
IS	159	1	1	0	0
IS	160	0	0	0	0
IS	161	1	1	0	0
IS	162	0	0	0	0
IS	163	0	0	0	0
IS	164	1	1	0	0
IS	165	0	0	0	0
IS	166	1	1	0	0
IS	167	0	0	0	0
IS	168	1	1	0	0
IS	169	0	0	0	0
IS	170	1	1	0	0
IS	171	0	0	0	0
IS	172	2	2	0	0
IS	173	0	0	0	0
IS	174	0	0	0	0
IS	175	0	0	0	0
IS	176	1	1	0	0
IS	177	0	0	0	0
IS	178	1	1	0	0
IS	179	0	0	0	0
IS	180	1	1	0	0
IS	181	3	3	0	0
IS	182	0	0	0	0
IS	183	2	2	0	0
IS	184	1	1	0	0
IS	185	1	1	0	0
IS	186	1	1	0	0
IS	187	0	0	0	0
IS	188	1	1	0	0
IS	189	0	0	0	0
IS	190	1	1	0	0
IS	191	2	2	0	0
IS	192	0	0	0	0
IS	193	2	2	0	0
IS	194	1	1	0	0
IS	195	6	6	0	0
IS	196	4	4	0	0
IS	197	2	2	0	0
IS	198	2	2	0	0
IS	199	4	4	0	0
IS	200	1	1	0	0
IS	201	6	6	0	0
IS	202	2	2	0	0
IS	203	8	8	0	0
IS	204	8	8	0	0
IS	205	13	13	0	0
IS	206	11	11	0	0
IS	207	10	10	0	0
IS	208	9	9	0	0
IS	209	7	7	0	0
IS	210	5	5	0	0
IS	211	12	12	0	0
IS	212	11	11	0	0
IS	213	13	13	0	0
IS	214	14	14	0	0
IS	215	19	19	0	0
IS	216	14	14	0	0
IS	217	18	18	0	0
IS	218	4	4	0	0
IS	219	16	16	0	0
IS	220	8	8	0	0
IS	221	5	5	0	0
IS	222	9	9	0	0
IS	223	10	10	0	0
IS	224	9	9	0	0
IS	225	17	17	0	0
IS	226	14	14	0	0
IS	227	11	11	0	0
IS	228	7	7	0	0
IS	229	14	14	0	0
IS	230	10	10	0	0
IS	231	6	6	0	0
IS	232	7	7	0	0
IS	233	6	6	0	0
IS	234	17	17	0	0
IS	235	10	10	0	0
IS	236	12	12	0	0
IS	237	6	6	0	0
IS	238	16	16	0	0
IS	239	17	17	0	0
IS	240	9	9	0	0
IS	241	11	11	0	0
IS	242	18	18	0	0
IS	243	14	14	0	0
IS	244	10	10	0	0
IS	245	6	6	0	0
IS	246	5	5	0	0
IS	247	5	5	0	0
IS	248	29	29	0	0
IS	249	7	7	0	0
IS	250	7	7	0	0
IS	251	14	14	0	0
IS	252	9	9	0	0
IS	253	11	11	0	0
IS	254	18	18	0	0
IS	255	9	9	0	0
IS	256	12	12	0	0
IS	257	11	11	0	0
IS	258	17	17	0	0
IS	259	10	10	0	0
IS	260	9	9	0	0
IS	261	17	17	0	0
IS	262	12	12	0	0
IS	263	19	19	0	0
IS	264	17	17	0	0
IS	265	14	14	0	0
IS	266	8	8	0	0
IS	267	11	11	0	0
IS	268	10	10	0	0
IS	269	14	14	0	0
IS	270	9	9	0	0
IS	271	12	12	0	0
IS	272	21	21	0	0
IS	273	16	16	0	0
IS	274	7	7	0	0
IS	275	10	10	0	0
IS	276	11	11	0	0
IS	277	9	9	0	0
IS	278	11	11	0	0
IS	279	10	10	0	0
IS	280	10	10	0	0
IS	281	13	13	0	0
IS	282	16	16	0	0
IS	283	10	10	0	0
IS	284	7	7	0	0
IS	285	12	12	0	0
IS	286	13	13	0	0
IS	287	12	12	0	0
IS	288	17	17	0	0
IS	289	11	11	0	0
IS	290	7	7	0	0
IS	291	17	17	0	0
IS	292	19	19	0	0
IS	293	15	15	0	0
IS	294	7	7	0	0
IS	295	13	13	0	0
IS	296	5	5	0	0
IS	297	12	12	0	0
IS	298	10	10	0	0
IS	299	13	13	0	0
IS	300	10	10	0	0
IS	301	16	16	0	0
IS	302	17	17	0	0
IS	303	12	12	0	0
IS	304	17	17	0	0
IS	305	19	19	0	0
IS	306	11	11	0	0
IS	307	15	15	0	0
IS	308	18	18	0	0
IS	309	13	13	0	0
IS	310	15	15	0	0
IS	311	14	14	0	0
IS	312	12	12	0	0
IS	313	14	14	0	0
IS	314	10	10	0	0
IS	315	13	13	0	0
IS	316	8	8	0	0
IS	317	8	8	0	0
IS	318	10	10	0	0
IS	319	8	8	0	0
IS	320	14	14	0	0
IS	321	13	13	0	0
IS	322	17	17	0	0
IS	323	13	13	0	0
IS	324	13	13	0	0
IS	325	9	9	0	0
IS	326	11	11	0	0
IS	327	14	14	0	0
IS	328	15	15	0	0
IS	329	12	12	0	0
IS	330	13	13	0	0
IS	331	10	10	0	0
IS	332	13	13	0	0
IS	333	19	19	0	0
IS	334	12	12	0	0
IS	335	8	8	0	0
IS	336	12	12	0	0
IS	337	9	9	0	0
IS	338	10	10	0	0
IS	339	9	9	0	0
IS	340	10	10	0	0
IS	341	13	13	0	0
IS	342	16	16	0	0
IS	343	8	8	0	0
IS	344	16	16	0	0
IS	345	12	12	0	0
IS	346	10	10	0	0
IS	347	15	15	0	0
IS	348	17	17	0	0
IS	349	19	19	0	0
IS	350	16	16	0	0
IS	351	11	11	0	0
IS	352	8	8	0	0
IS	353	16	16	0	0
IS	354	9	9	0	0
IS	355	14	14	0	0
IS	356	8	8	0	0
IS	357	6	6	0	0
IS	358	11	11	0	0
IS	359	16	16	0	0
IS	360	14	14	0	0
IS	361	17	17	0	0
IS	362	11	11	0	0
IS	363	11	11	0	0
IS	364	8	8	0	0
IS	365	15	15	0	0
IS	366	16	16	0	0
IS	367	12	12	0	0
IS	368	9	9	0	0
IS	369	18	18	0	0
IS	370	13	13	0	0
IS	371	14	14	0	0
IS	372	16	16	0	0
IS	373	16	16	0	0
IS	374	8	8	0	0
IS	375	17	17	0	0
IS	376	6	6	0	0
IS	377	14	14	0	0
IS	378	8	8	0	0
IS	379	22	22	0	0
IS	380	15	15	0	0
IS	381	12	12	0	0
IS	382	11	11	0	0
IS	383	7	7	0	0
IS	384	12	12	0	0
IS	385	12	12	0	0
IS	386	15	15	0	0
IS	387	7	7	0	0
IS	388	16	16	0	0
IS	389	15	15	0	0
IS	390	17	17	0	0
IS	391	15	15	0	0
IS	392	22	22	0	0
IS	393	18	18	0	0
IS	394	13	13	0	0
IS	395	16	16	0	0
IS	396	19	19	0	0
IS	397	12	12	0	0
IS	398	15	15	0	0
IS	399	5	5	0	0
IS	400	18	18	0	0
IS	401	13	13	0	0
IS	402	16	16	0	0
IS	403	9	9	0	0
IS	404	16	16	0	0
IS	405	14	14	0	0
IS	406	12	12	0	0
IS	407	9	9	0	0
IS	408	12	12	0	0
IS	409	7	7	0	0
IS	410	14	14	0	0
IS	411	20	20	0	0
IS	412	10	10	0	0
IS	413	17	17	0	0
IS	414	18	18	0	0
IS	415	15	15	0	0
IS	416	14	14	0	0
IS	417	11	11	0	0
IS	418	18	18	0	0
IS	419	13	13	0	0
IS	420	12	12	0	0
IS	421	21	21	0	0
IS	422	12	12	0	0
IS	423	10	10	0	0
IS	424	13	13	0	0
IS	425	7	7	0	0
IS	426	16	16	0	0
IS	427	19	19	0	0
IS	428	15	15	0	0
IS	429	13	13	0	0
IS	430	19	19	0	0
IS	431	17	17	0	0
IS	432	9	9	0	0
IS	433	16	16	0	0
IS	434	15	15	0	0
IS	435	17	17	0	0
IS	436	9	9	0	0
IS	437	13	13	0	0
IS	438	10	10	0	0
IS	439	10	10	0	0
IS	440	16	16	0	0
IS	441	10	10	0	0
IS	442	7	7	0	0
IS	443	18	18	0	0
IS	444	17	17	0	0
IS	445	11	11	0	0
IS	446	9	9	0	0
IS	447	10	10	0	0
IS	448	11	11	0	0
IS	449	16	16	0	0
IS	450	10	10	0	0
IS	451	16	16	0	0
IS	452	22	22	0	0
IS	453	4	4	0	0
IS	454	5	5	0	0
IS	455	12	12	0	0
IS	456	9	9	0	0
IS	457	6	6	0	0
IS	458	9	9	0	0
IS	459	10	10	0	0
IS	460	15	15	0	0
IS	461	10	10	0	0
IS	462	8	8	0	0
IS	463	10	10	0	0
IS	464	9	9	0	0
IS	465	12	12	0	0
IS	466	7	7	0	0
IS	467	14	14	0	0
IS	468	6	6	0	0
IS	469	6	6	0	0
IS	470	11	11	0	0
IS	471	9	9	0	0
IS	472	7	7	0	0
IS	473	10	10	0	0
IS	474	4	4	0	0
IS	475	6	6	0	0
IS	476	4	4	0	0
IS	477	3	3	0	0
IS	478	4	4	0	0
IS	479	7	7	0	0
IS	480	4	4	0	0
IS	481	6	6	0	0
# Read lengths. Use `grep ^RL | cut -f 2-` to extract this part. The columns are: read length, count
RL	113	2
RL	122	2
RL	124	2
RL	129	2
RL	133	1
RL	139	1
RL	140	1
RL	142	2
RL	143	2
RL	144	6
RL	145	2
RL	146	15
RL	147	37
RL	148	159
RL	149	96
RL	150	558
RL	151	6774
# Read lengths - first fragments. Use `grep ^FRL | cut -f 2-` to extract this part. The columns are: read length, count
FRL	113	1
FRL	122	1
FRL	124	1
FRL	129	1
FRL	142	2
FRL	144	2
FRL	146	7
FRL	147	14
FRL	148	67
FRL	149	27
FRL	150	200
FRL	151	3589
# Read lengths - last fragments. Use `grep ^LRL | cut -f 2-` to extract this part. The columns are: read length, count
LRL	113	1
LRL	122	1
LRL	124	1
LRL	129	1
LRL	133	1
LRL	139	1
LRL	140	1
LRL	143	2
LRL	144	4
LRL	145	2
LRL	146	8
LRL	147	23
LRL	148	92
LRL	149	69
LRL	150	358
LRL	151	3185
# Mapping qualities for reads !(UNMAP|SECOND|SUPPL|QCFAIL|DUP). Use `grep ^MAPQ | cut -f 2-` to extract this part. The columns are: mapq, count
MAPQ	0	28
MAPQ	1	131
MAPQ	2	4
MAPQ	4	1
MAPQ	5	4
MAPQ	6	4
MAPQ	7	2
MAPQ	15	2
MAPQ	16	2
MAPQ	18	2
MAPQ	25	2
MAPQ	255	7480
# Indel distribution. Use `grep ^ID | cut -f 2-` to extract this part. The columns are: length, number of insertions, number of deletions
ID	1	96	108
ID	2	9	12
ID	3	1	0
ID	4	2	0
ID	5	1	0
# Indels per cycle. Use `grep ^IC | cut -f 2-` to extract this part. The columns are: cycle, number of insertions (fwd), .. (rev) , number of deletions (fwd), .. (rev)
IC	4	0	1	1	1
IC	5	2	3	1	0
IC	7	0	0	0	1
IC	8	0	0	3	0
IC	9	0	0	1	0
IC	10	0	1	0	0
IC	11	1	2	0	1
IC	12	1	1	0	1
IC	13	0	0	1	0
IC	14	0	0	0	2
IC	15	1	0	1	0
IC	17	0	1	0	0
IC	18	0	2	0	0
IC	19	1	1	0	0
IC	20	1	2	1	0
IC	21	0	1	0	0
IC	23	0	0	1	0
IC	25	0	1	0	0
IC	26	0	0	0	1
IC	29	0	1	1	0
IC	30	0	0	0	1
IC	32	0	0	2	0
IC	33	0	0	0	1
IC	35	1	1	0	0
IC	37	0	1	0	0
IC	38	0	0	1	0
IC	39	0	0	1	0
IC	40	1	0	2	0
IC	41	0	0	2	0
IC	42	0	0	2	0
IC	45	1	0	0	0
IC	48	0	0	1	1
IC	50	1	0	1	0
IC	51	3	1	1	0
IC	54	0	0	1	1
IC	55	1	0	1	0
IC	56	0	1	0	0
IC	57	0	0	0	1
IC	58	0	0	0	2
IC	59	0	0	0	1
IC	60	1	0	0	1
IC	62	0	0	1	1
IC	63	0	0	1	0
IC	64	0	0	0	1
IC	66	2	0	0	0
IC	68	1	0	0	0
IC	69	0	3	0	0
IC	70	3	0	0	0
IC	72	1	3	0	0
IC	73	0	0	1	0
IC	74	2	1	0	0
IC	75	0	0	2	0
IC	76	0	0	1	1
IC	79	1	0	0	0
IC	81	0	0	2	0
IC	82	0	0	1	0
IC	83	1	0	1	1
IC	84	0	0	2	0
IC	85	1	0	1	0
IC	86	0	0	1	1
IC	87	1	2	0	0
IC	88	1	0	1	1
IC	91	1	1	0	0
IC	92	1	0	1	0
IC	94	2	0	2	0
IC	95	1	0	0	1
IC	96	0	2	1	0
IC	98	0	0	2	0
IC	99	1	0	0	1
IC	100	1	0	0	0
IC	101	1	1	0	0
IC	102	0	1	0	1
IC	103	0	0	3	2
IC	104	0	0	0	2
IC	105	1	0	0	0
IC	107	0	1	0	1
IC	108	1	0	0	0
IC	109	1	0	0	0
IC	110	0	1	0	0
IC	111	0	0	2	1
IC	112	1	1	4	0
IC	113	0	0	1	0
IC	118	1	0	0	0
IC	119	0	0	0	2
IC	120	0	0	0	2
IC	121	0	0	1	1
IC	122	0	0	0	2
IC	123	1	0	0	0
IC	124	1	0	0	0
IC	125	0	0	1	2
IC	127	0	1	1	0
IC	128	1	0	0	1
IC	129	0	2	2	1
IC	130	3	0	1	1
IC	131	0	1	0	0
IC	132	2	0	0	0
IC	133	3	2	2	0
IC	134	0	0	1	0
IC	135	0	0	1	0
IC	136	1	0	1	1
IC	137	1	1	0	0
IC	139	1	0	1	0
IC	141	2	0	0	0
IC	142	0	0	1	0
IC	143	1	1	1	0
IC	144	0	1	2	0
IC	145	1	0	0	0
IC	146	1	0	0	0
IC	147	0	0	2	1
# Coverage distribution. Use `grep ^COV | cut -f 2-` to extract this part.
COV	[1-1]	1	493755
COV	[2-2]	2	185971
COV	[3-3]	3	54490
COV	[4-4]	4	19696
COV	[5-5]	5	5755
COV	[6-6]	6	1850
COV	[7-7]	7	734
COV	[8-8]	8	206
COV	[9-9]	9	1
COV	[10-10]	10	40
# GC-depth. Use `grep ^GCD | cut -f 2-` to extract this part. The columns are: GC%, unique sequence percentiles, 10th, 25th, 50th, 75th and 90th depth percentile
GCD	0.0	1.538	0.000	0.000	0.000	0.000	0.000
GCD	18.8	2.308	0.400	0.400	0.400	0.400	0.400
GCD	29.0	3.077	0.173	0.173	0.173	0.173	0.173
GCD	30.0	7.692	0.204	0.249	0.354	0.552	0.603
GCD	31.0	12.308	0.294	0.311	0.377	0.401	0.407
GCD	32.0	28.462	0.302	0.343	0.445	0.543	0.615
GCD	33.0	59.231	0.310	0.366	0.452	0.513	0.625
GCD	34.0	79.231	0.274	0.326	0.449	0.580	0.628
GCD	35.0	94.615	0.106	0.367	0.445	0.609	0.654
GCD	36.0	97.692	0.460	0.464	0.562	0.654	0.656
GCD	38.0	98.462	0.460	0.460	0.460	0.460	0.460
GCD	39.0	99.231	0.550	0.550	0.550	0.550	0.550
GCD	41.0	100.000	0.596	0.596	0.596	0.596	0.596
