# This file was produced by samtools stats (1.21+htslib-1.21) and can be plotted using plot-bamstats
# This file contains statistics for all reads.
# The command line was:  stats NC.Staphy1.9B_sorted.bam
# CHK, Checksum	[2]Read Names	[3]Sequences	[4]Qualities
# CHK, CRC32 of reads which passed filtering followed by addition (32bit overflow)
CHK	f81b56ac	e22368ba	3d473f97
# Summary Numbers. Use `grep ^SN | cut -f 2-` to extract this part.
SN	raw total sequences:	369	# excluding supplementary and secondary reads
SN	filtered sequences:	0
SN	sequences:	369
SN	is sorted:	1
SN	1st fragments:	195
SN	last fragments:	174
SN	reads mapped:	369
SN	reads mapped and paired:	332	# paired-end technology bit set + both mates mapped
SN	reads unmapped:	0
SN	reads properly paired:	330	# proper-pair bit set
SN	reads paired:	369	# paired-end technology bit set
SN	reads duplicated:	0	# PCR or optical duplicate bit set
SN	reads MQ0:	6	# mapped and MQ=0
SN	reads QC failed:	0
SN	non-primary alignments:	29
SN	supplementary alignments:	0
SN	total length:	55595	# ignores clipping
SN	total first fragment length:	29394	# ignores clipping
SN	total last fragment length:	26201	# ignores clipping
SN	bases mapped:	55595	# ignores clipping
SN	bases mapped (cigar):	55595	# more accurate
SN	bases trimmed:	0
SN	bases duplicated:	0
SN	mismatches:	766	# from NM fields
SN	error rate:	1.377822e-02	# mismatches / bases mapped (cigar)
SN	average length:	151
SN	average first fragment length:	151
SN	average last fragment length:	151
SN	maximum length:	151
SN	maximum first fragment length:	151
SN	maximum last fragment length:	151
SN	average quality:	38.4
SN	insert size average:	347.0
SN	insert size standard deviation:	81.0
SN	inward oriented pairs:	165
SN	outward oriented pairs:	1
SN	pairs with other orientation:	0
SN	pairs on different chromosomes:	0
SN	percentage of properly paired reads (%):	89.4
# First Fragment Qualities. Use `grep ^FFQ | cut -f 2-` to extract this part.
# Columns correspond to qualities and rows to cycles. First column is the cycle number.
FFQ	1	0	0	0	0	0	0	0	0	0	0	0	0	3	0	0	0	0	0	0	0	0	0	0	0	0	0	0	6	0	0	0	0	186	0	0	0	0	0	0	0	0	0	0
FFQ	2	0	0	0	0	0	0	0	0	0	0	0	0	0	0	0	0	0	0	0	0	0	0	0	0	0	0	0	2	0	0	0	0	193	0	0	0	0	0	0	0	0	0	0
FFQ	3	0	0	0	0	0	0	0	0	0	0	0	0	1	0	0	0	0	0	0	0	0	0	0	0	0	0	0	9	0	0	0	0	36	0	0	0	0	149	0	0	0	0	0
FFQ	4	0	0	0	0	0	0	0	0	0	0	0	0	5	0	0	0	0	0	0	0	0	0	0	0	0	0	0	4	0	0	0	0	15	0	0	0	0	171	0	0	0	0	0
FFQ	5	0	0	0	0	0	0	0	0	0	0	0	0	4	0	0	0	0	0	0	0	0	0	0	0	0	0	0	2	0	0	0	0	9	0	0	0	0	180	0	0	0	0	0
FFQ	6	0	0	0	0	0	0	0	0	0	0	0	0	2	0	0	0	0	0	0	0	0	0	0	0	0	0	0	2	0	0	0	0	2	0	0	0	0	20	0	0	0	169	0
FFQ	7	0	0	0	0	0	0	0	0	0	0	0	0	2	0	0	0	0	0	0	0	0	0	1	0	0	0	0	1	0	0	0	0	4	0	0	0	0	18	0	0	0	169	0
FFQ	8	0	0	0	0	0	0	0	0	0	0	0	0	0	0	0	0	0	0	0	0	0	0	1	0	0	0	0	0	0	0	0	0	2	0	0	0	0	13	0	0	0	179	0
FFQ	9	0	0	0	0	0	0	0	0	0	0	0	0	1	0	0	0	0	0	0	0	0	0	0	0	0	0	0	2	0	0	0	0	2	0	0	0	0	18	0	0	0	172	0
FFQ	10	0	0	0	0	0	0	0	0	0	0	0	0	1	0	0	0	0	0	0	0	0	0	0	0	0	0	0	2	0	0	0	0	2	0	0	0	0	14	0	0	0	176	0
FFQ	11	0	0	0	0	0	0	0	0	0	0	0	0	0	0	0	0	0	0	0	0	0	0	2	0	0	0	0	3	0	0	0	0	7	0	0	0	0	9	0	0	0	174	0
FFQ	12	0	0	0	0	0	0	0	0	0	0	0	0	0	0	0	0	0	0	0	0	0	0	0	0	0	0	0	4	0	0	0	0	3	0	0	0	0	10	0	0	0	178	0
FFQ	13	0	0	0	0	0	0	0	0	0	0	0	0	0	0	0	0	0	0	0	0	0	0	0	0	0	0	0	2	0	0	0	0	8	0	0	0	0	10	0	0	0	175	0
FFQ	14	0	0	0	0	0	0	0	0	0	0	0	0	2	0	0	0	0	0	0	0	0	0	0	0	0	0	0	2	0	0	0	0	1	0	0	0	0	11	0	0	0	179	0
FFQ	15	0	0	0	0	0	0	0	0	0	0	0	0	1	0	0	0	0	0	0	0	0	0	0	0	0	0	0	2	0	0	0	0	4	0	0	0	0	14	0	0	0	174	0
FFQ	16	0	0	0	0	0	0	0	0	0	0	0	0	1	0	0	0	0	0	0	0	0	0	1	0	0	0	0	1	0	0	0	0	5	0	0	0	0	14	0	0	0	173	0
FFQ	17	0	0	0	0	0	0	0	0	0	0	0	0	0	0	0	0	0	0	0	0	0	0	1	0	0	0	0	1	0	0	0	0	2	0	0	0	0	12	0	0	0	179	0
FFQ	18	0	0	0	0	0	0	0	0	0	0	0	0	0	0	0	0	0	0	0	0	0	0	3	0	0	0	0	5	0	0	0	0	2	0	0	0	0	6	0	0	0	179	0
FFQ	19	0	0	0	0	0	0	0	0	0	0	0	0	0	0	0	0	0	0	0	0	0	0	1	0	0	0	0	1	0	0	0	0	4	0	0	0	0	15	0	0	0	174	0
FFQ	20	0	0	0	0	0	0	0	0	0	0	0	0	0	0	0	0	0	0	0	0	0	0	0	0	0	0	0	5	0	0	0	0	5	0	0	0	0	17	0	0	0	168	0
FFQ	21	0	0	0	0	0	0	0	0	0	0	0	0	1	0	0	0	0	0	0	0	0	0	1	0	0	0	0	1	0	0	0	0	5	0	0	0	0	17	0	0	0	170	0
FFQ	22	0	0	0	0	0	0	0	0	0	0	0	0	1	0	0	0	0	0	0	0	0	0	3	0	0	0	0	1	0	0	0	0	4	0	0	0	0	14	0	0	0	172	0
FFQ	23	0	0	0	0	0	0	0	0	0	0	0	0	0	0	0	0	0	0	0	0	0	0	2	0	0	0	0	1	0	0	0	0	3	0	0	0	0	22	0	0	0	167	0
FFQ	24	0	0	0	0	0	0	0	0	0	0	0	0	3	0	0	0	0	0	0	0	0	0	0	0	0	0	0	2	0	0	0	0	2	0	0	0	0	18	0	0	0	170	0
FFQ	25	0	0	0	0	0	0	0	0	0	0	0	0	2	0	0	0	0	0	0	0	0	0	1	0	0	0	0	3	0	0	0	0	2	0	0	0	0	12	0	0	0	175	0
FFQ	26	0	0	0	0	0	0	0	0	0	0	0	0	1	0	0	0	0	0	0	0	0	0	1	0	0	0	0	4	0	0	0	0	4	0	0	0	0	13	0	0	0	172	0
FFQ	27	0	0	0	0	0	0	0	0	0	0	0	0	1	0	0	0	0	0	0	0	0	0	2	0	0	0	0	2	0	0	0	0	4	0	0	0	0	14	0	0	0	172	0
FFQ	28	0	0	0	0	0	0	0	0	0	0	0	0	1	0	0	0	0	0	0	0	0	0	4	0	0	0	0	3	0	0	0	0	2	0	0	0	0	14	0	0	0	171	0
FFQ	29	0	0	0	0	0	0	0	0	0	0	0	0	2	0	0	0	0	0	0	0	0	0	2	0	0	0	0	1	0	0	0	0	4	0	0	0	0	8	0	0	0	178	0
FFQ	30	0	0	0	0	0	0	0	0	0	0	0	0	1	0	0	0	0	0	0	0	0	0	1	0	0	0	0	1	0	0	0	0	2	0	0	0	0	24	0	0	0	166	0
FFQ	31	0	0	0	0	0	0	0	0	0	0	0	0	2	0	0	0	0	0	0	0	0	0	1	0	0	0	0	2	0	0	0	0	5	0	0	0	0	14	0	0	0	171	0
FFQ	32	0	0	0	0	0	0	0	0	0	0	0	0	2	0	0	0	0	0	0	0	0	0	2	0	0	0	0	2	0	0	0	0	3	0	0	0	0	17	0	0	0	169	0
FFQ	33	0	0	0	0	0	0	0	0	0	0	0	0	2	0	0	0	0	0	0	0	0	0	0	0	0	0	0	3	0	0	0	0	6	0	0	0	0	15	0	0	0	169	0
FFQ	34	0	0	0	0	0	0	0	0	0	0	0	0	2	0	0	0	0	0	0	0	0	0	1	0	0	0	0	7	0	0	0	0	6	0	0	0	0	11	0	0	0	168	0
FFQ	35	0	0	0	0	0	0	0	0	0	0	0	0	0	0	0	0	0	0	0	0	0	0	3	0	0	0	0	8	0	0	0	0	7	0	0	0	0	9	0	0	0	168	0
FFQ	36	0	0	0	0	0	0	0	0	0	0	0	0	2	0	0	0	0	0	0	0	0	0	3	0	0	0	0	4	0	0	0	0	5	0	0	0	0	13	0	0	0	168	0
FFQ	37	0	0	0	0	0	0	0	0	0	0	0	0	4	0	0	0	0	0	0	0	0	0	2	0	0	0	0	3	0	0	0	0	1	0	0	0	0	14	0	0	0	171	0
FFQ	38	0	0	0	0	0	0	0	0	0	0	0	0	1	0	0	0	0	0	0	0	0	0	1	0	0	0	0	5	0	0	0	0	4	0	0	0	0	15	0	0	0	169	0
FFQ	39	0	0	0	0	0	0	0	0	0	0	0	0	2	0	0	0	0	0	0	0	0	0	2	0	0	0	0	3	0	0	0	0	4	0	0	0	0	18	0	0	0	166	0
FFQ	40	0	0	0	0	0	0	0	0	0	0	0	0	2	0	0	0	0	0	0	0	0	0	2	0	0	0	0	4	0	0	0	0	3	0	0	0	0	15	0	0	0	169	0
FFQ	41	0	0	0	0	0	0	0	0	0	0	0	0	4	0	0	0	0	0	0	0	0	0	1	0	0	0	0	3	0	0	0	0	4	0	0	0	0	15	0	0	0	168	0
FFQ	42	0	0	0	0	0	0	0	0	0	0	0	0	4	0	0	0	0	0	0	0	0	0	0	0	0	0	0	2	0	0	0	0	6	0	0	0	0	13	0	0	0	170	0
FFQ	43	0	0	0	0	0	0	0	0	0	0	0	0	2	0	0	0	0	0	0	0	0	0	3	0	0	0	0	4	0	0	0	0	3	0	0	0	0	15	0	0	0	168	0
FFQ	44	0	0	0	0	0	0	0	0	0	0	0	0	2	0	0	0	0	0	0	0	0	0	3	0	0	0	0	4	0	0	0	0	3	0	0	0	0	14	0	0	0	169	0
FFQ	45	0	0	0	0	0	0	0	0	0	0	0	0	1	0	0	0	0	0	0	0	0	0	0	0	0	0	0	4	0	0	0	0	3	0	0	0	0	16	0	0	0	171	0
FFQ	46	0	0	0	0	0	0	0	0	0	0	0	0	5	0	0	0	0	0	0	0	0	0	2	0	0	0	0	0	0	0	0	0	1	0	0	0	0	14	0	0	0	173	0
FFQ	47	0	0	0	0	0	0	0	0	0	0	0	0	5	0	0	0	0	0	0	0	0	0	0	0	0	0	0	1	0	0	0	0	4	0	0	0	0	14	0	0	0	171	0
FFQ	48	0	0	0	0	0	0	0	0	0	0	0	0	5	0	0	0	0	0	0	0	0	0	2	0	0	0	0	2	0	0	0	0	5	0	0	0	0	16	0	0	0	165	0
FFQ	49	0	0	0	0	0	0	0	0	0	0	0	0	0	0	0	0	0	0	0	0	0	0	2	0	0	0	0	3	0	0	0	0	3	0	0	0	0	19	0	0	0	168	0
FFQ	50	0	0	0	0	0	0	0	0	0	0	0	0	3	0	0	0	0	0	0	0	0	0	0	0	0	0	0	0	0	0	0	0	6	0	0	0	0	11	0	0	0	175	0
FFQ	51	0	0	0	0	0	0	0	0	0	0	0	0	0	0	0	0	0	0	0	0	0	0	1	0	0	0	0	1	0	0	0	0	2	0	0	0	0	18	0	0	0	173	0
FFQ	52	0	0	0	0	0	0	0	0	0	0	0	0	1	0	0	0	0	0	0	0	0	0	1	0	0	0	0	7	0	0	0	0	3	0	0	0	0	8	0	0	0	175	0
FFQ	53	0	0	0	0	0	0	0	0	0	0	0	0	2	0	0	0	0	0	0	0	0	0	2	0	0	0	0	4	0	0	0	0	3	0	0	0	0	19	0	0	0	165	0
FFQ	54	0	0	0	0	0	0	0	0	0	0	0	0	2	0	0	0	0	0	0	0	0	0	2	0	0	0	0	2	0	0	0	0	0	0	0	0	0	13	0	0	0	176	0
FFQ	55	0	0	0	0	0	0	0	0	0	0	0	0	3	0	0	0	0	0	0	0	0	0	1	0	0	0	0	1	0	0	0	0	5	0	0	0	0	20	0	0	0	165	0
FFQ	56	0	0	0	0	0	0	0	0	0	0	0	0	3	0	0	0	0	0	0	0	0	0	0	0	0	0	0	3	0	0	0	0	1	0	0	0	0	11	0	0	0	177	0
FFQ	57	0	0	0	0	0	0	0	0	0	0	0	0	2	0	0	0	0	0	0	0	0	0	2	0	0	0	0	3	0	0	0	0	7	0	0	0	0	20	0	0	0	161	0
FFQ	58	0	0	0	0	0	0	0	0	0	0	0	0	4	0	0	0	0	0	0	0	0	0	1	0	0	0	0	1	0	0	0	0	5	0	0	0	0	15	0	0	0	169	0
FFQ	59	0	0	0	0	0	0	0	0	0	0	0	0	3	0	0	0	0	0	0	0	0	0	2	0	0	0	0	3	0	0	0	0	4	0	0	0	0	14	0	0	0	169	0
FFQ	60	0	0	0	0	0	0	0	0	0	0	0	0	0	0	0	0	0	0	0	0	0	0	2	0	0	0	0	3	0	0	0	0	2	0	0	0	0	19	0	0	0	169	0
FFQ	61	0	0	0	0	0	0	0	0	0	0	0	0	1	0	0	0	0	0	0	0	0	0	2	0	0	0	0	2	0	0	0	0	6	0	0	0	0	17	0	0	0	167	0
FFQ	62	0	0	0	0	0	0	0	0	0	0	0	0	3	0	0	0	0	0	0	0	0	0	0	0	0	0	0	5	0	0	0	0	3	0	0	0	0	14	0	0	0	170	0
FFQ	63	0	0	0	0	0	0	0	0	0	0	0	0	5	0	0	0	0	0	0	0	0	0	1	0	0	0	0	2	0	0	0	0	5	0	0	0	0	21	0	0	0	161	0
FFQ	64	0	0	0	0	0	0	0	0	0	0	0	0	2	0	0	0	0	0	0	0	0	0	0	0	0	0	0	5	0	0	0	0	8	0	0	0	0	23	0	0	0	157	0
FFQ	65	0	0	0	0	0	0	0	0	0	0	0	0	1	0	0	0	0	0	0	0	0	0	1	0	0	0	0	5	0	0	0	0	7	0	0	0	0	14	0	0	0	167	0
FFQ	66	0	0	0	0	0	0	0	0	0	0	0	0	1	0	0	0	0	0	0	0	0	0	2	0	0	0	0	7	0	0	0	0	5	0	0	0	0	19	0	0	0	161	0
FFQ	67	0	0	0	0	0	0	0	0	0	0	0	0	1	0	0	0	0	0	0	0	0	0	1	0	0	0	0	3	0	0	0	0	5	0	0	0	0	21	0	0	0	164	0
FFQ	68	0	0	0	0	0	0	0	0	0	0	0	0	1	0	0	0	0	0	0	0	0	0	1	0	0	0	0	3	0	0	0	0	6	0	0	0	0	17	0	0	0	167	0
FFQ	69	0	0	0	0	0	0	0	0	0	0	0	0	5	0	0	0	0	0	0	0	0	0	1	0	0	0	0	3	0	0	0	0	7	0	0	0	0	18	0	0	0	161	0
FFQ	70	0	0	0	0	0	0	0	0	0	0	0	0	4	0	0	0	0	0	0	0	0	0	3	0	0	0	0	4	0	0	0	0	5	0	0	0	0	21	0	0	0	158	0
FFQ	71	0	0	0	0	0	0	0	0	0	0	0	0	5	0	0	0	0	0	0	0	0	0	1	0	0	0	0	2	0	0	0	0	3	0	0	0	0	23	0	0	0	161	0
FFQ	72	0	0	0	0	0	0	0	0	0	0	0	0	2	0	0	0	0	0	0	0	0	0	1	0	0	0	0	4	0	0	0	0	1	0	0	0	0	23	0	0	0	164	0
FFQ	73	0	0	0	0	0	0	0	0	0	0	0	0	4	0	0	0	0	0	0	0	0	0	1	0	0	0	0	2	0	0	0	0	3	0	0	0	0	22	0	0	0	163	0
FFQ	74	0	0	0	0	0	0	0	0	0	0	0	0	4	0	0	0	0	0	0	0	0	0	3	0	0	0	0	1	0	0	0	0	8	0	0	0	0	19	0	0	0	160	0
FFQ	75	0	0	0	0	0	0	0	0	0	0	0	0	2	0	0	0	0	0	0	0	0	0	6	0	0	0	0	3	0	0	0	0	3	0	0	0	0	23	0	0	0	158	0
FFQ	76	0	0	0	0	0	0	0	0	0	0	0	0	4	0	0	0	0	0	0	0	0	0	0	0	0	0	0	9	0	0	0	0	7	0	0	0	0	15	0	0	0	160	0
FFQ	77	0	0	0	0	0	0	0	0	0	0	0	0	4	0	0	0	0	0	0	0	0	0	3	0	0	0	0	11	0	0	0	0	14	0	0	0	0	49	0	0	0	114	0
FFQ	78	0	0	0	0	0	0	0	0	0	0	0	0	4	0	0	0	0	0	0	0	0	0	3	0	0	0	0	9	0	0	0	0	9	0	0	0	0	27	0	0	0	143	0
FFQ	79	0	0	0	0	0	0	0	0	0	0	0	0	1	0	0	0	0	0	0	0	0	0	0	0	0	0	0	5	0	0	0	0	9	0	0	0	0	29	0	0	0	151	0
FFQ	80	0	0	0	0	0	0	0	0	0	0	0	0	4	0	0	0	0	0	0	0	0	0	0	0	0	0	0	4	0	0	0	0	4	0	0	0	0	21	0	0	0	162	0
FFQ	81	0	0	0	0	0	0	0	0	0	0	0	0	2	0	0	0	0	0	0	0	0	0	2	0	0	0	0	5	0	0	0	0	6	0	0	0	0	18	0	0	0	162	0
FFQ	82	0	0	0	0	0	0	0	0	0	0	0	0	1	0	0	0	0	0	0	0	0	0	0	0	0	0	0	7	0	0	0	0	5	0	0	0	0	17	0	0	0	165	0
FFQ	83	0	0	0	0	0	0	0	0	0	0	0	0	4	0	0	0	0	0	0	0	0	0	3	0	0	0	0	3	0	0	0	0	4	0	0	0	0	24	0	0	0	157	0
FFQ	84	0	0	0	0	0	0	0	0	0	0	0	0	6	0	0	0	0	0	0	0	0	0	1	0	0	0	0	3	0	0	0	0	5	0	0	0	0	17	0	0	0	163	0
FFQ	85	0	0	0	0	0	0	0	0	0	0	0	0	6	0	0	0	0	0	0	0	0	0	1	0	0	0	0	4	0	0	0	0	5	0	0	0	0	31	0	0	0	148	0
FFQ	86	0	0	0	0	0	0	0	0	0	0	0	0	4	0	0	0	0	0	0	0	0	0	1	0	0	0	0	6	0	0	0	0	11	0	0	0	0	21	0	0	0	152	0
FFQ	87	0	0	0	0	0	0	0	0	0	0	0	0	4	0	0	0	0	0	0	0	0	0	1	0	0	0	0	3	0	0	0	0	8	0	0	0	0	21	0	0	0	158	0
FFQ	88	0	0	0	0	0	0	0	0	0	0	0	0	6	0	0	0	0	0	0	0	0	0	1	0	0	0	0	4	0	0	0	0	11	0	0	0	0	16	0	0	0	157	0
FFQ	89	0	0	0	0	0	0	0	0	0	0	0	0	8	0	0	0	0	0	0	0	0	0	3	0	0	0	0	6	0	0	0	0	8	0	0	0	0	20	0	0	0	150	0
FFQ	90	0	0	0	0	0	0	0	0	0	0	0	0	8	0	0	0	0	0	0	0	0	0	4	0	0	0	0	4	0	0	0	0	7	0	0	0	0	23	0	0	0	149	0
FFQ	91	0	0	0	0	0	0	0	0	0	0	0	0	5	0	0	0	0	0	0	0	0	0	1	0	0	0	0	4	0	0	0	0	12	0	0	0	0	22	0	0	0	151	0
FFQ	92	0	0	0	0	0	0	0	0	0	0	0	0	5	0	0	0	0	0	0	0	0	0	3	0	0	0	0	3	0	0	0	0	12	0	0	0	0	22	0	0	0	150	0
FFQ	93	0	0	0	0	0	0	0	0	0	0	0	0	7	0	0	0	0	0	0	0	0	0	3	0	0	0	0	6	0	0	0	0	10	0	0	0	0	21	0	0	0	148	0
FFQ	94	0	0	0	0	0	0	0	0	0	0	0	0	7	0	0	0	0	0	0	0	0	0	4	0	0	0	0	5	0	0	0	0	11	0	0	0	0	24	0	0	0	144	0
FFQ	95	0	0	0	0	0	0	0	0	0	0	0	0	6	0	0	0	0	0	0	0	0	0	5	0	0	0	0	4	0	0	0	0	11	0	0	0	0	23	0	0	0	146	0
FFQ	96	0	0	0	0	0	0	0	0	0	0	0	0	6	0	0	0	0	0	0	0	0	0	4	0	0	0	0	5	0	0	0	0	8	0	0	0	0	24	0	0	0	148	0
FFQ	97	0	0	0	0	0	0	0	0	0	0	0	0	5	0	0	0	0	0	0	0	0	0	4	0	0	0	0	5	0	0	0	0	7	0	0	0	0	24	0	0	0	150	0
FFQ	98	0	0	0	0	0	0	0	0	0	0	0	0	2	0	0	0	0	0	0	0	0	0	5	0	0	0	0	3	0	0	0	0	12	0	0	0	0	26	0	0	0	147	0
FFQ	99	0	0	0	0	0	0	0	0	0	0	0	0	2	0	0	0	0	0	0	0	0	0	5	0	0	0	0	4	0	0	0	0	3	0	0	0	0	28	0	0	0	153	0
FFQ	100	0	0	0	0	0	0	0	0	0	0	0	0	1	0	0	0	0	0	0	0	0	0	3	0	0	0	0	0	0	0	0	0	9	0	0	0	0	24	0	0	0	158	0
FFQ	101	0	0	0	0	0	0	0	0	0	0	0	0	4	0	0	0	0	0	0	0	0	0	4	0	0	0	0	4	0	0	0	0	4	0	0	0	0	22	0	0	0	157	0
FFQ	102	0	0	0	0	0	0	0	0	0	0	0	0	2	0	0	0	0	0	0	0	0	0	4	0	0	0	0	1	0	0	0	0	11	0	0	0	0	23	0	0	0	154	0
FFQ	103	0	0	0	0	0	0	0	0	0	0	0	0	2	0	0	0	0	0	0	0	0	0	2	0	0	0	0	5	0	0	0	0	7	0	0	0	0	32	0	0	0	147	0
FFQ	104	0	0	0	0	0	0	0	0	0	0	0	0	7	0	0	0	0	0	0	0	0	0	2	0	0	0	0	2	0	0	0	0	8	0	0	0	0	25	0	0	0	151	0
FFQ	105	0	0	0	0	0	0	0	0	0	0	0	0	4	0	0	0	0	0	0	0	0	0	1	0	0	0	0	4	0	0	0	0	11	0	0	0	0	23	0	0	0	152	0
FFQ	106	0	0	0	0	0	0	0	0	0	0	0	0	7	0	0	0	0	0	0	0	0	0	4	0	0	0	0	5	0	0	0	0	8	0	0	0	0	19	0	0	0	152	0
FFQ	107	0	0	0	0	0	0	0	0	0	0	0	0	6	0	0	0	0	0	0	0	0	0	3	0	0	0	0	4	0	0	0	0	7	0	0	0	0	19	0	0	0	156	0
FFQ	108	0	0	0	0	0	0	0	0	0	0	0	0	2	0	0	0	0	0	0	0	0	0	3	0	0	0	0	4	0	0	0	0	13	0	0	0	0	25	0	0	0	148	0
FFQ	109	0	0	0	0	0	0	0	0	0	0	0	0	1	0	0	0	0	0	0	0	0	0	5	0	0	0	0	4	0	0	0	0	9	0	0	0	0	18	0	0	0	158	0
FFQ	110	0	0	0	0	0	0	0	0	0	0	0	0	5	0	0	0	0	0	0	0	0	0	3	0	0	0	0	3	0	0	0	0	9	0	0	0	0	20	0	0	0	155	0
FFQ	111	0	0	0	0	0	0	0	0	0	0	0	0	2	0	0	0	0	0	0	0	0	0	3	0	0	0	0	6	0	0	0	0	9	0	0	0	0	28	0	0	0	147	0
FFQ	112	0	0	0	0	0	0	0	0	0	0	0	0	5	0	0	0	0	0	0	0	0	0	3	0	0	0	0	4	0	0	0	0	6	0	0	0	0	19	0	0	0	158	0
FFQ	113	0	0	0	0	0	0	0	0	0	0	0	0	8	0	0	0	0	0	0	0	0	0	3	0	0	0	0	3	0	0	0	0	10	0	0	0	0	26	0	0	0	145	0
FFQ	114	0	0	0	0	0	0	0	0	0	0	0	0	5	0	0	0	0	0	0	0	0	0	3	0	0	0	0	5	0	0	0	0	8	0	0	0	0	21	0	0	0	153	0
FFQ	115	0	0	0	0	0	0	0	0	0	0	0	0	2	0	0	0	0	0	0	0	0	0	6	0	0	0	0	5	0	0	0	0	8	0	0	0	0	35	0	0	0	139	0
FFQ	116	0	0	0	0	0	0	0	0	0	0	0	0	3	0	0	0	0	0	0	0	0	0	5	0	0	0	0	6	0	0	0	0	8	0	0	0	0	31	0	0	0	142	0
FFQ	117	0	0	0	0	0	0	0	0	0	0	0	0	8	0	0	0	0	0	0	0	0	0	3	0	0	0	0	6	0	0	0	0	7	0	0	0	0	24	0	0	0	147	0
FFQ	118	0	0	0	0	0	0	0	0	0	0	0	0	5	0	0	0	0	0	0	0	0	0	4	0	0	0	0	5	0	0	0	0	10	0	0	0	0	19	0	0	0	152	0
FFQ	119	0	0	0	0	0	0	0	0	0	0	0	0	6	0	0	0	0	0	0	0	0	0	4	0	0	0	0	5	0	0	0	0	13	0	0	0	0	23	0	0	0	144	0
FFQ	120	0	0	0	0	0	0	0	0	0	0	0	0	4	0	0	0	0	0	0	0	0	0	4	0	0	0	0	2	0	0	0	0	10	0	0	0	0	21	0	0	0	154	0
FFQ	121	0	0	0	0	0	0	0	0	0	0	0	0	8	0	0	0	0	0	0	0	0	0	6	0	0	0	0	8	0	0	0	0	5	0	0	0	0	26	0	0	0	142	0
FFQ	122	0	0	0	0	0	0	0	0	0	0	0	0	5	0	0	0	0	0	0	0	0	0	1	0	0	0	0	9	0	0	0	0	8	0	0	0	0	26	0	0	0	146	0
FFQ	123	0	0	0	0	0	0	0	0	0	0	0	0	4	0	0	0	0	0	0	0	0	0	6	0	0	0	0	7	0	0	0	0	9	0	0	0	0	18	0	0	0	151	0
FFQ	124	0	0	0	0	0	0	0	0	0	0	0	0	7	0	0	0	0	0	0	0	0	0	4	0	0	0	0	7	0	0	0	0	9	0	0	0	0	19	0	0	0	149	0
FFQ	125	0	0	0	0	0	0	0	0	0	0	0	0	6	0	0	0	0	0	0	0	0	0	1	0	0	0	0	3	0	0	0	0	10	0	0	0	0	38	0	0	0	137	0
FFQ	126	0	0	0	0	0	0	0	0	0	0	0	0	5	0	0	0	0	0	0	0	0	0	4	0	0	0	0	4	0	0	0	0	9	0	0	0	0	22	0	0	0	151	0
FFQ	127	0	0	0	0	0	0	0	0	0	0	0	0	5	0	0	0	0	0	0	0	0	0	7	0	0	0	0	3	0	0	0	0	14	0	0	0	0	22	0	0	0	144	0
FFQ	128	0	0	0	0	0	0	0	0	0	0	0	0	8	0	0	0	0	0	0	0	0	0	7	0	0	0	0	4	0	0	0	0	11	0	0	0	0	25	0	0	0	140	0
FFQ	129	0	0	0	0	0	0	0	0	0	0	0	0	3	0	0	0	0	0	0	0	0	0	12	0	0	0	0	3	0	0	0	0	21	0	0	0	0	23	0	0	0	133	0
FFQ	130	0	0	0	0	0	0	0	0	0	0	0	0	5	0	0	0	0	0	0	0	0	0	8	0	0	0	0	2	0	0	0	0	14	0	0	0	0	22	0	0	0	143	0
FFQ	131	0	0	0	0	0	0	0	0	0	0	0	0	4	0	0	0	0	0	0	0	0	0	5	0	0	0	0	10	0	0	0	0	6	0	0	0	0	31	0	0	0	138	0
FFQ	132	0	0	0	0	0	0	0	0	0	0	0	0	6	0	0	0	0	0	0	0	0	0	7	0	0	0	0	4	0	0	0	0	7	0	0	0	0	30	0	0	0	140	0
FFQ	133	0	0	0	0	0	0	0	0	0	0	0	0	4	0	0	0	0	0	0	0	0	0	3	0	0	0	0	5	0	0	0	0	11	0	0	0	0	34	0	0	0	137	0
FFQ	134	0	0	0	0	0	0	0	0	0	0	0	0	7	0	0	0	0	0	0	0	0	0	5	0	0	0	0	3	0	0	0	0	7	0	0	0	0	31	0	0	0	141	0
FFQ	135	0	0	0	0	0	0	0	0	0	0	0	0	2	0	0	0	0	0	0	0	0	0	3	0	0	0	0	5	0	0	0	0	9	0	0	0	0	33	0	0	0	142	0
FFQ	136	0	0	0	0	0	0	0	0	0	0	0	0	4	0	0	0	0	0	0	0	0	0	6	0	0	0	0	9	0	0	0	0	15	0	0	0	0	32	0	0	0	128	0
FFQ	137	0	0	0	0	0	0	0	0	0	0	0	0	7	0	0	0	0	0	0	0	0	0	3	0	0	0	0	4	0	0	0	0	13	0	0	0	0	31	0	0	0	136	0
FFQ	138	0	0	0	0	0	0	0	0	0	0	0	0	2	0	0	0	0	0	0	0	0	0	5	0	0	0	0	6	0	0	0	0	11	0	0	0	0	30	0	0	0	140	0
FFQ	139	0	0	0	0	0	0	0	0	0	0	0	0	10	0	0	0	0	0	0	0	0	0	2	0	0	0	0	5	0	0	0	0	10	0	0	0	0	31	0	0	0	136	0
FFQ	140	0	0	0	0	0	0	0	0	0	0	0	0	9	0	0	0	0	0	0	0	0	0	6	0	0	0	0	7	0	0	0	0	5	0	0	0	0	35	0	0	0	132	0
FFQ	141	0	0	0	0	0	0	0	0	0	0	0	0	7	0	0	0	0	0	0	0	0	0	10	0	0	0	0	9	0	0	0	0	9	0	0	0	0	24	0	0	0	135	0
FFQ	142	0	0	0	0	0	0	0	0	0	0	0	0	5	0	0	0	0	0	0	0	0	0	7	0	0	0	0	4	0	0	0	0	14	0	0	0	0	27	0	0	0	137	0
FFQ	143	0	0	0	0	0	0	0	0	0	0	0	0	10	0	0	0	0	0	0	0	0	0	4	0	0	0	0	12	0	0	0	0	12	0	0	0	0	31	0	0	0	125	0
FFQ	144	0	0	0	0	0	0	0	0	0	0	0	0	8	0	0	0	0	0	0	0	0	0	5	0	0	0	0	9	0	0	0	0	12	0	0	0	0	34	0	0	0	126	0
FFQ	145	0	0	0	0	0	0	0	0	0	0	0	0	6	0	0	0	0	0	0	0	0	0	8	0	0	0	0	7	0	0	0	0	13	0	0	0	0	42	0	0	0	118	0
FFQ	146	0	0	0	0	0	0	0	0	0	0	0	0	10	0	0	0	0	0	0	0	0	0	2	0	0	0	0	7	0	0	0	0	13	0	0	0	0	40	0	0	0	122	0
FFQ	147	0	0	0	0	0	0	0	0	0	0	0	0	4	0	0	0	0	0	0	0	0	0	4	0	0	0	0	6	0	0	0	0	11	0	0	0	0	33	0	0	0	136	0
FFQ	148	0	0	0	0	0	0	0	0	0	0	0	0	7	0	0	0	0	0	0	0	0	0	4	0	0	0	0	8	0	0	0	0	11	0	0	0	0	33	0	0	0	131	0
FFQ	149	0	0	0	0	0	0	0	0	0	0	0	0	10	0	0	0	0	0	0	0	0	0	6	0	0	0	0	5	0	0	0	0	12	0	0	0	0	41	0	0	0	113	0
FFQ	150	0	0	0	0	0	0	0	0	0	0	0	0	9	0	0	0	0	0	0	0	0	0	6	0	0	0	0	3	0	0	0	0	17	0	0	0	0	33	0	0	0	118	0
FFQ	151	0	0	0	0	0	0	0	0	0	0	0	0	0	0	0	0	0	0	0	0	0	0	12	0	0	0	0	6	0	0	0	0	19	0	0	0	0	61	0	0	0	82	0
# Last Fragment Qualities. Use `grep ^LFQ | cut -f 2-` to extract this part.
# Columns correspond to qualities and rows to cycles. First column is the cycle number.
LFQ	1	0	0	2	0	0	0	0	0	0	0	0	0	6	0	0	0	0	0	0	0	0	0	0	0	0	0	0	6	0	0	0	0	160	0	0	0	0	0	0	0	0	0	0
LFQ	2	0	0	0	0	0	0	0	0	0	0	0	0	12	0	0	0	0	0	0	0	0	0	0	0	0	0	0	6	0	0	0	0	156	0	0	0	0	0	0	0	0	0	0
LFQ	3	0	0	0	0	0	0	0	0	0	0	0	0	8	0	0	0	0	0	0	0	0	0	0	0	0	0	0	6	0	0	0	0	48	0	0	0	0	112	0	0	0	0	0
LFQ	4	0	0	0	0	0	0	0	0	0	0	0	0	6	0	0	0	0	0	0	0	0	0	1	0	0	0	0	7	0	0	0	0	18	0	0	0	0	142	0	0	0	0	0
LFQ	5	0	0	0	0	0	0	0	0	0	0	0	0	6	0	0	0	0	0	0	0	0	0	0	0	0	0	0	2	0	0	0	0	10	0	0	0	0	156	0	0	0	0	0
LFQ	6	0	0	0	0	0	0	0	0	0	0	0	0	6	0	0	0	0	0	0	0	0	0	2	0	0	0	0	6	0	0	0	0	13	0	0	0	0	12	0	0	0	135	0
LFQ	7	0	0	0	0	0	0	0	0	0	0	0	0	6	0	0	0	0	0	0	0	0	0	4	0	0	0	0	6	0	0	0	0	6	0	0	0	0	19	0	0	0	133	0
LFQ	8	0	0	0	0	0	0	0	0	0	0	0	0	9	0	0	0	0	0	0	0	0	0	1	0	0	0	0	5	0	0	0	0	5	0	0	0	0	19	0	0	0	135	0
LFQ	9	0	0	0	0	0	0	0	0	0	0	0	0	3	0	0	0	0	0	0	0	0	0	2	0	0	0	0	2	0	0	0	0	11	0	0	0	0	20	0	0	0	136	0
LFQ	10	0	0	0	0	0	0	0	0	0	0	0	0	8	0	0	0	0	0	0	0	0	0	2	0	0	0	0	2	0	0	0	0	3	0	0	0	0	22	0	0	0	137	0
LFQ	11	0	0	0	0	0	0	0	0	0	0	0	0	4	0	0	0	0	0	0	0	0	0	2	0	0	0	0	1	0	0	0	0	6	0	0	0	0	18	0	0	0	143	0
LFQ	12	0	0	0	0	0	0	0	0	0	0	0	0	4	0	0	0	0	0	0	0	0	0	0	0	0	0	0	1	0	0	0	0	8	0	0	0	0	16	0	0	0	145	0
LFQ	13	0	0	0	0	0	0	0	0	0	0	0	0	4	0	0	0	0	0	0	0	0	0	1	0	0	0	0	1	0	0	0	0	6	0	0	0	0	23	0	0	0	139	0
LFQ	14	0	0	0	0	0	0	0	0	0	0	0	0	5	0	0	0	0	0	0	0	0	0	2	0	0	0	0	2	0	0	0	0	6	0	0	0	0	14	0	0	0	145	0
LFQ	15	0	0	0	0	0	0	0	0	0	0	0	0	3	0	0	0	0	0	0	0	0	0	0	0	0	0	0	3	0	0	0	0	7	0	0	0	0	19	0	0	0	142	0
LFQ	16	0	0	0	0	0	0	0	0	0	0	0	0	4	0	0	0	0	0	0	0	0	0	1	0	0	0	0	2	0	0	0	0	2	0	0	0	0	25	0	0	0	140	0
LFQ	17	0	0	0	0	0	0	0	0	0	0	0	0	4	0	0	0	0	0	0	0	0	0	3	0	0	0	0	5	0	0	0	0	7	0	0	0	0	21	0	0	0	134	0
LFQ	18	0	0	0	0	0	0	0	0	0	0	0	0	5	0	0	0	0	0	0	0	0	0	3	0	0	0	0	7	0	0	0	0	3	0	0	0	0	17	0	0	0	139	0
LFQ	19	0	0	0	0	0	0	0	0	0	0	0	0	1	0	0	0	0	0	0	0	0	0	1	0	0	0	0	5	0	0	0	0	2	0	0	0	0	28	0	0	0	137	0
LFQ	20	0	0	0	0	0	0	0	0	0	0	0	0	5	0	0	0	0	0	0	0	0	0	2	0	0	0	0	2	0	0	0	0	7	0	0	0	0	10	0	0	0	148	0
LFQ	21	0	0	0	0	0	0	0	0	0	0	0	0	3	0	0	0	0	0	0	0	0	0	2	0	0	0	0	9	0	0	0	0	8	0	0	0	0	22	0	0	0	130	0
LFQ	22	0	0	0	0	0	0	0	0	0	0	0	0	8	0	0	0	0	0	0	0	0	0	3	0	0	0	0	4	0	0	0	0	11	0	0	0	0	22	0	0	0	126	0
LFQ	23	0	0	0	0	0	0	0	0	0	0	0	0	10	0	0	0	0	0	0	0	0	0	3	0	0	0	0	7	0	0	0	0	5	0	0	0	0	18	0	0	0	131	0
LFQ	24	0	0	0	0	0	0	0	0	0	0	0	0	10	0	0	0	0	0	0	0	0	0	2	0	0	0	0	5	0	0	0	0	8	0	0	0	0	18	0	0	0	131	0
LFQ	25	0	0	0	0	0	0	0	0	0	0	0	0	2	0	0	0	0	0	0	0	0	0	1	0	0	0	0	7	0	0	0	0	6	0	0	0	0	36	0	0	0	122	0
LFQ	26	0	0	0	0	0	0	0	0	0	0	0	0	7	0	0	0	0	0	0	0	0	0	0	0	0	0	0	8	0	0	0	0	7	0	0	0	0	19	0	0	0	133	0
LFQ	27	0	0	3	0	0	0	0	0	0	0	0	0	3	0	0	0	0	0	0	0	0	0	2	0	0	0	0	6	0	0	0	0	4	0	0	0	0	32	0	0	0	124	0
LFQ	28	0	0	0	0	0	0	0	0	0	0	0	0	4	0	0	0	0	0	0	0	0	0	4	0	0	0	0	5	0	0	0	0	6	0	0	0	0	18	0	0	0	137	0
LFQ	29	0	0	0	0	0	0	0	0	0	0	0	0	5	0	0	0	0	0	0	0	0	0	3	0	0	0	0	7	0	0	0	0	6	0	0	0	0	30	0	0	0	123	0
LFQ	30	0	0	0	0	0	0	0	0	0	0	0	0	7	0	0	0	0	0	0	0	0	0	1	0	0	0	0	3	0	0	0	0	12	0	0	0	0	18	0	0	0	133	0
LFQ	31	0	0	0	0	0	0	0	0	0	0	0	0	6	0	0	0	0	0	0	0	0	0	4	0	0	0	0	4	0	0	0	0	2	0	0	0	0	28	0	0	0	130	0
LFQ	32	0	0	0	0	0	0	0	0	0	0	0	0	6	0	0	0	0	0	0	0	0	0	4	0	0	0	0	8	0	0	0	0	6	0	0	0	0	31	0	0	0	119	0
LFQ	33	0	0	0	0	0	0	0	0	0	0	0	0	9	0	0	0	0	0	0	0	0	0	3	0	0	0	0	10	0	0	0	0	6	0	0	0	0	28	0	0	0	118	0
LFQ	34	0	0	0	0	0	0	0	0	0	0	0	0	6	0	0	0	0	0	0	0	0	0	3	0	0	0	0	7	0	0	0	0	7	0	0	0	0	31	0	0	0	120	0
LFQ	35	0	0	0	0	0	0	0	0	0	0	0	0	7	0	0	0	0	0	0	0	0	0	3	0	0	0	0	10	0	0	0	0	4	0	0	0	0	21	0	0	0	129	0
LFQ	36	0	0	0	0	0	0	0	0	0	0	0	0	9	0	0	0	0	0	0	0	0	0	2	0	0	0	0	7	0	0	0	0	5	0	0	0	0	18	0	0	0	133	0
LFQ	37	0	0	0	0	0	0	0	0	0	0	0	0	11	0	0	0	0	0	0	0	0	0	3	0	0	0	0	6	0	0	0	0	8	0	0	0	0	21	0	0	0	125	0
LFQ	38	0	0	0	0	0	0	0	0	0	0	0	0	5	0	0	0	0	0	0	0	0	0	9	0	0	0	0	11	0	0	0	0	5	0	0	0	0	27	0	0	0	117	0
LFQ	39	0	0	0	0	0	0	0	0	0	0	0	0	4	0	0	0	0	0	0	0	0	0	6	0	0	0	0	8	0	0	0	0	14	0	0	0	0	25	0	0	0	117	0
LFQ	40	0	0	0	0	0	0	0	0	0	0	0	0	9	0	0	0	0	0	0	0	0	0	6	0	0	0	0	4	0	0	0	0	7	0	0	0	0	15	0	0	0	133	0
LFQ	41	0	0	0	0	0	0	0	0	0	0	0	0	9	0	0	0	0	0	0	0	0	0	1	0	0	0	0	5	0	0	0	0	2	0	0	0	0	31	0	0	0	126	0
LFQ	42	0	0	0	0	0	0	0	0	0	0	0	0	4	0	0	0	0	0	0	0	0	0	4	0	0	0	0	1	0	0	0	0	7	0	0	0	0	27	0	0	0	131	0
LFQ	43	0	0	0	0	0	0	0	0	0	0	0	0	5	0	0	0	0	0	0	0	0	0	0	0	0	0	0	6	0	0	0	0	9	0	0	0	0	24	0	0	0	130	0
LFQ	44	0	0	0	0	0	0	0	0	0	0	0	0	6	0	0	0	0	0	0	0	0	0	2	0	0	0	0	8	0	0	0	0	6	0	0	0	0	16	0	0	0	136	0
LFQ	45	0	0	0	0	0	0	0	0	0	0	0	0	5	0	0	0	0	0	0	0	0	0	2	0	0	0	0	3	0	0	0	0	8	0	0	0	0	16	0	0	0	140	0
LFQ	46	0	0	0	0	0	0	0	0	0	0	0	0	3	0	0	0	0	0	0	0	0	0	5	0	0	0	0	11	0	0	0	0	3	0	0	0	0	19	0	0	0	133	0
LFQ	47	0	0	0	0	0	0	0	0	0	0	0	0	7	0	0	0	0	0	0	0	0	0	1	0	0	0	0	8	0	0	0	0	7	0	0	0	0	21	0	0	0	130	0
LFQ	48	0	0	0	0	0	0	0	0	0	0	0	0	4	0	0	0	0	0	0	0	0	0	4	0	0	0	0	10	0	0	0	0	0	0	0	0	0	23	0	0	0	133	0
LFQ	49	0	0	0	0	0	0	0	0	0	0	0	0	1	0	0	0	0	0	0	0	0	0	3	0	0	0	0	9	0	0	0	0	4	0	0	0	0	25	0	0	0	132	0
LFQ	50	0	0	0	0	0	0	0	0	0	0	0	0	4	0	0	0	0	0	0	0	0	0	8	0	0	0	0	5	0	0	0	0	6	0	0	0	0	25	0	0	0	126	0
LFQ	51	0	0	0	0	0	0	0	0	0	0	0	0	10	0	0	0	0	0	0	0	0	0	3	0	0	0	0	9	0	0	0	0	8	0	0	0	0	23	0	0	0	121	0
LFQ	52	0	0	0	0	0	0	0	0	0	0	0	0	9	0	0	0	0	0	0	0	0	0	3	0	0	0	0	9	0	0	0	0	12	0	0	0	0	29	0	0	0	112	0
LFQ	53	0	0	0	0	0	0	0	0	0	0	0	0	12	0	0	0	0	0	0	0	0	0	6	0	0	0	0	4	0	0	0	0	11	0	0	0	0	25	0	0	0	116	0
LFQ	54	0	0	0	0	0	0	0	0	0	0	0	0	12	0	0	0	0	0	0	0	0	0	6	0	0	0	0	4	0	0	0	0	11	0	0	0	0	21	0	0	0	120	0
LFQ	55	0	0	0	0	0	0	0	0	0	0	0	0	14	0	0	0	0	0	0	0	0	0	3	0	0	0	0	8	0	0	0	0	12	0	0	0	0	30	0	0	0	107	0
LFQ	56	0	0	0	0	0	0	0	0	0	0	0	0	10	0	0	0	0	0	0	0	0	0	4	0	0	0	0	9	0	0	0	0	4	0	0	0	0	28	0	0	0	119	0
LFQ	57	0	0	0	0	0	0	0	0	0	0	0	0	8	0	0	0	0	0	0	0	0	0	7	0	0	0	0	7	0	0	0	0	12	0	0	0	0	16	0	0	0	124	0
LFQ	58	0	0	0	0	0	0	0	0	0	0	0	0	11	0	0	0	0	0	0	0	0	0	3	0	0	0	0	2	0	0	0	0	9	0	0	0	0	20	0	0	0	129	0
LFQ	59	0	0	0	0	0	0	0	0	0	0	0	0	7	0	0	0	0	0	0	0	0	0	3	0	0	0	0	8	0	0	0	0	12	0	0	0	0	15	0	0	0	129	0
LFQ	60	0	0	0	0	0	0	0	0	0	0	0	0	8	0	0	0	0	0	0	0	0	0	1	0	0	0	0	5	0	0	0	0	8	0	0	0	0	28	0	0	0	124	0
LFQ	61	0	0	0	0	0	0	0	0	0	0	0	0	5	0	0	0	0	0	0	0	0	0	3	0	0	0	0	5	0	0	0	0	7	0	0	0	0	21	0	0	0	133	0
LFQ	62	0	0	0	0	0	0	0	0	0	0	0	0	7	0	0	0	0	0	0	0	0	0	2	0	0	0	0	5	0	0	0	0	7	0	0	0	0	27	0	0	0	126	0
LFQ	63	0	0	0	0	0	0	0	0	0	0	0	0	4	0	0	0	0	0	0	0	0	0	4	0	0	0	0	4	0	0	0	0	9	0	0	0	0	11	0	0	0	142	0
LFQ	64	0	0	0	0	0	0	0	0	0	0	0	0	6	0	0	0	0	0	0	0	0	0	4	0	0	0	0	6	0	0	0	0	7	0	0	0	0	13	0	0	0	138	0
LFQ	65	0	0	0	0	0	0	0	0	0	0	0	0	4	0	0	0	0	0	0	0	0	0	1	0	0	0	0	12	0	0	0	0	11	0	0	0	0	23	0	0	0	123	0
LFQ	66	0	0	0	0	0	0	0	0	0	0	0	0	8	0	0	0	0	0	0	0	0	0	1	0	0	0	0	6	0	0	0	0	9	0	0	0	0	24	0	0	0	126	0
LFQ	67	0	0	0	0	0	0	0	0	0	0	0	0	9	0	0	0	0	0	0	0	0	0	5	0	0	0	0	7	0	0	0	0	11	0	0	0	0	21	0	0	0	121	0
LFQ	68	0	0	0	0	0	0	0	0	0	0	0	0	7	0	0	0	0	0	0	0	0	0	3	0	0	0	0	4	0	0	0	0	12	0	0	0	0	20	0	0	0	128	0
LFQ	69	0	0	0	0	0	0	0	0	0	0	0	0	5	0	0	0	0	0	0	0	0	0	3	0	0	0	0	4	0	0	0	0	7	0	0	0	0	19	0	0	0	136	0
LFQ	70	0	0	0	0	0	0	0	0	0	0	0	0	1	0	0	0	0	0	0	0	0	0	6	0	0	0	0	9	0	0	0	0	3	0	0	0	0	23	0	0	0	132	0
LFQ	71	0	0	0	0	0	0	0	0	0	0	0	0	8	0	0	0	0	0	0	0	0	0	3	0	0	0	0	6	0	0	0	0	7	0	0	0	0	16	0	0	0	134	0
LFQ	72	0	0	0	0	0	0	0	0	0	0	0	0	4	0	0	0	0	0	0	0	0	0	5	0	0	0	0	7	0	0	0	0	6	0	0	0	0	23	0	0	0	129	0
LFQ	73	0	0	0	0	0	0	0	0	0	0	0	0	4	0	0	0	0	0	0	0	0	0	1	0	0	0	0	7	0	0	0	0	10	0	0	0	0	19	0	0	0	133	0
LFQ	74	0	0	0	0	0	0	0	0	0	0	0	0	9	0	0	0	0	0	0	0	0	0	2	0	0	0	0	3	0	0	0	0	4	0	0	0	0	25	0	0	0	131	0
LFQ	75	0	0	0	0	0	0	0	0	0	0	0	0	2	0	0	0	0	0	0	0	0	0	5	0	0	0	0	6	0	0	0	0	12	0	0	0	0	30	0	0	0	119	0
LFQ	76	0	0	0	0	0	0	0	0	0	0	0	0	8	0	0	0	0	0	0	0	0	0	1	0	0	0	0	4	0	0	0	0	9	0	0	0	0	16	0	0	0	136	0
LFQ	77	0	0	0	0	0	0	0	0	0	0	0	0	4	0	0	0	0	0	0	0	0	0	6	0	0	0	0	2	0	0	0	0	12	0	0	0	0	36	0	0	0	114	0
LFQ	78	0	0	0	0	0	0	0	0	0	0	0	0	6	0	0	0	0	0	0	0	0	0	3	0	0	0	0	4	0	0	0	0	13	0	0	0	0	27	0	0	0	121	0
LFQ	79	0	0	0	0	0	0	0	0	0	0	0	0	4	0	0	0	0	0	0	0	0	0	4	0	0	0	0	3	0	0	0	0	6	0	0	0	0	26	0	0	0	131	0
LFQ	80	0	0	0	0	0	0	0	0	0	0	0	0	7	0	0	0	0	0	0	0	0	0	1	0	0	0	0	5	0	0	0	0	3	0	0	0	0	20	0	0	0	138	0
LFQ	81	0	0	0	0	0	0	0	0	0	0	0	0	2	0	0	0	0	0	0	0	0	0	4	0	0	0	0	3	0	0	0	0	10	0	0	0	0	23	0	0	0	132	0
LFQ	82	0	0	0	0	0	0	0	0	0	0	0	0	2	0	0	0	0	0	0	0	0	0	2	0	0	0	0	3	0	0	0	0	14	0	0	0	0	19	0	0	0	134	0
LFQ	83	0	0	0	0	0	0	0	0	0	0	0	0	4	0	0	0	0	0	0	0	0	0	3	0	0	0	0	2	0	0	0	0	10	0	0	0	0	10	0	0	0	145	0
LFQ	84	0	0	0	0	0	0	0	0	0	0	0	0	5	0	0	0	0	0	0	0	0	0	5	0	0	0	0	0	0	0	0	0	8	0	0	0	0	17	0	0	0	139	0
LFQ	85	0	0	0	0	0	0	0	0	0	0	0	0	4	0	0	0	0	0	0	0	0	0	3	0	0	0	0	4	0	0	0	0	5	0	0	0	0	18	0	0	0	140	0
LFQ	86	0	0	0	0	0	0	0	0	0	0	0	0	2	0	0	0	0	0	0	0	0	0	4	0	0	0	0	3	0	0	0	0	6	0	0	0	0	23	0	0	0	136	0
LFQ	87	0	0	0	0	0	0	0	0	0	0	0	0	5	0	0	0	0	0	0	0	0	0	3	0	0	0	0	4	0	0	0	0	7	0	0	0	0	19	0	0	0	136	0
LFQ	88	0	0	0	0	0	0	0	0	0	0	0	0	5	0	0	0	0	0	0	0	0	0	3	0	0	0	0	3	0	0	0	0	8	0	0	0	0	21	0	0	0	134	0
LFQ	89	0	0	0	0	0	0	0	0	0	0	0	0	6	0	0	0	0	0	0	0	0	0	4	0	0	0	0	1	0	0	0	0	13	0	0	0	0	18	0	0	0	132	0
LFQ	90	0	0	0	0	0	0	0	0	0	0	0	0	5	0	0	0	0	0	0	0	0	0	4	0	0	0	0	7	0	0	0	0	7	0	0	0	0	25	0	0	0	126	0
LFQ	91	0	0	0	0	0	0	0	0	0	0	0	0	2	0	0	0	0	0	0	0	0	0	4	0	0	0	0	5	0	0	0	0	9	0	0	0	0	19	0	0	0	135	0
LFQ	92	0	0	0	0	0	0	0	0	0	0	0	0	3	0	0	0	0	0	0	0	0	0	6	0	0	0	0	5	0	0	0	0	3	0	0	0	0	24	0	0	0	133	0
LFQ	93	0	0	0	0	0	0	0	0	0	0	0	0	3	0	0	0	0	0	0	0	0	0	2	0	0	0	0	4	0	0	0	0	14	0	0	0	0	25	0	0	0	126	0
LFQ	94	0	0	0	0	0	0	0	0	0	0	0	0	6	0	0	0	0	0	0	0	0	0	4	0	0	0	0	8	0	0	0	0	4	0	0	0	0	20	0	0	0	132	0
LFQ	95	0	0	0	0	0	0	0	0	0	0	0	0	3	0	0	0	0	0	0	0	0	0	4	0	0	0	0	5	0	0	0	0	4	0	0	0	0	20	0	0	0	138	0
LFQ	96	0	0	0	0	0	0	0	0	0	0	0	0	4	0	0	0	0	0	0	0	0	0	6	0	0	0	0	3	0	0	0	0	12	0	0	0	0	22	0	0	0	127	0
LFQ	97	0	0	0	0	0	0	0	0	0	0	0	0	2	0	0	0	0	0	0	0	0	0	5	0	0	0	0	4	0	0	0	0	13	0	0	0	0	24	0	0	0	126	0
LFQ	98	0	0	0	0	0	0	0	0	0	0	0	0	5	0	0	0	0	0	0	0	0	0	1	0	0	0	0	6	0	0	0	0	10	0	0	0	0	19	0	0	0	133	0
LFQ	99	0	0	0	0	0	0	0	0	0	0	0	0	0	0	0	0	0	0	0	0	0	0	5	0	0	0	0	3	0	0	0	0	12	0	0	0	0	22	0	0	0	132	0
LFQ	100	0	0	0	0	0	0	0	0	0	0	0	0	7	0	0	0	0	0	0	0	0	0	4	0	0	0	0	4	0	0	0	0	9	0	0	0	0	23	0	0	0	127	0
LFQ	101	0	0	0	0	0	0	0	0	0	0	0	0	6	0	0	0	0	0	0	0	0	0	5	0	0	0	0	4	0	0	0	0	11	0	0	0	0	16	0	0	0	132	0
LFQ	102	0	0	0	0	0	0	0	0	0	0	0	0	7	0	0	0	0	0	0	0	0	0	2	0	0	0	0	4	0	0	0	0	11	0	0	0	0	22	0	0	0	128	0
LFQ	103	0	0	0	0	0	0	0	0	0	0	0	0	0	0	0	0	0	0	0	0	0	0	3	0	0	0	0	3	0	0	0	0	14	0	0	0	0	24	0	0	0	130	0
LFQ	104	0	0	0	0	0	0	0	0	0	0	0	0	2	0	0	0	0	0	0	0	0	0	4	0	0	0	0	4	0	0	0	0	7	0	0	0	0	24	0	0	0	133	0
LFQ	105	0	0	0	0	0	0	0	0	0	0	0	0	5	0	0	0	0	0	0	0	0	0	3	0	0	0	0	5	0	0	0	0	8	0	0	0	0	24	0	0	0	129	0
LFQ	106	0	0	0	0	0	0	0	0	0	0	0	0	7	0	0	0	0	0	0	0	0	0	3	0	0	0	0	6	0	0	0	0	8	0	0	0	0	21	0	0	0	129	0
LFQ	107	0	0	0	0	0	0	0	0	0	0	0	0	5	0	0	0	0	0	0	0	0	0	5	0	0	0	0	5	0	0	0	0	6	0	0	0	0	29	0	0	0	124	0
LFQ	108	0	0	0	0	0	0	0	0	0	0	0	0	2	0	0	0	0	0	0	0	0	0	6	0	0	0	0	6	0	0	0	0	11	0	0	0	0	27	0	0	0	122	0
LFQ	109	0	0	0	0	0	0	0	0	0	0	0	0	9	0	0	0	0	0	0	0	0	0	6	0	0	0	0	3	0	0	0	0	10	0	0	0	0	27	0	0	0	119	0
LFQ	110	0	0	1	0	0	0	0	0	0	0	0	0	5	0	0	0	0	0	0	0	0	0	10	0	0	0	0	2	0	0	0	0	11	0	0	0	0	28	0	0	0	117	0
LFQ	111	0	0	0	0	0	0	0	0	0	0	0	0	3	0	0	0	0	0	0	0	0	0	4	0	0	0	0	5	0	0	0	0	9	0	0	0	0	33	0	0	0	120	0
LFQ	112	0	0	0	0	0	0	0	0	0	0	0	0	5	0	0	0	0	0	0	0	0	0	2	0	0	0	0	5	0	0	0	0	10	0	0	0	0	34	0	0	0	118	0
LFQ	113	0	0	0	0	0	0	0	0	0	0	0	0	5	0	0	0	0	0	0	0	0	0	6	0	0	0	0	7	0	0	0	0	8	0	0	0	0	27	0	0	0	121	0
LFQ	114	0	0	0	0	0	0	0	0	0	0	0	0	5	0	0	0	0	0	0	0	0	0	8	0	0	0	0	4	0	0	0	0	11	0	0	0	0	33	0	0	0	113	0
LFQ	115	0	0	0	0	0	0	0	0	0	0	0	0	7	0	0	0	0	0	0	0	0	0	3	0	0	0	0	5	0	0	0	0	16	0	0	0	0	23	0	0	0	120	0
LFQ	116	0	0	0	0	0	0	0	0	0	0	0	0	8	0	0	0	0	0	0	0	0	0	6	0	0	0	0	3	0	0	0	0	10	0	0	0	0	29	0	0	0	118	0
LFQ	117	0	0	0	0	0	0	0	0	0	0	0	0	6	0	0	0	0	0	0	0	0	0	4	0	0	0	0	7	0	0	0	0	15	0	0	0	0	28	0	0	0	114	0
LFQ	118	0	0	0	0	0	0	0	0	0	0	0	0	9	0	0	0	0	0	0	0	0	0	2	0	0	0	0	7	0	0	0	0	12	0	0	0	0	33	0	0	0	111	0
LFQ	119	0	0	0	0	0	0	0	0	0	0	0	0	6	0	0	0	0	0	0	0	0	0	5	0	0	0	0	7	0	0	0	0	11	0	0	0	0	32	0	0	0	113	0
LFQ	120	0	0	0	0	0	0	0	0	0	0	0	0	8	0	0	0	0	0	0	0	0	0	5	0	0	0	0	5	0	0	0	0	8	0	0	0	0	42	0	0	0	106	0
LFQ	121	0	0	0	0	0	0	0	0	0	0	0	0	7	0	0	0	0	0	0	0	0	0	3	0	0	0	0	6	0	0	0	0	12	0	0	0	0	38	0	0	0	108	0
LFQ	122	0	0	0	0	0	0	0	0	0	0	0	0	7	0	0	0	0	0	0	0	0	0	2	0	0	0	0	9	0	0	0	0	17	0	0	0	0	27	0	0	0	112	0
LFQ	123	0	0	0	0	0	0	0	0	0	0	0	0	12	0	0	0	0	0	0	0	0	0	4	0	0	0	0	7	0	0	0	0	14	0	0	0	0	33	0	0	0	104	0
LFQ	124	0	0	0	0	0	0	0	0	0	0	0	0	10	0	0	0	0	0	0	0	0	0	5	0	0	0	0	7	0	0	0	0	12	0	0	0	0	29	0	0	0	111	0
LFQ	125	0	0	0	0	0	0	0	0	1	0	0	0	4	0	0	0	0	0	0	0	0	0	7	0	0	0	0	10	0	0	0	0	15	0	0	0	0	31	0	0	0	106	0
LFQ	126	0	0	0	0	0	0	0	0	0	0	0	0	7	0	0	0	0	0	0	0	0	0	2	0	0	0	0	11	0	0	0	0	12	0	0	0	0	41	0	0	0	101	0
LFQ	127	0	0	0	0	0	0	0	0	1	0	0	0	13	0	0	0	0	0	0	0	0	0	3	0	0	0	0	8	0	0	0	0	9	0	0	0	0	36	0	0	0	104	0
LFQ	128	0	0	0	0	0	0	0	0	0	0	0	0	9	0	0	0	0	0	0	0	0	0	3	0	0	0	0	5	0	0	0	0	11	0	0	0	0	43	0	0	0	103	0
LFQ	129	0	0	0	0	0	0	0	0	0	0	0	0	6	0	0	0	0	0	0	0	0	0	6	0	0	0	0	5	0	0	0	0	16	0	0	0	0	37	0	0	0	104	0
LFQ	130	0	0	0	0	0	0	0	0	0	0	0	0	5	0	0	0	0	0	0	0	0	0	5	0	0	0	0	10	0	0	0	0	12	0	0	0	0	39	0	0	0	102	0
LFQ	131	0	0	0	0	0	0	0	0	0	0	0	0	8	0	0	0	0	0	0	0	0	0	4	0	0	0	0	6	0	0	0	0	18	0	0	0	0	44	0	0	0	93	0
LFQ	132	0	0	0	0	0	0	0	0	1	0	0	0	14	0	0	0	0	0	0	0	0	0	7	0	0	0	0	7	0	0	0	0	12	0	0	0	0	31	0	0	0	101	0
LFQ	133	0	0	0	0	0	0	0	0	0	0	0	0	17	0	0	0	0	0	0	0	0	0	6	0	0	0	0	9	0	0	0	0	13	0	0	0	0	32	0	0	0	96	0
LFQ	134	0	0	0	0	0	0	0	0	0	0	0	0	13	0	0	0	0	0	0	0	0	0	5	0	0	0	0	2	0	0	0	0	18	0	0	0	0	26	0	0	0	109	0
LFQ	135	0	0	0	0	0	0	0	0	0	0	0	0	13	0	0	0	0	0	0	0	0	0	8	0	0	0	0	6	0	0	0	0	12	0	0	0	0	27	0	0	0	107	0
LFQ	136	0	0	0	0	0	0	0	0	5	0	0	0	9	0	0	0	0	0	0	0	0	0	6	0	0	0	0	7	0	0	0	0	19	0	0	0	0	30	0	0	0	97	0
LFQ	137	0	0	0	0	0	0	0	0	0	0	0	0	11	0	0	0	0	0	0	0	0	0	5	0	0	0	0	1	0	0	0	0	20	0	0	0	0	37	0	0	0	99	0
LFQ	138	0	0	0	0	0	0	0	0	1	0	0	0	14	0	0	0	0	0	0	0	0	0	6	0	0	0	0	8	0	0	0	0	16	0	0	0	0	33	0	0	0	95	0
LFQ	139	0	0	0	0	0	0	0	0	1	0	0	0	14	0	0	0	0	0	0	0	0	0	9	0	0	0	0	5	0	0	0	0	13	0	0	0	0	23	0	0	0	108	0
LFQ	140	0	0	0	0	0	0	0	0	2	0	0	0	7	0	0	0	0	0	0	0	0	0	11	0	0	0	0	6	0	0	0	0	21	0	0	0	0	25	0	0	0	101	0
LFQ	141	0	0	0	0	0	0	0	0	0	0	0	0	10	0	0	0	0	0	0	0	0	0	10	0	0	0	0	11	0	0	0	0	18	0	0	0	0	27	0	0	0	96	0
LFQ	142	0	0	0	0	0	0	0	0	2	0	0	0	10	0	0	0	0	0	0	0	0	0	9	0	0	0	0	10	0	0	0	0	19	0	0	0	0	33	0	0	0	89	0
LFQ	143	0	0	0	0	0	0	0	0	1	0	0	0	14	0	0	0	0	0	0	0	0	0	6	0	0	0	0	15	0	0	0	0	18	0	0	0	0	26	0	0	0	92	0
LFQ	144	0	0	0	0	0	0	0	0	1	0	0	0	13	0	0	0	0	0	0	0	0	0	6	0	0	0	0	14	0	0	0	0	19	0	0	0	0	29	0	0	0	90	0
LFQ	145	0	0	0	0	0	0	0	0	3	0	0	0	15	0	0	0	0	0	0	0	0	0	7	0	0	0	0	8	0	0	0	0	21	0	0	0	0	38	0	0	0	79	0
LFQ	146	0	0	0	0	0	0	0	0	3	0	0	0	17	0	0	0	0	0	0	0	0	0	8	0	0	0	0	9	0	0	0	0	14	0	0	0	0	23	0	0	0	97	0
LFQ	147	0	0	0	0	0	0	0	0	1	0	0	0	16	0	0	0	0	0	0	0	0	0	7	0	0	0	0	15	0	0	0	0	22	0	0	0	0	32	0	0	0	78	0
LFQ	148	0	0	0	0	0	0	0	0	2	0	0	0	10	0	0	0	0	0	0	0	0	0	9	0	0	0	0	12	0	0	0	0	20	0	0	0	0	30	0	0	0	87	0
LFQ	149	0	0	0	0	0	0	0	0	0	0	0	0	6	0	0	0	0	0	0	0	0	0	11	0	0	0	0	13	0	0	0	0	15	0	0	0	0	32	0	0	0	89	0
LFQ	150	0	0	0	0	0	0	0	0	0	0	0	0	8	0	0	0	0	0	0	0	0	0	8	0	0	0	0	11	0	0	0	0	20	0	0	0	0	31	0	0	0	86	0
LFQ	151	0	0	0	0	0	0	0	0	0	0	0	0	0	0	0	0	0	0	0	0	0	0	16	0	0	0	0	15	0	0	0	0	37	0	0	0	0	27	0	0	0	56	0
# GC Content of first fragments. Use `grep ^GCF | cut -f 2-` to extract this part.
GCF	9.80	0
GCF	19.85	1
GCF	20.60	3
GCF	21.36	2
GCF	22.36	0
GCF	23.37	1
GCF	23.87	4
GCF	24.62	1
GCF	25.38	0
GCF	25.88	2
GCF	26.38	5
GCF	26.88	3
GCF	27.39	7
GCF	27.89	6
GCF	28.64	7
GCF	29.40	8
GCF	29.90	7
GCF	30.65	8
GCF	31.66	7
GCF	32.41	8
GCF	32.91	7
GCF	33.42	6
GCF	33.92	5
GCF	34.42	6
GCF	35.18	19
GCF	35.93	13
GCF	36.43	7
GCF	36.93	14
GCF	37.44	13
GCF	37.94	5
GCF	38.94	4
GCF	40.20	6
GCF	41.21	4
GCF	41.96	0
GCF	42.46	2
GCF	42.96	4
GCF	43.72	5
GCF	45.23	0
GCF	46.73	1
# GC Content of last fragments. Use `grep ^GCL | cut -f 2-` to extract this part.
GCL	11.06	0
GCL	22.61	5
GCL	23.62	1
GCL	24.62	3
GCL	25.38	1
GCL	25.88	5
GCL	26.38	2
GCL	26.88	1
GCL	27.39	6
GCL	27.89	7
GCL	28.39	4
GCL	29.15	9
GCL	29.90	1
GCL	30.40	3
GCL	30.90	9
GCL	31.66	10
GCL	32.41	5
GCL	32.91	6
GCL	33.42	8
GCL	33.92	13
GCL	34.42	7
GCL	34.92	10
GCL	35.43	7
GCL	35.93	9
GCL	36.43	7
GCL	37.19	6
GCL	37.94	9
GCL	38.44	3
GCL	38.94	4
GCL	39.45	7
GCL	39.95	6
GCL	40.45	0
GCL	40.95	3
GCL	41.46	4
GCL	41.96	6
GCL	42.46	5
GCL	42.96	4
GCL	43.47	2
GCL	44.47	1
GCL	45.73	0
GCL	46.48	1
# ACGT content per cycle. Use `grep ^GCC | cut -f 2-` to extract this part. The columns are: cycle; A,C,G,T base counts as a percentage of all A/C/G/T bases [%]; and N and O counts as a percentage of all A/C/G/T bases [%]
GCC	1	29.70	13.90	21.25	35.15	0.54	0.00
GCC	2	34.42	18.16	16.26	31.17	0.00	0.00
GCC	3	37.94	13.82	19.51	28.73	0.00	0.00
GCC	4	30.89	15.99	13.01	40.11	0.00	0.00
GCC	5	30.62	19.78	15.99	33.60	0.00	0.00
GCC	6	29.81	21.41	14.63	34.15	0.00	0.00
GCC	7	37.13	16.80	12.47	33.60	0.00	0.00
GCC	8	33.06	18.97	15.72	32.25	0.00	0.00
GCC	9	32.25	14.91	20.05	32.79	0.00	0.00
GCC	10	33.60	13.55	14.36	38.48	0.00	0.00
GCC	11	35.77	11.11	16.53	36.59	0.00	0.00
GCC	12	30.89	18.16	18.43	32.52	0.00	0.00
GCC	13	30.89	17.62	17.34	34.15	0.00	0.00
GCC	14	30.62	22.76	19.51	27.10	0.00	0.00
GCC	15	29.00	20.60	18.97	31.44	0.00	0.00
GCC	16	28.73	17.34	18.43	35.50	0.00	0.00
GCC	17	33.60	20.05	13.28	33.06	0.00	0.00
GCC	18	38.75	15.18	12.20	33.88	0.00	0.00
GCC	19	31.98	15.72	15.99	36.31	0.00	0.00
GCC	20	34.15	16.26	18.43	31.17	0.00	0.00
GCC	21	32.79	20.05	18.97	28.18	0.00	0.00
GCC	22	31.17	17.07	18.43	33.33	0.00	0.00
GCC	23	28.18	20.33	18.43	33.06	0.00	0.00
GCC	24	28.46	14.91	20.05	36.59	0.00	0.00
GCC	25	29.27	16.26	16.80	37.67	0.00	0.00
GCC	26	29.27	14.91	17.89	37.94	0.00	0.00
GCC	27	32.51	16.67	16.12	34.70	0.82	0.00
GCC	28	31.17	15.99	15.18	37.67	0.00	0.00
GCC	29	34.42	13.55	19.51	32.52	0.00	0.00
GCC	30	33.06	20.05	17.62	29.27	0.00	0.00
GCC	31	31.98	16.53	16.26	35.23	0.00	0.00
GCC	32	34.96	12.74	14.91	37.40	0.00	0.00
GCC	33	33.88	18.70	13.28	34.15	0.00	0.00
GCC	34	32.79	13.82	16.53	36.86	0.00	0.00
GCC	35	31.44	17.34	15.99	35.23	0.00	0.00
GCC	36	30.08	16.26	16.80	36.86	0.00	0.00
GCC	37	33.06	17.07	19.78	30.08	0.00	0.00
GCC	38	32.25	18.43	15.99	33.33	0.00	0.00
GCC	39	34.42	17.07	19.78	28.73	0.00	0.00
GCC	40	33.06	16.26	12.74	37.94	0.00	0.00
GCC	41	36.86	18.97	14.09	30.08	0.00	0.00
GCC	42	34.96	17.34	15.99	31.71	0.00	0.00
GCC	43	37.94	16.80	15.72	29.54	0.00	0.00
GCC	44	30.89	17.89	13.82	37.40	0.00	0.00
GCC	45	34.15	18.43	13.01	34.42	0.00	0.00
GCC	46	30.62	17.07	14.63	37.67	0.00	0.00
GCC	47	32.52	12.47	18.43	36.59	0.00	0.00
GCC	48	36.86	15.18	15.72	32.25	0.00	0.00
GCC	49	29.81	17.07	15.45	37.67	0.00	0.00
GCC	50	33.60	18.70	19.51	28.18	0.00	0.00
GCC	51	34.69	15.99	18.16	31.17	0.00	0.00
GCC	52	29.27	17.89	13.82	39.02	0.00	0.00
GCC	53	35.23	15.45	17.07	32.25	0.00	0.00
GCC	54	35.50	14.36	15.99	34.15	0.00	0.00
GCC	55	33.06	14.63	21.95	30.35	0.00	0.00
GCC	56	33.06	20.05	15.18	31.71	0.00	0.00
GCC	57	30.62	16.80	15.72	36.86	0.00	0.00
GCC	58	31.71	21.68	13.82	32.79	0.00	0.00
GCC	59	34.15	18.97	18.43	28.46	0.00	0.00
GCC	60	32.52	16.53	18.16	32.79	0.00	0.00
GCC	61	31.17	13.01	16.53	39.30	0.00	0.00
GCC	62	29.27	21.14	16.26	33.33	0.00	0.00
GCC	63	36.31	15.72	13.55	34.42	0.00	0.00
GCC	64	38.21	14.63	16.26	30.89	0.00	0.00
GCC	65	30.35	22.76	15.72	31.17	0.00	0.00
GCC	66	35.77	16.26	16.53	31.44	0.00	0.00
GCC	67	39.84	17.62	11.65	30.89	0.00	0.00
GCC	68	31.98	16.26	19.24	32.52	0.00	0.00
GCC	69	25.75	15.45	16.26	42.55	0.00	0.00
GCC	70	31.98	21.14	14.63	32.25	0.00	0.00
GCC	71	34.42	18.70	16.26	30.62	0.00	0.00
GCC	72	33.33	13.82	16.26	36.59	0.00	0.00
GCC	73	31.71	19.24	14.09	34.96	0.00	0.00
GCC	74	31.17	19.51	15.18	34.15	0.00	0.00
GCC	75	30.08	14.91	20.05	34.96	0.00	0.00
GCC	76	34.15	14.91	17.34	33.60	0.00	0.00
GCC	77	30.35	20.33	18.16	31.17	0.00	0.00
GCC	78	36.31	17.62	14.36	31.71	0.00	0.00
GCC	79	39.30	13.28	14.63	32.79	0.00	0.00
GCC	80	39.57	18.43	13.28	28.73	0.00	0.00
GCC	81	33.88	17.34	16.26	32.52	0.00	0.00
GCC	82	33.88	18.16	16.53	31.44	0.00	0.00
GCC	83	31.98	18.16	16.26	33.60	0.00	0.00
GCC	84	34.96	16.53	17.34	31.17	0.00	0.00
GCC	85	32.52	17.89	14.91	34.69	0.00	0.00
GCC	86	33.88	18.70	15.72	31.71	0.00	0.00
GCC	87	33.60	17.07	16.80	32.52	0.00	0.00
GCC	88	31.71	17.34	19.51	31.44	0.00	0.00
GCC	89	37.40	17.89	17.07	27.64	0.00	0.00
GCC	90	36.04	17.07	17.62	29.27	0.00	0.00
GCC	91	32.79	16.80	19.24	31.17	0.00	0.00
GCC	92	29.27	16.26	20.60	33.88	0.00	0.00
GCC	93	37.13	14.91	15.99	31.98	0.00	0.00
GCC	94	34.96	13.55	18.70	32.79	0.00	0.00
GCC	95	25.75	18.97	20.05	35.23	0.00	0.00
GCC	96	30.08	16.26	20.60	33.06	0.00	0.00
GCC	97	30.08	17.34	17.62	34.96	0.00	0.00
GCC	98	27.91	20.05	18.97	33.06	0.00	0.00
GCC	99	32.25	15.18	17.62	34.96	0.00	0.00
GCC	100	32.52	12.20	20.60	34.69	0.00	0.00
GCC	101	36.59	19.78	13.28	30.35	0.00	0.00
GCC	102	39.57	13.28	16.26	30.89	0.00	0.00
GCC	103	31.44	16.53	14.91	37.13	0.00	0.00
GCC	104	33.60	17.62	13.55	35.23	0.00	0.00
GCC	105	28.73	16.80	19.24	35.23	0.00	0.00
GCC	106	35.77	15.72	14.09	34.42	0.00	0.00
GCC	107	35.50	16.80	15.72	31.98	0.00	0.00
GCC	108	37.94	12.47	15.99	33.60	0.00	0.00
GCC	109	31.71	18.43	16.26	33.60	0.00	0.00
GCC	110	30.71	18.21	16.03	35.05	0.27	0.00
GCC	111	34.69	15.45	18.43	31.44	0.00	0.00
GCC	112	31.17	17.62	17.62	33.60	0.00	0.00
GCC	113	33.60	16.53	14.63	35.23	0.00	0.00
GCC	114	35.77	14.36	19.51	30.35	0.00	0.00
GCC	115	33.06	16.26	15.18	35.50	0.00	0.00
GCC	116	33.88	19.78	14.91	31.44	0.00	0.00
GCC	117	35.77	15.18	20.87	28.18	0.00	0.00
GCC	118	27.10	16.80	19.24	36.86	0.00	0.00
GCC	119	31.17	21.14	17.89	29.81	0.00	0.00
GCC	120	34.96	16.26	17.07	31.71	0.00	0.00
GCC	121	36.86	16.80	16.53	29.81	0.00	0.00
GCC	122	34.69	16.53	15.18	33.60	0.00	0.00
GCC	123	37.67	13.28	19.24	29.81	0.00	0.00
GCC	124	35.77	14.91	17.07	32.25	0.00	0.00
GCC	125	27.91	21.68	17.62	32.79	0.00	0.00
GCC	126	34.96	16.53	15.18	33.33	0.00	0.00
GCC	127	34.15	17.07	13.82	34.96	0.00	0.00
GCC	128	33.88	17.34	17.34	31.44	0.00	0.00
GCC	129	35.23	17.07	15.45	32.25	0.00	0.00
GCC	130	30.25	15.26	20.44	34.06	0.00	0.00
GCC	131	35.69	14.99	18.26	31.06	0.00	0.00
GCC	132	32.43	14.99	18.80	33.79	0.00	0.00
GCC	133	31.06	13.62	17.17	38.15	0.00	0.00
GCC	134	35.69	14.99	18.26	31.06	0.00	0.00
GCC	135	35.69	16.35	16.35	31.61	0.00	0.00
GCC	136	34.60	17.98	14.71	32.70	0.00	0.00
GCC	137	32.43	18.26	15.26	34.06	0.00	0.00
GCC	138	33.24	17.98	14.99	33.79	0.00	0.00
GCC	139	32.97	14.44	20.16	32.43	0.00	0.00
GCC	140	26.70	19.89	16.62	36.78	0.00	0.00
GCC	141	32.79	15.57	16.94	34.70	0.00	0.00
GCC	142	36.89	17.76	17.21	28.14	0.00	0.00
GCC	143	30.05	20.22	18.31	31.42	0.00	0.00
GCC	144	34.15	13.39	17.49	34.97	0.00	0.00
GCC	145	28.77	16.16	19.45	35.62	0.00	0.00
GCC	146	31.23	16.99	15.89	35.89	0.00	0.00
GCC	147	38.63	14.52	17.53	29.32	0.00	0.00
GCC	148	33.79	20.05	18.41	27.75	0.00	0.00
GCC	149	29.75	15.30	17.00	37.96	0.00	0.00
GCC	150	30.57	18.86	21.71	28.86	0.00	0.00
GCC	151	33.84	13.90	18.73	33.53	0.00	0.00
# ACGT content per cycle, read oriented. Use `grep ^GCT | cut -f 2-` to extract this part. The columns are: cycle; A,C,G,T base counts as a percentage of all A/C/G/T bases [%]
GCT	1	32.97	14.71	20.44	31.88
GCT	2	33.88	12.20	22.22	31.71
GCT	3	30.62	14.63	18.70	36.04
GCT	4	36.31	10.03	18.97	34.69
GCT	5	34.69	16.26	19.51	29.54
GCT	6	34.15	17.62	18.43	29.81
GCT	7	33.88	16.26	13.01	36.86
GCT	8	29.54	15.99	18.70	35.77
GCT	9	27.37	20.33	14.63	37.67
GCT	10	38.48	10.30	17.62	33.60
GCT	11	40.11	15.45	12.20	32.25
GCT	12	31.71	17.89	18.70	31.71
GCT	13	29.81	18.70	16.26	35.23
GCT	14	30.89	20.87	21.41	26.83
GCT	15	27.91	24.93	14.63	32.52
GCT	16	30.62	17.62	18.16	33.60
GCT	17	38.21	18.70	14.63	28.46
GCT	18	37.13	13.01	14.36	35.50
GCT	19	33.60	14.63	17.07	34.69
GCT	20	31.44	18.97	15.72	33.88
GCT	21	31.71	18.43	20.60	29.27
GCT	22	36.59	16.53	18.97	27.91
GCT	23	32.25	16.26	22.49	29.00
GCT	24	33.33	17.62	17.34	31.71
GCT	25	34.96	15.45	17.62	31.98
GCT	26	30.89	16.53	16.26	36.31
GCT	27	37.43	14.75	18.03	29.78
GCT	28	32.79	14.36	16.80	36.04
GCT	29	30.62	14.63	18.43	36.31
GCT	30	28.18	17.89	19.78	34.15
GCT	31	30.89	17.07	15.72	36.31
GCT	32	32.52	13.55	14.09	39.84
GCT	33	36.31	18.43	13.55	31.71
GCT	34	34.15	15.72	14.63	35.50
GCT	35	31.71	13.82	19.51	34.96
GCT	36	33.60	15.99	17.07	33.33
GCT	37	36.86	15.99	20.87	26.29
GCT	38	30.62	18.43	15.99	34.96
GCT	39	30.62	17.62	19.24	32.52
GCT	40	35.23	13.55	15.45	35.77
GCT	41	31.98	15.18	17.89	34.96
GCT	42	33.88	15.72	17.62	32.79
GCT	43	38.21	17.07	15.45	29.27
GCT	44	35.50	15.99	15.72	32.79
GCT	45	38.21	13.28	18.16	30.35
GCT	46	33.88	15.99	15.72	34.42
GCT	47	38.48	14.09	16.80	30.62
GCT	48	36.31	15.18	15.72	32.79
GCT	49	39.30	14.09	18.43	28.18
GCT	50	32.25	15.72	22.49	29.54
GCT	51	34.15	17.07	17.07	31.71
GCT	52	36.31	12.47	19.24	31.98
GCT	53	36.04	19.51	13.01	31.44
GCT	54	36.86	14.63	15.72	32.79
GCT	55	31.17	16.53	20.05	32.25
GCT	56	30.62	17.62	17.62	34.15
GCT	57	33.06	18.70	13.82	34.42
GCT	58	37.13	16.80	18.70	27.37
GCT	59	27.64	21.68	15.72	34.96
GCT	60	34.69	23.04	11.65	30.62
GCT	61	37.13	14.63	14.91	33.33
GCT	62	31.44	21.68	15.72	31.17
GCT	63	43.63	15.99	13.28	27.10
GCT	64	39.30	11.92	18.97	29.81
GCT	65	31.98	17.89	20.60	29.54
GCT	66	32.25	17.62	15.18	34.96
GCT	67	35.77	15.72	13.55	34.96
GCT	68	30.89	15.72	19.78	33.60
GCT	69	35.50	16.53	15.18	32.79
GCT	70	34.42	17.62	18.16	29.81
GCT	71	30.62	15.99	18.97	34.42
GCT	72	34.15	14.09	15.99	35.77
GCT	73	32.25	16.53	16.80	34.42
GCT	74	32.52	15.99	18.70	32.79
GCT	75	32.79	19.24	15.72	32.25
GCT	76	29.27	14.36	17.89	38.48
GCT	77	28.46	17.34	21.14	33.06
GCT	78	34.15	15.45	16.53	33.88
GCT	79	37.40	13.55	14.36	34.69
GCT	80	29.00	14.36	17.34	39.30
GCT	81	34.69	17.07	16.53	31.71
GCT	82	34.15	17.89	16.80	31.17
GCT	83	36.86	17.62	16.80	28.73
GCT	84	32.79	18.70	15.18	33.33
GCT	85	37.40	16.26	16.53	29.81
GCT	86	35.77	16.26	18.16	29.81
GCT	87	30.62	17.34	16.53	35.50
GCT	88	33.60	15.99	20.87	29.54
GCT	89	34.15	18.97	15.99	30.89
GCT	90	34.69	24.93	9.76	30.62
GCT	91	31.17	20.60	15.45	32.79
GCT	92	30.35	17.34	19.51	32.79
GCT	93	31.44	12.47	18.43	37.67
GCT	94	31.44	16.53	15.72	36.31
GCT	95	29.81	18.70	20.33	31.17
GCT	96	33.88	18.43	18.43	29.27
GCT	97	31.17	16.26	18.70	33.88
GCT	98	27.10	21.41	17.62	33.88
GCT	99	34.69	15.99	16.80	32.52
GCT	100	31.17	14.09	18.70	36.04
GCT	101	34.96	15.99	17.07	31.98
GCT	102	36.59	15.72	13.82	33.88
GCT	103	34.42	16.26	15.18	34.15
GCT	104	32.52	13.82	17.34	36.31
GCT	105	29.27	18.43	17.62	34.69
GCT	106	35.23	14.09	15.72	34.96
GCT	107	35.50	14.63	17.89	31.98
GCT	108	38.75	13.28	15.18	32.79
GCT	109	36.59	18.97	15.72	28.73
GCT	110	31.25	14.95	19.29	34.51
GCT	111	31.17	17.34	16.53	34.96
GCT	112	37.94	15.18	20.05	26.83
GCT	113	34.96	18.43	12.74	33.88
GCT	114	34.42	22.76	11.11	31.71
GCT	115	32.79	14.36	17.07	35.77
GCT	116	32.52	15.72	18.97	32.79
GCT	117	36.04	21.95	14.09	27.91
GCT	118	32.52	16.26	19.78	31.44
GCT	119	30.35	19.24	19.78	30.62
GCT	120	32.25	16.80	16.53	34.42
GCT	121	34.96	17.07	16.26	31.71
GCT	122	33.06	18.70	13.01	35.23
GCT	123	32.79	16.53	15.99	34.69
GCT	124	33.88	13.55	18.43	34.15
GCT	125	29.81	20.87	18.43	30.89
GCT	126	36.86	16.26	15.45	31.44
GCT	127	37.40	14.36	16.53	31.71
GCT	128	35.77	16.53	18.16	29.54
GCT	129	33.06	19.78	12.74	34.42
GCT	130	29.97	15.80	19.89	34.33
GCT	131	34.88	16.62	16.62	31.88
GCT	132	32.15	17.17	16.62	34.06
GCT	133	34.88	16.62	14.17	34.33
GCT	134	32.97	17.44	15.80	33.79
GCT	135	32.70	17.98	14.71	34.60
GCT	136	40.33	15.80	16.89	26.98
GCT	137	30.52	18.26	15.26	35.97
GCT	138	37.33	15.26	17.71	29.70
GCT	139	33.51	17.44	17.17	31.88
GCT	140	31.88	20.98	15.53	31.61
GCT	141	34.15	17.49	15.03	33.33
GCT	142	34.15	15.57	19.40	30.87
GCT	143	27.87	19.13	19.40	33.61
GCT	144	35.25	13.39	17.49	33.88
GCT	145	28.49	18.90	16.71	35.89
GCT	146	29.86	14.79	18.08	37.26
GCT	147	36.44	17.53	14.52	31.51
GCT	148	33.52	19.23	19.23	28.02
GCT	149	38.53	17.85	14.45	29.18
GCT	150	29.43	22.57	18.00	30.00
GCT	151	39.58	16.01	16.62	27.79
# ACGT content per cycle for first fragments. Use `grep ^FBC | cut -f 2-` to extract this part. The columns are: cycle; A,C,G,T base counts as a percentage of all A/C/G/T bases [%]; and N and O counts as a percentage of all A/C/G/T bases [%]
FBC	1	28.72	17.95	22.56	30.77	0.00	0.00
FBC	2	38.97	16.41	14.87	29.74	0.00	0.00
FBC	3	36.41	15.90	18.97	28.72	0.00	0.00
FBC	4	31.79	14.36	13.33	40.51	0.00	0.00
FBC	5	28.21	17.44	14.87	39.49	0.00	0.00
FBC	6	32.31	18.46	16.41	32.82	0.00	0.00
FBC	7	34.36	17.44	11.79	36.41	0.00	0.00
FBC	8	32.82	20.51	16.92	29.74	0.00	0.00
FBC	9	34.87	10.77	18.97	35.38	0.00	0.00
FBC	10	30.77	16.41	14.87	37.95	0.00	0.00
FBC	11	34.36	12.31	16.41	36.92	0.00	0.00
FBC	12	29.74	17.44	15.90	36.92	0.00	0.00
FBC	13	29.74	17.44	17.44	35.38	0.00	0.00
FBC	14	30.77	22.56	23.59	23.08	0.00	0.00
FBC	15	28.21	22.56	20.00	29.23	0.00	0.00
FBC	16	27.69	17.44	21.03	33.85	0.00	0.00
FBC	17	33.85	20.00	10.26	35.90	0.00	0.00
FBC	18	35.38	15.38	12.82	36.41	0.00	0.00
FBC	19	31.28	12.31	17.95	38.46	0.00	0.00
FBC	20	31.79	14.87	21.54	31.79	0.00	0.00
FBC	21	34.87	20.00	16.92	28.21	0.00	0.00
FBC	22	27.69	17.95	17.44	36.92	0.00	0.00
FBC	23	31.79	17.95	15.90	34.36	0.00	0.00
FBC	24	29.74	12.31	17.95	40.00	0.00	0.00
FBC	25	27.18	16.92	20.00	35.90	0.00	0.00
FBC	26	21.03	18.46	22.05	38.46	0.00	0.00
FBC	27	31.79	17.95	13.85	36.41	0.00	0.00
FBC	28	27.69	16.92	15.38	40.00	0.00	0.00
FBC	29	34.87	11.79	16.92	36.41	0.00	0.00
FBC	30	35.38	17.44	16.92	30.26	0.00	0.00
FBC	31	34.36	16.92	17.44	31.28	0.00	0.00
FBC	32	34.36	15.38	14.36	35.90	0.00	0.00
FBC	33	35.38	20.51	15.38	28.72	0.00	0.00
FBC	34	35.38	12.82	17.95	33.85	0.00	0.00
FBC	35	28.21	17.44	18.97	35.38	0.00	0.00
FBC	36	30.26	17.95	12.31	39.49	0.00	0.00
FBC	37	33.85	13.85	20.00	32.31	0.00	0.00
FBC	38	30.26	17.44	17.44	34.87	0.00	0.00
FBC	39	28.21	21.54	18.97	31.28	0.00	0.00
FBC	40	30.77	16.92	15.90	36.41	0.00	0.00
FBC	41	36.41	20.00	13.33	30.26	0.00	0.00
FBC	42	34.36	16.92	17.44	31.28	0.00	0.00
FBC	43	38.97	19.49	15.38	26.15	0.00	0.00
FBC	44	31.28	16.92	14.36	37.44	0.00	0.00
FBC	45	33.85	20.51	12.31	33.33	0.00	0.00
FBC	46	27.69	18.97	20.00	33.33	0.00	0.00
FBC	47	33.33	13.85	20.00	32.82	0.00	0.00
FBC	48	39.49	16.41	15.90	28.21	0.00	0.00
FBC	49	29.74	17.44	12.82	40.00	0.00	0.00
FBC	50	34.36	15.90	21.03	28.72	0.00	0.00
FBC	51	36.92	14.36	18.46	30.26	0.00	0.00
FBC	52	26.15	21.03	12.31	40.51	0.00	0.00
FBC	53	38.46	12.82	15.90	32.82	0.00	0.00
FBC	54	32.82	15.38	15.38	36.41	0.00	0.00
FBC	55	29.23	17.44	24.62	28.72	0.00	0.00
FBC	56	34.87	16.41	14.36	34.36	0.00	0.00
FBC	57	27.18	14.36	17.44	41.03	0.00	0.00
FBC	58	30.77	25.13	10.77	33.33	0.00	0.00
FBC	59	34.36	21.03	17.95	26.67	0.00	0.00
FBC	60	30.77	18.97	18.97	31.28	0.00	0.00
FBC	61	27.69	12.31	18.97	41.03	0.00	0.00
FBC	62	31.28	18.46	11.79	38.46	0.00	0.00
FBC	63	35.38	16.41	13.33	34.87	0.00	0.00
FBC	64	36.92	13.33	18.97	30.77	0.00	0.00
FBC	65	28.21	21.54	18.97	31.28	0.00	0.00
FBC	66	36.41	13.85	15.90	33.85	0.00	0.00
FBC	67	41.54	17.95	7.18	33.33	0.00	0.00
FBC	68	30.77	14.36	20.51	34.36	0.00	0.00
FBC	69	27.69	9.74	17.44	45.13	0.00	0.00
FBC	70	30.26	19.49	16.41	33.85	0.00	0.00
FBC	71	37.44	12.31	18.46	31.79	0.00	0.00
FBC	72	35.90	8.72	16.41	38.97	0.00	0.00
FBC	73	31.28	20.00	14.36	34.36	0.00	0.00
FBC	74	26.67	18.46	14.87	40.00	0.00	0.00
FBC	75	28.21	11.79	23.59	36.41	0.00	0.00
FBC	76	32.82	15.90	16.92	34.36	0.00	0.00
FBC	77	30.77	21.03	17.44	30.77	0.00	0.00
FBC	78	37.95	17.95	14.87	29.23	0.00	0.00
FBC	79	34.36	12.31	16.92	36.41	0.00	0.00
FBC	80	40.51	15.38	13.33	30.77	0.00	0.00
FBC	81	32.82	13.33	16.41	37.44	0.00	0.00
FBC	82	31.79	20.00	18.97	29.23	0.00	0.00
FBC	83	30.26	17.44	16.92	35.38	0.00	0.00
FBC	84	35.38	21.03	16.41	27.18	0.00	0.00
FBC	85	33.85	16.41	15.90	33.85	0.00	0.00
FBC	86	35.90	20.00	12.82	31.28	0.00	0.00
FBC	87	33.33	16.41	20.51	29.74	0.00	0.00
FBC	88	26.67	17.95	22.56	32.82	0.00	0.00
FBC	89	36.41	14.36	20.00	29.23	0.00	0.00
FBC	90	37.44	18.97	13.33	30.26	0.00	0.00
FBC	91	37.44	16.41	17.95	28.21	0.00	0.00
FBC	92	31.28	15.38	22.05	31.28	0.00	0.00
FBC	93	34.87	14.36	15.90	34.87	0.00	0.00
FBC	94	35.90	14.87	21.54	27.69	0.00	0.00
FBC	95	26.15	18.46	20.00	35.38	0.00	0.00
FBC	96	31.28	14.87	21.03	32.82	0.00	0.00
FBC	97	34.36	20.00	16.41	29.23	0.00	0.00
FBC	98	26.67	23.08	18.97	31.28	0.00	0.00
FBC	99	36.92	14.36	14.87	33.85	0.00	0.00
FBC	100	32.31	11.28	21.03	35.38	0.00	0.00
FBC	101	35.38	17.44	13.33	33.85	0.00	0.00
FBC	102	34.87	15.90	18.46	30.77	0.00	0.00
FBC	103	32.82	15.90	14.87	36.41	0.00	0.00
FBC	104	32.82	14.36	13.33	39.49	0.00	0.00
FBC	105	26.67	16.92	18.46	37.95	0.00	0.00
FBC	106	27.69	19.49	15.38	37.44	0.00	0.00
FBC	107	35.90	16.41	16.92	30.77	0.00	0.00
FBC	108	36.41	12.31	14.87	36.41	0.00	0.00
FBC	109	31.79	16.41	15.90	35.90	0.00	0.00
FBC	110	30.77	17.44	17.95	33.85	0.00	0.00
FBC	111	39.49	13.85	13.85	32.82	0.00	0.00
FBC	112	28.72	18.97	17.44	34.87	0.00	0.00
FBC	113	35.38	12.31	14.36	37.95	0.00	0.00
FBC	114	33.85	15.90	17.44	32.82	0.00	0.00
FBC	115	32.31	15.90	13.33	38.46	0.00	0.00
FBC	116	37.95	17.95	15.38	28.72	0.00	0.00
FBC	117	33.85	16.92	21.54	27.69	0.00	0.00
FBC	118	29.74	19.49	18.97	31.79	0.00	0.00
FBC	119	27.18	20.00	18.46	34.36	0.00	0.00
FBC	120	33.85	16.92	15.90	33.33	0.00	0.00
FBC	121	40.00	17.44	17.95	24.62	0.00	0.00
FBC	122	34.87	14.87	15.38	34.87	0.00	0.00
FBC	123	40.00	13.85	15.90	30.26	0.00	0.00
FBC	124	40.00	12.31	16.41	31.28	0.00	0.00
FBC	125	28.21	21.54	17.44	32.82	0.00	0.00
FBC	126	30.26	17.95	16.41	35.38	0.00	0.00
FBC	127	34.36	17.44	16.41	31.79	0.00	0.00
FBC	128	41.54	14.87	14.87	28.72	0.00	0.00
FBC	129	32.82	15.90	15.38	35.90	0.00	0.00
FBC	130	26.29	17.53	17.01	39.18	0.00	0.00
FBC	131	32.47	16.49	21.13	29.90	0.00	0.00
FBC	132	34.02	13.40	17.01	35.57	0.00	0.00
FBC	133	27.32	14.43	13.92	44.33	0.00	0.00
FBC	134	34.02	14.43	18.04	33.51	0.00	0.00
FBC	135	35.05	20.10	14.95	29.90	0.00	0.00
FBC	136	34.54	18.56	15.46	31.44	0.00	0.00
FBC	137	29.38	17.01	15.98	37.63	0.00	0.00
FBC	138	31.44	18.04	15.46	35.05	0.00	0.00
FBC	139	25.26	14.43	22.68	37.63	0.00	0.00
FBC	140	30.41	16.49	18.04	35.05	0.00	0.00
FBC	141	31.44	19.59	12.89	36.08	0.00	0.00
FBC	142	37.11	16.49	16.49	29.90	0.00	0.00
FBC	143	30.93	19.07	15.98	34.02	0.00	0.00
FBC	144	32.99	13.40	20.10	33.51	0.00	0.00
FBC	145	25.26	15.46	20.62	38.66	0.00	0.00
FBC	146	32.47	13.92	17.01	36.60	0.00	0.00
FBC	147	38.66	15.46	15.46	30.41	0.00	0.00
FBC	148	36.08	18.04	18.56	27.32	0.00	0.00
FBC	149	28.88	13.37	17.11	40.64	0.00	0.00
FBC	150	27.96	19.89	22.58	29.57	0.00	0.00
FBC	151	34.44	12.22	21.11	32.22	0.00	0.00
# ACGT raw counters for first fragments. Use `grep ^FTC | cut -f 2-` to extract this part. The columns are: A,C,G,T,N base counters
FTC	9588	4896	4985	9925	0
# ACGT content per cycle for last fragments. Use `grep ^LBC | cut -f 2-` to extract this part. The columns are: cycle; A,C,G,T base counts as a percentage of all A/C/G/T bases [%]; and N and O counts as a percentage of all A/C/G/T bases [%]
LBC	1	30.81	9.30	19.77	40.12	1.16	0.00
LBC	2	29.31	20.11	17.82	32.76	0.00	0.00
LBC	3	39.66	11.49	20.11	28.74	0.00	0.00
LBC	4	29.89	17.82	12.64	39.66	0.00	0.00
LBC	5	33.33	22.41	17.24	27.01	0.00	0.00
LBC	6	27.01	24.71	12.64	35.63	0.00	0.00
LBC	7	40.23	16.09	13.22	30.46	0.00	0.00
LBC	8	33.33	17.24	14.37	35.06	0.00	0.00
LBC	9	29.31	19.54	21.26	29.89	0.00	0.00
LBC	10	36.78	10.34	13.79	39.08	0.00	0.00
LBC	11	37.36	9.77	16.67	36.21	0.00	0.00
LBC	12	32.18	18.97	21.26	27.59	0.00	0.00
LBC	13	32.18	17.82	17.24	32.76	0.00	0.00
LBC	14	30.46	22.99	14.94	31.61	0.00	0.00
LBC	15	29.89	18.39	17.82	33.91	0.00	0.00
LBC	16	29.89	17.24	15.52	37.36	0.00	0.00
LBC	17	33.33	20.11	16.67	29.89	0.00	0.00
LBC	18	42.53	14.94	11.49	31.03	0.00	0.00
LBC	19	32.76	19.54	13.79	33.91	0.00	0.00
LBC	20	36.78	17.82	14.94	30.46	0.00	0.00
LBC	21	30.46	20.11	21.26	28.16	0.00	0.00
LBC	22	35.06	16.09	19.54	29.31	0.00	0.00
LBC	23	24.14	22.99	21.26	31.61	0.00	0.00
LBC	24	27.01	17.82	22.41	32.76	0.00	0.00
LBC	25	31.61	15.52	13.22	39.66	0.00	0.00
LBC	26	38.51	10.92	13.22	37.36	0.00	0.00
LBC	27	33.33	15.20	18.71	32.75	1.75	0.00
LBC	28	35.06	14.94	14.94	35.06	0.00	0.00
LBC	29	33.91	15.52	22.41	28.16	0.00	0.00
LBC	30	30.46	22.99	18.39	28.16	0.00	0.00
LBC	31	29.31	16.09	14.94	39.66	0.00	0.00
LBC	32	35.63	9.77	15.52	39.08	0.00	0.00
LBC	33	32.18	16.67	10.92	40.23	0.00	0.00
LBC	34	29.89	14.94	14.94	40.23	0.00	0.00
LBC	35	35.06	17.24	12.64	35.06	0.00	0.00
LBC	36	29.89	14.37	21.84	33.91	0.00	0.00
LBC	37	32.18	20.69	19.54	27.59	0.00	0.00
LBC	38	34.48	19.54	14.37	31.61	0.00	0.00
LBC	39	41.38	12.07	20.69	25.86	0.00	0.00
LBC	40	35.63	15.52	9.20	39.66	0.00	0.00
LBC	41	37.36	17.82	14.94	29.89	0.00	0.00
LBC	42	35.63	17.82	14.37	32.18	0.00	0.00
LBC	43	36.78	13.79	16.09	33.33	0.00	0.00
LBC	44	30.46	18.97	13.22	37.36	0.00	0.00
LBC	45	34.48	16.09	13.79	35.63	0.00	0.00
LBC	46	33.91	14.94	8.62	42.53	0.00	0.00
LBC	47	31.61	10.92	16.67	40.80	0.00	0.00
LBC	48	33.91	13.79	15.52	36.78	0.00	0.00
LBC	49	29.89	16.67	18.39	35.06	0.00	0.00
LBC	50	32.76	21.84	17.82	27.59	0.00	0.00
LBC	51	32.18	17.82	17.82	32.18	0.00	0.00
LBC	52	32.76	14.37	15.52	37.36	0.00	0.00
LBC	53	31.61	18.39	18.39	31.61	0.00	0.00
LBC	54	38.51	13.22	16.67	31.61	0.00	0.00
LBC	55	37.36	11.49	18.97	32.18	0.00	0.00
LBC	56	31.03	24.14	16.09	28.74	0.00	0.00
LBC	57	34.48	19.54	13.79	32.18	0.00	0.00
LBC	58	32.76	17.82	17.24	32.18	0.00	0.00
LBC	59	33.91	16.67	18.97	30.46	0.00	0.00
LBC	60	34.48	13.79	17.24	34.48	0.00	0.00
LBC	61	35.06	13.79	13.79	37.36	0.00	0.00
LBC	62	27.01	24.14	21.26	27.59	0.00	0.00
LBC	63	37.36	14.94	13.79	33.91	0.00	0.00
LBC	64	39.66	16.09	13.22	31.03	0.00	0.00
LBC	65	32.76	24.14	12.07	31.03	0.00	0.00
LBC	66	35.06	18.97	17.24	28.74	0.00	0.00
LBC	67	37.93	17.24	16.67	28.16	0.00	0.00
LBC	68	33.33	18.39	17.82	30.46	0.00	0.00
LBC	69	23.56	21.84	14.94	39.66	0.00	0.00
LBC	70	33.91	22.99	12.64	30.46	0.00	0.00
LBC	71	31.03	25.86	13.79	29.31	0.00	0.00
LBC	72	30.46	19.54	16.09	33.91	0.00	0.00
LBC	73	32.18	18.39	13.79	35.63	0.00	0.00
LBC	74	36.21	20.69	15.52	27.59	0.00	0.00
LBC	75	32.18	18.39	16.09	33.33	0.00	0.00
LBC	76	35.63	13.79	17.82	32.76	0.00	0.00
LBC	77	29.89	19.54	18.97	31.61	0.00	0.00
LBC	78	34.48	17.24	13.79	34.48	0.00	0.00
LBC	79	44.83	14.37	12.07	28.74	0.00	0.00
LBC	80	38.51	21.84	13.22	26.44	0.00	0.00
LBC	81	35.06	21.84	16.09	27.01	0.00	0.00
LBC	82	36.21	16.09	13.79	33.91	0.00	0.00
LBC	83	33.91	18.97	15.52	31.61	0.00	0.00
LBC	84	34.48	11.49	18.39	35.63	0.00	0.00
LBC	85	31.03	19.54	13.79	35.63	0.00	0.00
LBC	86	31.61	17.24	18.97	32.18	0.00	0.00
LBC	87	33.91	17.82	12.64	35.63	0.00	0.00
LBC	88	37.36	16.67	16.09	29.89	0.00	0.00
LBC	89	38.51	21.84	13.79	25.86	0.00	0.00
LBC	90	34.48	14.94	22.41	28.16	0.00	0.00
LBC	91	27.59	17.24	20.69	34.48	0.00	0.00
LBC	92	27.01	17.24	18.97	36.78	0.00	0.00
LBC	93	39.66	15.52	16.09	28.74	0.00	0.00
LBC	94	33.91	12.07	15.52	38.51	0.00	0.00
LBC	95	25.29	19.54	20.11	35.06	0.00	0.00
LBC	96	28.74	17.82	20.11	33.33	0.00	0.00
LBC	97	25.29	14.37	18.97	41.38	0.00	0.00
LBC	98	29.31	16.67	18.97	35.06	0.00	0.00
LBC	99	27.01	16.09	20.69	36.21	0.00	0.00
LBC	100	32.76	13.22	20.11	33.91	0.00	0.00
LBC	101	37.93	22.41	13.22	26.44	0.00	0.00
LBC	102	44.83	10.34	13.79	31.03	0.00	0.00
LBC	103	29.89	17.24	14.94	37.93	0.00	0.00
LBC	104	34.48	21.26	13.79	30.46	0.00	0.00
LBC	105	31.03	16.67	20.11	32.18	0.00	0.00
LBC	106	44.83	11.49	12.64	31.03	0.00	0.00
LBC	107	35.06	17.24	14.37	33.33	0.00	0.00
LBC	108	39.66	12.64	17.24	30.46	0.00	0.00
LBC	109	31.61	20.69	16.67	31.03	0.00	0.00
LBC	110	30.64	19.08	13.87	36.42	0.58	0.00
LBC	111	29.31	17.24	23.56	29.89	0.00	0.00
LBC	112	33.91	16.09	17.82	32.18	0.00	0.00
LBC	113	31.61	21.26	14.94	32.18	0.00	0.00
LBC	114	37.93	12.64	21.84	27.59	0.00	0.00
LBC	115	33.91	16.67	17.24	32.18	0.00	0.00
LBC	116	29.31	21.84	14.37	34.48	0.00	0.00
LBC	117	37.93	13.22	20.11	28.74	0.00	0.00
LBC	118	24.14	13.79	19.54	42.53	0.00	0.00
LBC	119	35.63	22.41	17.24	24.71	0.00	0.00
LBC	120	36.21	15.52	18.39	29.89	0.00	0.00
LBC	121	33.33	16.09	14.94	35.63	0.00	0.00
LBC	122	34.48	18.39	14.94	32.18	0.00	0.00
LBC	123	35.06	12.64	22.99	29.31	0.00	0.00
LBC	124	31.03	17.82	17.82	33.33	0.00	0.00
LBC	125	27.59	21.84	17.82	32.76	0.00	0.00
LBC	126	40.23	14.94	13.79	31.03	0.00	0.00
LBC	127	33.91	16.67	10.92	38.51	0.00	0.00
LBC	128	25.29	20.11	20.11	34.48	0.00	0.00
LBC	129	37.93	18.39	15.52	28.16	0.00	0.00
LBC	130	34.68	12.72	24.28	28.32	0.00	0.00
LBC	131	39.31	13.29	15.03	32.37	0.00	0.00
LBC	132	30.64	16.76	20.81	31.79	0.00	0.00
LBC	133	35.26	12.72	20.81	31.21	0.00	0.00
LBC	134	37.57	15.61	18.50	28.32	0.00	0.00
LBC	135	36.42	12.14	17.92	33.53	0.00	0.00
LBC	136	34.68	17.34	13.87	34.10	0.00	0.00
LBC	137	35.84	19.65	14.45	30.06	0.00	0.00
LBC	138	35.26	17.92	14.45	32.37	0.00	0.00
LBC	139	41.62	14.45	17.34	26.59	0.00	0.00
LBC	140	22.54	23.70	15.03	38.73	0.00	0.00
LBC	141	34.30	11.05	21.51	33.14	0.00	0.00
LBC	142	36.63	19.19	18.02	26.16	0.00	0.00
LBC	143	29.07	21.51	20.93	28.49	0.00	0.00
LBC	144	35.47	13.37	14.53	36.63	0.00	0.00
LBC	145	32.75	16.96	18.13	32.16	0.00	0.00
LBC	146	29.82	20.47	14.62	35.09	0.00	0.00
LBC	147	38.60	13.45	19.88	28.07	0.00	0.00
LBC	148	31.18	22.35	18.24	28.24	0.00	0.00
LBC	149	30.72	17.47	16.87	34.94	0.00	0.00
LBC	150	33.54	17.68	20.73	28.05	0.00	0.00
LBC	151	33.11	15.89	15.89	35.10	0.00	0.00
# ACGT raw counters for last fragments. Use `grep ^LTC | cut -f 2-` to extract this part. The columns are: A,C,G,T,N base counters
LTC	8778	4487	4364	8566	6
# Insert sizes. Use `grep ^IS | cut -f 2-` to extract this part. The columns are: insert size, pairs total, inward oriented pairs, outward oriented pairs, other pairs
IS	0	0	0	0	0
IS	1	0	0	0	0
IS	2	0	0	0	0
IS	3	0	0	0	0
IS	4	0	0	0	0
IS	5	0	0	0	0
IS	6	0	0	0	0
IS	7	0	0	0	0
IS	8	0	0	0	0
IS	9	0	0	0	0
IS	10	0	0	0	0
IS	11	0	0	0	0
IS	12	0	0	0	0
IS	13	0	0	0	0
IS	14	0	0	0	0
IS	15	0	0	0	0
IS	16	0	0	0	0
IS	17	0	0	0	0
IS	18	0	0	0	0
IS	19	0	0	0	0
IS	20	0	0	0	0
IS	21	0	0	0	0
IS	22	0	0	0	0
IS	23	0	0	0	0
IS	24	0	0	0	0
IS	25	0	0	0	0
IS	26	0	0	0	0
IS	27	0	0	0	0
IS	28	0	0	0	0
IS	29	0	0	0	0
IS	30	0	0	0	0
IS	31	0	0	0	0
IS	32	0	0	0	0
IS	33	0	0	0	0
IS	34	0	0	0	0
IS	35	0	0	0	0
IS	36	0	0	0	0
IS	37	0	0	0	0
IS	38	0	0	0	0
IS	39	0	0	0	0
IS	40	0	0	0	0
IS	41	0	0	0	0
IS	42	0	0	0	0
IS	43	0	0	0	0
IS	44	0	0	0	0
IS	45	0	0	0	0
IS	46	0	0	0	0
IS	47	0	0	0	0
IS	48	0	0	0	0
IS	49	0	0	0	0
IS	50	0	0	0	0
IS	51	0	0	0	0
IS	52	0	0	0	0
IS	53	0	0	0	0
IS	54	0	0	0	0
IS	55	0	0	0	0
IS	56	0	0	0	0
IS	57	0	0	0	0
IS	58	0	0	0	0
IS	59	0	0	0	0
IS	60	0	0	0	0
IS	61	0	0	0	0
IS	62	0	0	0	0
IS	63	0	0	0	0
IS	64	0	0	0	0
IS	65	0	0	0	0
IS	66	0	0	0	0
IS	67	0	0	0	0
IS	68	0	0	0	0
IS	69	0	0	0	0
IS	70	0	0	0	0
IS	71	0	0	0	0
IS	72	0	0	0	0
IS	73	0	0	0	0
IS	74	0	0	0	0
IS	75	0	0	0	0
IS	76	0	0	0	0
IS	77	0	0	0	0
IS	78	0	0	0	0
IS	79	0	0	0	0
IS	80	0	0	0	0
IS	81	0	0	0	0
IS	82	0	0	0	0
IS	83	0	0	0	0
IS	84	0	0	0	0
IS	85	0	0	0	0
IS	86	0	0	0	0
IS	87	0	0	0	0
IS	88	0	0	0	0
IS	89	0	0	0	0
IS	90	0	0	0	0
IS	91	0	0	0	0
IS	92	0	0	0	0
IS	93	0	0	0	0
IS	94	0	0	0	0
IS	95	0	0	0	0
IS	96	0	0	0	0
IS	97	0	0	0	0
IS	98	0	0	0	0
IS	99	0	0	0	0
IS	100	0	0	0	0
IS	101	0	0	0	0
IS	102	0	0	0	0
IS	103	0	0	0	0
IS	104	0	0	0	0
IS	105	0	0	0	0
IS	106	0	0	0	0
IS	107	0	0	0	0
IS	108	0	0	0	0
IS	109	0	0	0	0
IS	110	0	0	0	0
IS	111	0	0	0	0
IS	112	0	0	0	0
IS	113	0	0	0	0
IS	114	0	0	0	0
IS	115	0	0	0	0
IS	116	0	0	0	0
IS	117	0	0	0	0
IS	118	0	0	0	0
IS	119	0	0	0	0
IS	120	0	0	0	0
IS	121	0	0	0	0
IS	122	0	0	0	0
IS	123	0	0	0	0
IS	124	0	0	0	0
IS	125	0	0	0	0
IS	126	0	0	0	0
IS	127	0	0	0	0
IS	128	0	0	0	0
IS	129	0	0	0	0
IS	130	1	0	1	0
IS	131	0	0	0	0
IS	132	0	0	0	0
IS	133	0	0	0	0
IS	134	0	0	0	0
IS	135	0	0	0	0
IS	136	0	0	0	0
IS	137	0	0	0	0
IS	138	0	0	0	0
IS	139	0	0	0	0
IS	140	0	0	0	0
IS	141	0	0	0	0
IS	142	0	0	0	0
IS	143	0	0	0	0
IS	144	0	0	0	0
IS	145	0	0	0	0
IS	146	0	0	0	0
IS	147	0	0	0	0
IS	148	0	0	0	0
IS	149	0	0	0	0
IS	150	0	0	0	0
IS	151	0	0	0	0
IS	152	0	0	0	0
IS	153	0	0	0	0
IS	154	0	0	0	0
IS	155	0	0	0	0
IS	156	0	0	0	0
IS	157	0	0	0	0
IS	158	0	0	0	0
IS	159	0	0	0	0
IS	160	0	0	0	0
IS	161	0	0	0	0
IS	162	0	0	0	0
IS	163	0	0	0	0
IS	164	0	0	0	0
IS	165	0	0	0	0
IS	166	0	0	0	0
IS	167	0	0	0	0
IS	168	0	0	0	0
IS	169	0	0	0	0
IS	170	0	0	0	0
IS	171	0	0	0	0
IS	172	0	0	0	0
IS	173	0	0	0	0
IS	174	0	0	0	0
IS	175	0	0	0	0
IS	176	0	0	0	0
IS	177	0	0	0	0
IS	178	0	0	0	0
IS	179	0	0	0	0
IS	180	0	0	0	0
IS	181	0	0	0	0
IS	182	0	0	0	0
IS	183	0	0	0	0
IS	184	0	0	0	0
IS	185	0	0	0	0
IS	186	0	0	0	0
IS	187	0	0	0	0
IS	188	0	0	0	0
IS	189	0	0	0	0
IS	190	0	0	0	0
IS	191	0	0	0	0
IS	192	0	0	0	0
IS	193	0	0	0	0
IS	194	0	0	0	0
IS	195	1	1	0	0
IS	196	0	0	0	0
IS	197	0	0	0	0
IS	198	0	0	0	0
IS	199	0	0	0	0
IS	200	0	0	0	0
IS	201	0	0	0	0
IS	202	0	0	0	0
IS	203	0	0	0	0
IS	204	0	0	0	0
IS	205	1	1	0	0
IS	206	0	0	0	0
IS	207	0	0	0	0
IS	208	0	0	0	0
IS	209	0	0	0	0
IS	210	0	0	0	0
IS	211	0	0	0	0
IS	212	3	3	0	0
IS	213	0	0	0	0
IS	214	0	0	0	0
IS	215	0	0	0	0
IS	216	0	0	0	0
IS	217	1	1	0	0
IS	218	0	0	0	0
IS	219	2	2	0	0
IS	220	0	0	0	0
IS	221	0	0	0	0
IS	222	1	1	0	0
IS	223	0	0	0	0
IS	224	1	1	0	0
IS	225	0	0	0	0
IS	226	0	0	0	0
IS	227	0	0	0	0
IS	228	1	1	0	0
IS	229	1	1	0	0
IS	230	0	0	0	0
IS	231	0	0	0	0
IS	232	2	2	0	0
IS	233	0	0	0	0
IS	234	0	0	0	0
IS	235	1	1	0	0
IS	236	2	2	0	0
IS	237	0	0	0	0
IS	238	0	0	0	0
IS	239	1	1	0	0
IS	240	0	0	0	0
IS	241	2	2	0	0
IS	242	0	0	0	0
IS	243	0	0	0	0
IS	244	1	1	0	0
IS	245	2	2	0	0
IS	246	1	1	0	0
IS	247	1	1	0	0
IS	248	0	0	0	0
IS	249	1	1	0	0
IS	250	0	0	0	0
IS	251	0	0	0	0
IS	252	2	2	0	0
IS	253	0	0	0	0
IS	254	1	1	0	0
IS	255	0	0	0	0
IS	256	0	0	0	0
IS	257	0	0	0	0
IS	258	0	0	0	0
IS	259	0	0	0	0
IS	260	1	1	0	0
IS	261	0	0	0	0
IS	262	0	0	0	0
IS	263	0	0	0	0
IS	264	0	0	0	0
IS	265	0	0	0	0
IS	266	0	0	0	0
IS	267	0	0	0	0
IS	268	0	0	0	0
IS	269	0	0	0	0
IS	270	1	1	0	0
IS	271	0	0	0	0
IS	272	1	1	0	0
IS	273	0	0	0	0
IS	274	1	1	0	0
IS	275	0	0	0	0
IS	276	1	1	0	0
IS	277	1	1	0	0
IS	278	0	0	0	0
IS	279	0	0	0	0
IS	280	0	0	0	0
IS	281	2	2	0	0
IS	282	0	0	0	0
IS	283	1	1	0	0
IS	284	2	2	0	0
IS	285	0	0	0	0
IS	286	0	0	0	0
IS	287	0	0	0	0
IS	288	0	0	0	0
IS	289	0	0	0	0
IS	290	3	3	0	0
IS	291	0	0	0	0
IS	292	2	2	0	0
IS	293	1	1	0	0
IS	294	0	0	0	0
IS	295	1	1	0	0
IS	296	0	0	0	0
IS	297	1	1	0	0
IS	298	0	0	0	0
IS	299	0	0	0	0
IS	300	2	2	0	0
IS	301	0	0	0	0
IS	302	3	3	0	0
IS	303	1	1	0	0
IS	304	3	3	0	0
IS	305	1	1	0	0
IS	306	1	1	0	0
IS	307	2	2	0	0
IS	308	2	2	0	0
IS	309	0	0	0	0
IS	310	1	1	0	0
IS	311	1	1	0	0
IS	312	0	0	0	0
IS	313	0	0	0	0
IS	314	0	0	0	0
IS	315	0	0	0	0
IS	316	0	0	0	0
IS	317	0	0	0	0
IS	318	1	1	0	0
IS	319	0	0	0	0
IS	320	1	1	0	0
IS	321	0	0	0	0
IS	322	0	0	0	0
IS	323	0	0	0	0
IS	324	2	2	0	0
IS	325	0	0	0	0
IS	326	0	0	0	0
IS	327	0	0	0	0
IS	328	0	0	0	0
IS	329	1	1	0	0
IS	330	0	0	0	0
IS	331	3	3	0	0
IS	332	2	2	0	0
IS	333	1	1	0	0
IS	334	0	0	0	0
IS	335	1	1	0	0
IS	336	0	0	0	0
IS	337	0	0	0	0
IS	338	0	0	0	0
IS	339	0	0	0	0
IS	340	0	0	0	0
IS	341	0	0	0	0
IS	342	0	0	0	0
IS	343	0	0	0	0
IS	344	0	0	0	0
IS	345	2	2	0	0
IS	346	0	0	0	0
IS	347	1	1	0	0
IS	348	1	1	0	0
IS	349	0	0	0	0
IS	350	2	2	0	0
IS	351	0	0	0	0
IS	352	0	0	0	0
IS	353	1	1	0	0
IS	354	0	0	0	0
IS	355	2	2	0	0
IS	356	1	1	0	0
IS	357	0	0	0	0
IS	358	1	1	0	0
IS	359	1	1	0	0
IS	360	2	2	0	0
IS	361	1	1	0	0
IS	362	0	0	0	0
IS	363	0	0	0	0
IS	364	2	2	0	0
IS	365	1	1	0	0
IS	366	0	0	0	0
IS	367	0	0	0	0
IS	368	1	1	0	0
IS	369	0	0	0	0
IS	370	1	1	0	0
IS	371	3	3	0	0
IS	372	1	1	0	0
IS	373	1	1	0	0
IS	374	1	1	0	0
IS	375	0	0	0	0
IS	376	1	1	0	0
IS	377	0	0	0	0
IS	378	0	0	0	0
IS	379	2	2	0	0
IS	380	0	0	0	0
IS	381	0	0	0	0
IS	382	1	1	0	0
IS	383	0	0	0	0
IS	384	0	0	0	0
IS	385	0	0	0	0
IS	386	1	1	0	0
IS	387	1	1	0	0
IS	388	0	0	0	0
IS	389	1	1	0	0
IS	390	0	0	0	0
IS	391	0	0	0	0
IS	392	0	0	0	0
IS	393	0	0	0	0
IS	394	1	1	0	0
IS	395	0	0	0	0
IS	396	1	1	0	0
IS	397	1	1	0	0
IS	398	1	1	0	0
IS	399	0	0	0	0
IS	400	0	0	0	0
IS	401	0	0	0	0
IS	402	1	1	0	0
IS	403	0	0	0	0
IS	404	0	0	0	0
IS	405	0	0	0	0
IS	406	0	0	0	0
IS	407	1	1	0	0
IS	408	0	0	0	0
IS	409	0	0	0	0
IS	410	0	0	0	0
IS	411	0	0	0	0
IS	412	0	0	0	0
IS	413	0	0	0	0
IS	414	3	3	0	0
IS	415	0	0	0	0
IS	416	0	0	0	0
IS	417	1	1	0	0
IS	418	0	0	0	0
IS	419	1	1	0	0
IS	420	0	0	0	0
IS	421	0	0	0	0
IS	422	1	1	0	0
IS	423	0	0	0	0
IS	424	0	0	0	0
IS	425	1	1	0	0
IS	426	1	1	0	0
IS	427	0	0	0	0
IS	428	0	0	0	0
IS	429	0	0	0	0
IS	430	0	0	0	0
IS	431	1	1	0	0
IS	432	2	2	0	0
IS	433	3	3	0	0
IS	434	0	0	0	0
IS	435	1	1	0	0
IS	436	1	1	0	0
IS	437	2	2	0	0
IS	438	0	0	0	0
IS	439	1	1	0	0
IS	440	2	2	0	0
IS	441	0	0	0	0
IS	442	0	0	0	0
IS	443	0	0	0	0
IS	444	1	1	0	0
IS	445	1	1	0	0
IS	446	1	1	0	0
IS	447	0	0	0	0
IS	448	0	0	0	0
IS	449	3	3	0	0
IS	450	0	0	0	0
IS	451	0	0	0	0
IS	452	1	1	0	0
IS	453	2	2	0	0
IS	454	0	0	0	0
IS	455	0	0	0	0
IS	456	1	1	0	0
IS	457	3	3	0	0
IS	458	3	3	0	0
IS	459	1	1	0	0
IS	460	0	0	0	0
IS	461	0	0	0	0
IS	462	0	0	0	0
IS	463	0	0	0	0
IS	464	0	0	0	0
IS	465	0	0	0	0
IS	466	0	0	0	0
IS	467	0	0	0	0
IS	468	1	1	0	0
IS	469	0	0	0	0
IS	470	0	0	0	0
IS	471	1	1	0	0
IS	472	0	0	0	0
IS	473	1	1	0	0
IS	474	1	1	0	0
IS	475	0	0	0	0
IS	476	1	1	0	0
IS	477	5	5	0	0
# Read lengths. Use `grep ^RL | cut -f 2-` to extract this part. The columns are: read length, count
RL	129	2
RL	140	1
RL	144	1
RL	147	1
RL	148	11
RL	149	3
RL	150	19
RL	151	331
# Read lengths - first fragments. Use `grep ^FRL | cut -f 2-` to extract this part. The columns are: read length, count
FRL	129	1
FRL	148	7
FRL	149	1
FRL	150	6
FRL	151	180
# Read lengths - last fragments. Use `grep ^LRL | cut -f 2-` to extract this part. The columns are: read length, count
LRL	129	1
LRL	140	1
LRL	144	1
LRL	147	1
LRL	148	4
LRL	149	2
LRL	150	13
LRL	151	151
# Mapping qualities for reads !(UNMAP|SECOND|SUPPL|QCFAIL|DUP). Use `grep ^MAPQ | cut -f 2-` to extract this part. The columns are: mapq, count
MAPQ	0	6
MAPQ	1	1
MAPQ	255	362
# Indel distribution. Use `grep ^ID | cut -f 2-` to extract this part. The columns are: length, number of insertions, number of deletions
ID	1	1	5
# Indels per cycle. Use `grep ^IC | cut -f 2-` to extract this part. The columns are: cycle, number of insertions (fwd), .. (rev) , number of deletions (fwd), .. (rev)
IC	5	0	0	1	0
IC	37	0	0	0	1
IC	118	0	0	1	0
IC	129	1	0	0	0
IC	134	0	0	1	0
IC	147	0	0	0	1
# Coverage distribution. Use `grep ^COV | cut -f 2-` to extract this part.
COV	[1-1]	1	34867
COV	[2-2]	2	8761
COV	[3-3]	3	755
COV	[4-4]	4	235
# GC-depth. Use `grep ^GCD | cut -f 2-` to extract this part. The columns are: GC%, unique sequence percentiles, 10th, 25th, 50th, 75th and 90th depth percentile
GCD	0.0	2.857	0.000	0.000	0.000	0.000	0.000
GCD	2.3	4.286	0.045	0.045	0.045	0.045	0.045
GCD	24.0	7.143	0.008	0.008	0.011	0.015	0.015
GCD	26.0	8.571	0.015	0.015	0.015	0.015	0.015
GCD	27.0	11.429	0.015	0.015	0.026	0.038	0.038
GCD	28.0	17.143	0.015	0.017	0.034	0.045	0.045
GCD	29.0	20.000	0.023	0.023	0.034	0.045	0.045
GCD	30.0	22.857	0.045	0.045	0.064	0.083	0.083
GCD	31.0	30.000	0.008	0.015	0.030	0.045	0.045
GCD	32.0	41.429	0.023	0.032	0.053	0.072	0.075
GCD	33.0	48.571	0.015	0.026	0.045	0.056	0.060
GCD	34.0	64.286	0.015	0.023	0.045	0.083	0.096
GCD	35.0	74.286	0.015	0.023	0.023	0.030	0.060
GCD	36.0	87.143	0.023	0.030	0.045	0.068	0.098
GCD	37.0	92.857	0.030	0.030	0.038	0.045	0.045
GCD	38.0	97.143	0.015	0.015	0.045	0.053	0.053
GCD	39.0	98.571	0.045	0.045	0.045	0.045	0.045
GCD	40.0	100.000	0.045	0.045	0.045	0.045	0.045
