# This file was produced by samtools stats (1.21+htslib-1.21) and can be plotted using plot-bamstats
# This file contains statistics for all reads.
# The command line was:  stats NC.Staphy1.11H_sorted.bam
# CHK, Checksum	[2]Read Names	[3]Sequences	[4]Qualities
# CHK, CRC32 of reads which passed filtering followed by addition (32bit overflow)
CHK	75267766	66ecd2f9	5c8db164
# Summary Numbers. Use `grep ^SN | cut -f 2-` to extract this part.
SN	raw total sequences:	2624	# excluding supplementary and secondary reads
SN	filtered sequences:	0
SN	sequences:	2624
SN	is sorted:	1
SN	1st fragments:	1312
SN	last fragments:	1312
SN	reads mapped:	1337
SN	reads mapped and paired:	1296	# paired-end technology bit set + both mates mapped
SN	reads unmapped:	1287
SN	reads properly paired:	1294	# proper-pair bit set
SN	reads paired:	2624	# paired-end technology bit set
SN	reads duplicated:	0	# PCR or optical duplicate bit set
SN	reads MQ0:	27	# mapped and MQ=0
SN	reads QC failed:	0
SN	non-primary alignments:	0
SN	supplementary alignments:	0
SN	total length:	394002	# ignores clipping
SN	total first fragment length:	197552	# ignores clipping
SN	total last fragment length:	196450	# ignores clipping
SN	bases mapped:	201493	# ignores clipping
SN	bases mapped (cigar):	201493	# more accurate
SN	bases trimmed:	0
SN	bases duplicated:	0
SN	mismatches:	4624	# from NM fields
SN	error rate:	2.294869e-02	# mismatches / bases mapped (cigar)
SN	average length:	150
SN	average first fragment length:	151
SN	average last fragment length:	150
SN	maximum length:	151
SN	maximum first fragment length:	151
SN	maximum last fragment length:	151
SN	average quality:	37.1
SN	insert size average:	342.0
SN	insert size standard deviation:	80.5
SN	inward oriented pairs:	648
SN	outward oriented pairs:	0
SN	pairs with other orientation:	0
SN	pairs on different chromosomes:	0
SN	percentage of properly paired reads (%):	49.3
# First Fragment Qualities. Use `grep ^FFQ | cut -f 2-` to extract this part.
# Columns correspond to qualities and rows to cycles. First column is the cycle number.
FFQ	1	0	0	2	0	0	0	0	0	0	0	0	0	25	0	0	0	0	0	0	0	0	0	0	0	0	0	0	37	0	0	0	0	1248	0	0	0	0	0	0	0	0	0	0
FFQ	2	0	0	0	0	0	0	0	0	0	0	0	0	19	0	0	0	0	0	0	0	0	0	0	0	0	0	0	37	0	0	0	0	1256	0	0	0	0	0	0	0	0	0	0
FFQ	3	0	0	0	0	0	0	0	0	0	0	0	0	19	0	0	0	0	0	0	0	0	0	0	0	0	0	0	30	0	0	0	0	252	0	0	0	0	1011	0	0	0	0	0
FFQ	4	0	0	0	0	0	0	0	0	0	0	0	0	12	0	0	0	0	0	0	0	0	0	1	0	0	0	0	37	0	0	0	0	109	0	0	0	0	1153	0	0	0	0	0
FFQ	5	0	0	0	0	0	0	0	0	0	0	0	0	16	0	0	0	0	0	0	0	0	0	5	0	0	0	0	20	0	0	0	0	58	0	0	0	0	1213	0	0	0	0	0
FFQ	6	0	0	0	0	0	0	0	0	0	0	0	0	15	0	0	0	0	0	0	0	0	0	1	0	0	0	0	21	0	0	0	0	53	0	0	0	0	125	0	0	0	1097	0
FFQ	7	0	0	0	0	0	0	0	0	0	0	0	0	10	0	0	0	0	0	0	0	0	0	7	0	0	0	0	13	0	0	0	0	35	0	0	0	0	133	0	0	0	1114	0
FFQ	8	0	0	0	0	0	0	0	0	0	0	0	0	8	0	0	0	0	0	0	0	0	0	9	0	0	0	0	13	0	0	0	0	51	0	0	0	0	111	0	0	0	1120	0
FFQ	9	0	0	0	0	0	0	0	0	0	0	0	0	4	0	0	0	0	0	0	0	0	0	3	0	0	0	0	9	0	0	0	0	32	0	0	0	0	106	0	0	0	1158	0
FFQ	10	0	0	0	0	0	0	0	0	0	0	0	0	7	0	0	0	0	0	0	0	0	0	6	0	0	0	0	12	0	0	0	0	39	0	0	0	0	96	0	0	0	1152	0
FFQ	11	0	0	0	0	0	0	0	0	0	0	0	0	11	0	0	0	0	0	0	0	0	0	7	0	0	0	0	5	0	0	0	0	45	0	0	0	0	95	0	0	0	1149	0
FFQ	12	0	0	0	0	0	0	0	0	0	0	0	0	13	0	0	0	0	0	0	0	0	0	8	0	0	0	0	13	0	0	0	0	36	0	0	0	0	107	0	0	0	1135	0
FFQ	13	0	0	0	0	0	0	0	0	0	0	0	0	5	0	0	0	0	0	0	0	0	0	8	0	0	0	0	22	0	0	0	0	48	0	0	0	0	102	0	0	0	1127	0
FFQ	14	0	0	0	0	0	0	0	0	0	0	0	0	8	0	0	0	0	0	0	0	0	0	8	0	0	0	0	7	0	0	0	0	37	0	0	0	0	108	0	0	0	1144	0
FFQ	15	0	0	0	0	0	0	0	0	0	0	0	0	17	0	0	0	0	0	0	0	0	0	6	0	0	0	0	12	0	0	0	0	40	0	0	0	0	101	0	0	0	1136	0
FFQ	16	0	0	0	0	0	0	0	0	0	0	0	0	12	0	0	0	0	0	0	0	0	0	9	0	0	0	0	12	0	0	0	0	45	0	0	0	0	116	0	0	0	1118	0
FFQ	17	0	0	0	0	0	0	0	0	0	0	0	0	8	0	0	0	0	0	0	0	0	0	8	0	0	0	0	13	0	0	0	0	36	0	0	0	0	107	0	0	0	1140	0
FFQ	18	0	0	0	0	0	0	0	0	0	0	0	0	9	0	0	0	0	0	0	0	0	0	12	0	0	0	0	12	0	0	0	0	31	0	0	0	0	104	0	0	0	1144	0
FFQ	19	0	0	0	0	0	0	0	0	0	0	0	0	10	0	0	0	0	0	0	0	0	0	11	0	0	0	0	15	0	0	0	0	42	0	0	0	0	95	0	0	0	1139	0
FFQ	20	0	0	0	0	0	0	0	0	0	0	0	0	9	0	0	0	0	0	0	0	0	0	9	0	0	0	0	12	0	0	0	0	38	0	0	0	0	102	0	0	0	1142	0
FFQ	21	0	0	0	0	0	0	0	0	0	0	0	0	11	0	0	0	0	0	0	0	0	0	13	0	0	0	0	19	0	0	0	0	34	0	0	0	0	119	0	0	0	1116	0
FFQ	22	0	0	0	0	0	0	0	0	0	0	0	0	12	0	0	0	0	0	0	0	0	0	9	0	0	0	0	18	0	0	0	0	33	0	0	0	0	97	0	0	0	1143	0
FFQ	23	0	0	0	0	0	0	0	0	0	0	0	0	15	0	0	0	0	0	0	0	0	0	9	0	0	0	0	11	0	0	0	0	43	0	0	0	0	115	0	0	0	1119	0
FFQ	24	0	0	0	0	0	0	0	0	0	0	0	0	17	0	0	0	0	0	0	0	0	0	17	0	0	0	0	22	0	0	0	0	35	0	0	0	0	103	0	0	0	1118	0
FFQ	25	0	0	0	0	0	0	0	0	0	0	0	0	19	0	0	0	0	0	0	0	0	0	13	0	0	0	0	18	0	0	0	0	36	0	0	0	0	121	0	0	0	1105	0
FFQ	26	0	0	0	0	0	0	0	0	0	0	0	0	22	0	0	0	0	0	0	0	0	0	14	0	0	0	0	16	0	0	0	0	46	0	0	0	0	114	0	0	0	1100	0
FFQ	27	0	0	1	0	0	0	0	0	0	0	0	0	29	0	0	0	0	0	0	0	0	0	8	0	0	0	0	18	0	0	0	0	35	0	0	0	0	106	0	0	0	1115	0
FFQ	28	0	0	0	0	0	0	0	0	0	0	0	0	19	0	0	0	0	0	0	0	0	0	20	0	0	0	0	25	0	0	0	0	41	0	0	0	0	101	0	0	0	1106	0
FFQ	29	0	0	0	0	0	0	0	0	0	0	0	0	21	0	0	0	0	0	0	0	0	0	11	0	0	0	0	21	0	0	0	0	32	0	0	0	0	105	0	0	0	1122	0
FFQ	30	0	0	0	0	0	0	0	0	0	0	0	0	31	0	0	0	0	0	0	0	0	0	13	0	0	0	0	18	0	0	0	0	27	0	0	0	0	108	0	0	0	1115	0
FFQ	31	0	0	0	0	0	0	0	0	0	0	0	0	29	0	0	0	0	0	0	0	0	0	15	0	0	0	0	23	0	0	0	0	22	0	0	0	0	112	0	0	0	1111	0
FFQ	32	0	0	0	0	0	0	0	0	0	0	0	0	22	0	0	0	0	0	0	0	0	0	19	0	0	0	0	23	0	0	0	0	31	0	0	0	0	116	0	0	0	1101	0
FFQ	33	0	0	0	0	0	0	0	0	0	0	0	0	18	0	0	0	0	0	0	0	0	0	14	0	0	0	0	27	0	0	0	0	38	0	0	0	0	108	0	0	0	1107	0
FFQ	34	0	0	0	0	0	0	0	0	0	0	0	0	17	0	0	0	0	0	0	0	0	0	8	0	0	0	0	28	0	0	0	0	27	0	0	0	0	131	0	0	0	1101	0
FFQ	35	0	0	0	0	0	0	0	0	0	0	0	0	22	0	0	0	0	0	0	0	0	0	11	0	0	0	0	28	0	0	0	0	34	0	0	0	0	101	0	0	0	1116	0
FFQ	36	0	0	0	0	0	0	0	0	0	0	0	0	26	0	0	0	0	0	0	0	0	0	20	0	0	0	0	26	0	0	0	0	42	0	0	0	0	114	0	0	0	1084	0
FFQ	37	0	0	0	0	0	0	0	0	0	0	0	0	29	0	0	0	0	0	0	0	0	0	15	0	0	0	0	28	0	0	0	0	31	0	0	0	0	115	0	0	0	1094	0
FFQ	38	0	0	0	0	0	0	0	0	0	0	0	0	27	0	0	0	0	0	0	0	0	0	19	0	0	0	0	21	0	0	0	0	28	0	0	0	0	130	0	0	0	1087	0
FFQ	39	0	0	0	0	0	0	0	0	0	0	0	0	35	0	0	0	0	0	0	0	0	0	15	0	0	0	0	24	0	0	0	0	32	0	0	0	0	134	0	0	0	1072	0
FFQ	40	0	0	1	0	0	0	0	0	0	0	0	0	27	0	0	0	0	0	0	0	0	0	25	0	0	0	0	30	0	0	0	0	37	0	0	0	0	119	0	0	0	1073	0
FFQ	41	0	0	0	0	0	0	0	0	0	0	0	0	29	0	0	0	0	0	0	0	0	0	16	0	0	0	0	29	0	0	0	0	31	0	0	0	0	142	0	0	0	1065	0
FFQ	42	0	0	0	0	0	0	0	0	0	0	0	0	38	0	0	0	0	0	0	0	0	0	17	0	0	0	0	36	0	0	0	0	32	0	0	0	0	117	0	0	0	1072	0
FFQ	43	0	0	0	0	0	0	0	0	0	0	0	0	33	0	0	0	0	0	0	0	0	0	22	0	0	0	0	31	0	0	0	0	33	0	0	0	0	115	0	0	0	1078	0
FFQ	44	0	0	1	0	0	0	0	0	0	0	0	0	34	0	0	0	0	0	0	0	0	0	25	0	0	0	0	28	0	0	0	0	33	0	0	0	0	125	0	0	0	1066	0
FFQ	45	0	0	0	0	0	0	0	0	0	0	0	0	27	0	0	0	0	0	0	0	0	0	14	0	0	0	0	25	0	0	0	0	35	0	0	0	0	124	0	0	0	1087	0
FFQ	46	0	0	2	0	0	0	0	0	0	0	0	0	35	0	0	0	0	0	0	0	0	0	21	0	0	0	0	27	0	0	0	0	26	0	0	0	0	123	0	0	0	1078	0
FFQ	47	0	0	0	0	0	0	0	0	0	0	0	0	35	0	0	0	0	0	0	0	0	0	12	0	0	0	0	31	0	0	0	0	44	0	0	0	0	116	0	0	0	1074	0
FFQ	48	0	0	1	0	0	0	0	0	0	0	0	0	29	0	0	0	0	0	0	0	0	0	26	0	0	0	0	35	0	0	0	0	39	0	0	0	0	122	0	0	0	1060	0
FFQ	49	0	0	0	0	0	0	0	0	0	0	0	0	43	0	0	0	0	0	0	0	0	0	20	0	0	0	0	30	0	0	0	0	33	0	0	0	0	126	0	0	0	1060	0
FFQ	50	0	0	0	0	0	0	0	0	0	0	0	0	36	0	0	0	0	0	0	0	0	0	18	0	0	0	0	47	0	0	0	0	31	0	0	0	0	116	0	0	0	1064	0
FFQ	51	0	0	0	0	0	0	0	0	0	0	0	0	42	0	0	0	0	0	0	0	0	0	19	0	0	0	0	28	0	0	0	0	50	0	0	0	0	116	0	0	0	1057	0
FFQ	52	0	0	0	0	0	0	0	0	0	0	0	0	41	0	0	0	0	0	0	0	0	0	23	0	0	0	0	27	0	0	0	0	36	0	0	0	0	144	0	0	0	1041	0
FFQ	53	0	0	0	0	0	0	0	0	0	0	0	0	39	0	0	0	0	0	0	0	0	0	23	0	0	0	0	34	0	0	0	0	30	0	0	0	0	134	0	0	0	1052	0
FFQ	54	0	0	0	0	0	0	0	0	0	0	0	0	38	0	0	0	0	0	0	0	0	0	27	0	0	0	0	33	0	0	0	0	34	0	0	0	0	117	0	0	0	1063	0
FFQ	55	0	0	0	0	0	0	0	0	0	0	0	0	37	0	0	0	0	0	0	0	0	0	26	0	0	0	0	20	0	0	0	0	39	0	0	0	0	122	0	0	0	1068	0
FFQ	56	0	0	0	0	0	0	0	0	0	0	0	0	34	0	0	0	0	0	0	0	0	0	11	0	0	0	0	28	0	0	0	0	39	0	0	0	0	133	0	0	0	1067	0
FFQ	57	0	0	0	0	0	0	0	0	0	0	0	0	45	0	0	0	0	0	0	0	0	0	17	0	0	0	0	28	0	0	0	0	32	0	0	0	0	132	0	0	0	1058	0
FFQ	58	0	0	0	0	0	0	0	0	0	0	0	0	37	0	0	0	0	0	0	0	0	0	27	0	0	0	0	23	0	0	0	0	42	0	0	0	0	158	0	0	0	1025	0
FFQ	59	0	0	0	0	0	0	0	0	0	0	0	0	44	0	0	0	0	0	0	0	0	0	21	0	0	0	0	39	0	0	0	0	44	0	0	0	0	132	0	0	0	1032	0
FFQ	60	0	0	0	0	0	0	0	0	0	0	0	0	41	0	0	0	0	0	0	0	0	0	26	0	0	0	0	37	0	0	0	0	32	0	0	0	0	161	0	0	0	1015	0
FFQ	61	0	0	0	0	0	0	0	0	0	0	0	0	35	0	0	0	0	0	0	0	0	0	33	0	0	0	0	30	0	0	0	0	47	0	0	0	0	120	0	0	0	1047	0
FFQ	62	0	0	0	0	0	0	0	0	0	0	0	0	41	0	0	0	0	0	0	0	0	0	25	0	0	0	0	28	0	0	0	0	32	0	0	0	0	144	0	0	0	1042	0
FFQ	63	0	0	0	0	0	0	0	0	0	0	0	0	40	0	0	0	0	0	0	0	0	0	17	0	0	0	0	25	0	0	0	0	46	0	0	0	0	147	0	0	0	1037	0
FFQ	64	0	0	0	0	0	0	0	0	0	0	0	0	40	0	0	0	0	0	0	0	0	0	25	0	0	0	0	36	0	0	0	0	43	0	0	0	0	132	0	0	0	1036	0
FFQ	65	0	0	0	0	0	0	0	0	0	0	0	0	45	0	0	0	0	0	0	0	0	0	17	0	0	0	0	38	0	0	0	0	38	0	0	0	0	153	0	0	0	1021	0
FFQ	66	0	0	0	0	0	0	0	0	0	0	0	0	49	0	0	0	0	0	0	0	0	0	21	0	0	0	0	39	0	0	0	0	44	0	0	0	0	129	0	0	0	1030	0
FFQ	67	0	0	0	0	0	0	0	0	0	0	0	0	41	0	0	0	0	0	0	0	0	0	23	0	0	0	0	38	0	0	0	0	35	0	0	0	0	126	0	0	0	1049	0
FFQ	68	0	0	0	0	0	0	0	0	0	0	0	0	54	0	0	0	0	0	0	0	0	0	25	0	0	0	0	28	0	0	0	0	41	0	0	0	0	131	0	0	0	1033	0
FFQ	69	0	0	0	0	0	0	0	0	0	0	0	0	41	0	0	0	0	0	0	0	0	0	30	0	0	0	0	31	0	0	0	0	65	0	0	0	0	137	0	0	0	1008	0
FFQ	70	0	0	0	0	0	0	0	0	0	0	0	0	47	0	0	0	0	0	0	0	0	0	23	0	0	0	0	27	0	0	0	0	52	0	0	0	0	154	0	0	0	1009	0
FFQ	71	0	0	0	0	0	0	0	0	0	0	0	0	52	0	0	0	0	0	0	0	0	0	22	0	0	0	0	36	0	0	0	0	48	0	0	0	0	130	0	0	0	1024	0
FFQ	72	0	0	0	0	0	0	0	0	0	0	0	0	49	0	0	0	0	0	0	0	0	0	28	0	0	0	0	29	0	0	0	0	41	0	0	0	0	135	0	0	0	1030	0
FFQ	73	0	0	0	0	0	0	0	0	0	0	0	0	42	0	0	0	0	0	0	0	0	0	31	0	0	0	0	32	0	0	0	0	56	0	0	0	0	134	0	0	0	1017	0
FFQ	74	0	0	0	0	0	0	0	0	0	0	0	0	53	0	0	0	0	0	0	0	0	0	30	0	0	0	0	36	0	0	0	0	55	0	0	0	0	145	0	0	0	993	0
FFQ	75	0	0	0	0	0	0	0	0	0	0	0	0	62	0	0	0	0	0	0	0	0	0	25	0	0	0	0	37	0	0	0	0	58	0	0	0	0	117	0	0	0	1013	0
FFQ	76	0	0	0	0	0	0	0	0	0	0	0	0	56	0	0	0	0	0	0	0	0	0	25	0	0	0	0	40	0	0	0	0	54	0	0	0	0	118	0	0	0	1019	0
FFQ	77	0	0	0	0	0	0	0	0	0	0	0	0	66	0	0	0	0	0	0	0	0	0	42	0	0	0	0	53	0	0	0	0	101	0	0	0	0	227	0	0	0	823	0
FFQ	78	0	0	0	0	0	0	0	0	0	0	0	0	61	0	0	0	0	0	0	0	0	0	33	0	0	0	0	36	0	0	0	0	74	0	0	0	0	161	0	0	0	947	0
FFQ	79	0	0	0	0	0	0	0	0	0	0	0	0	65	0	0	0	0	0	0	0	0	0	29	0	0	0	0	36	0	0	0	0	52	0	0	0	0	142	0	0	0	988	0
FFQ	80	0	0	0	0	0	0	0	0	0	0	0	0	57	0	0	0	0	0	0	0	0	0	29	0	0	0	0	45	0	0	0	0	48	0	0	0	0	126	0	0	0	1007	0
FFQ	81	0	0	0	0	0	0	0	0	0	0	0	0	63	0	0	0	0	0	0	0	0	0	27	0	0	0	0	41	0	0	0	0	48	0	0	0	0	130	0	0	0	1003	0
FFQ	82	0	0	0	0	0	0	0	0	0	0	0	0	54	0	0	0	0	0	0	0	0	0	28	0	0	0	0	40	0	0	0	0	63	0	0	0	0	120	0	0	0	1007	0
FFQ	83	0	0	0	0	0	0	0	0	0	0	0	0	59	0	0	0	0	0	0	0	0	0	27	0	0	0	0	28	0	0	0	0	61	0	0	0	0	106	0	0	0	1031	0
FFQ	84	0	0	0	0	0	0	0	0	0	0	0	0	64	0	0	0	0	0	0	0	0	0	34	0	0	0	0	36	0	0	0	0	54	0	0	0	0	112	0	0	0	1012	0
FFQ	85	0	0	0	0	0	0	0	0	0	0	0	0	54	0	0	0	0	0	0	0	0	0	36	0	0	0	0	26	0	0	0	0	68	0	0	0	0	122	0	0	0	1006	0
FFQ	86	0	0	0	0	0	0	0	0	0	0	0	0	49	0	0	0	0	0	0	0	0	0	39	0	0	0	0	35	0	0	0	0	62	0	0	0	0	117	0	0	0	1010	0
FFQ	87	0	0	0	0	0	0	0	0	0	0	0	0	51	0	0	0	0	0	0	0	0	0	29	0	0	0	0	30	0	0	0	0	64	0	0	0	0	140	0	0	0	998	0
FFQ	88	0	0	0	0	0	0	0	0	0	0	0	0	49	0	0	0	0	0	0	0	0	0	35	0	0	0	0	23	0	0	0	0	71	0	0	0	0	117	0	0	0	1017	0
FFQ	89	0	0	0	0	0	0	0	0	0	0	0	0	49	0	0	0	0	0	0	0	0	0	40	0	0	0	0	38	0	0	0	0	57	0	0	0	0	115	0	0	0	1013	0
FFQ	90	0	0	0	0	0	0	0	0	0	0	0	0	78	0	0	0	0	0	0	0	0	0	37	0	0	0	0	32	0	0	0	0	40	0	0	0	0	117	0	0	0	1008	0
FFQ	91	0	0	0	0	0	0	0	0	0	0	0	0	61	0	0	0	0	0	0	0	0	0	41	0	0	0	0	30	0	0	0	0	55	0	0	0	0	146	0	0	0	979	0
FFQ	92	0	0	0	0	0	0	0	0	0	0	0	0	60	0	0	0	0	0	0	0	0	0	38	0	0	0	0	30	0	0	0	0	66	0	0	0	0	147	0	0	0	971	0
FFQ	93	0	0	0	0	0	0	0	0	0	0	0	0	70	0	0	0	0	0	0	0	0	0	43	0	0	0	0	37	0	0	0	0	57	0	0	0	0	115	0	0	0	990	0
FFQ	94	0	0	0	0	0	0	0	0	0	0	0	0	72	0	0	0	0	0	0	0	0	0	47	0	0	0	0	35	0	0	0	0	52	0	0	0	0	133	0	0	0	973	0
FFQ	95	0	0	0	0	0	0	0	0	0	0	0	0	68	0	0	0	0	0	0	0	0	0	49	0	0	0	0	26	0	0	0	0	59	0	0	0	0	142	0	0	0	968	0
FFQ	96	0	0	0	0	0	0	0	0	0	0	0	0	65	0	0	0	0	0	0	0	0	0	41	0	0	0	0	35	0	0	0	0	60	0	0	0	0	168	0	0	0	943	0
FFQ	97	0	0	0	0	0	0	0	0	0	0	0	0	67	0	0	0	0	0	0	0	0	0	51	0	0	0	0	26	0	0	0	0	54	0	0	0	0	126	0	0	0	988	0
FFQ	98	0	0	0	0	0	0	0	0	0	0	0	0	65	0	0	0	0	0	0	0	0	0	45	0	0	0	0	28	0	0	0	0	65	0	0	0	0	141	0	0	0	968	0
FFQ	99	0	0	0	0	0	0	0	0	0	0	0	0	66	0	0	0	0	0	0	0	0	0	39	0	0	0	0	30	0	0	0	0	68	0	0	0	0	143	0	0	0	966	0
FFQ	100	0	0	0	0	0	0	0	0	0	0	0	0	63	0	0	0	0	0	0	0	0	0	38	0	0	0	0	25	0	0	0	0	72	0	0	0	0	129	0	0	0	985	0
FFQ	101	0	0	0	0	0	0	0	0	0	0	0	0	62	0	0	0	0	0	0	0	0	0	48	0	0	0	0	31	0	0	0	0	69	0	0	0	0	126	0	0	0	976	0
FFQ	102	0	0	0	0	0	0	0	0	0	0	0	0	57	0	0	0	0	0	0	0	0	0	40	0	0	0	0	32	0	0	0	0	61	0	0	0	0	143	0	0	0	979	0
FFQ	103	0	0	0	0	0	0	0	0	0	0	0	0	69	0	0	0	0	0	0	0	0	0	38	0	0	0	0	31	0	0	0	0	68	0	0	0	0	139	0	0	0	967	0
FFQ	104	0	0	0	0	0	0	0	0	0	0	0	0	53	0	0	0	0	0	0	0	0	0	49	0	0	0	0	34	0	0	0	0	61	0	0	0	0	138	0	0	0	977	0
FFQ	105	0	0	0	0	0	0	0	0	0	0	0	0	56	0	0	0	0	0	0	0	0	0	43	0	0	0	0	42	0	0	0	0	72	0	0	0	0	127	0	0	0	972	0
FFQ	106	0	0	0	0	0	0	0	0	0	0	0	0	54	0	0	0	0	0	0	0	0	0	49	0	0	0	0	40	0	0	0	0	66	0	0	0	0	133	0	0	0	969	0
FFQ	107	0	0	0	0	0	0	0	0	0	0	0	0	65	0	0	0	0	0	0	0	0	0	43	0	0	0	0	45	0	0	0	0	57	0	0	0	0	158	0	0	0	943	0
FFQ	108	0	0	0	0	0	0	0	0	0	0	0	0	53	0	0	0	0	0	0	0	0	0	47	0	0	0	0	31	0	0	0	0	68	0	0	0	0	149	0	0	0	963	0
FFQ	109	0	0	0	0	0	0	0	0	0	0	0	0	62	0	0	0	0	0	0	0	0	0	60	0	0	0	0	30	0	0	0	0	67	0	0	0	0	141	0	0	0	951	0
FFQ	110	0	0	0	0	0	0	0	0	0	0	0	0	61	0	0	0	0	0	0	0	0	0	40	0	0	0	0	37	0	0	0	0	61	0	0	0	0	151	0	0	0	961	0
FFQ	111	0	0	0	0	0	0	0	0	0	0	0	0	61	0	0	0	0	0	0	0	0	0	41	0	0	0	0	28	0	0	0	0	70	0	0	0	0	135	0	0	0	976	0
FFQ	112	0	0	0	0	0	0	0	0	0	0	0	0	71	0	0	0	0	0	0	0	0	0	34	0	0	0	0	28	0	0	0	0	80	0	0	0	0	139	0	0	0	957	0
FFQ	113	0	0	0	0	0	0	0	0	0	0	0	0	71	0	0	0	0	0	0	0	0	0	48	0	0	0	0	34	0	0	0	0	54	0	0	0	0	142	0	0	0	960	0
FFQ	114	0	0	0	0	0	0	0	0	0	0	0	0	64	0	0	0	0	0	0	0	0	0	46	0	0	0	0	29	0	0	0	0	71	0	0	0	0	163	0	0	0	936	0
FFQ	115	0	0	0	0	0	0	0	0	0	0	0	0	56	0	0	0	0	0	0	0	0	0	64	0	0	0	0	43	0	0	0	0	61	0	0	0	0	141	0	0	0	944	0
FFQ	116	0	0	0	0	0	0	0	0	0	0	0	0	63	0	0	0	0	0	0	0	0	0	41	0	0	0	0	31	0	0	0	0	78	0	0	0	0	160	0	0	0	936	0
FFQ	117	0	0	0	0	0	0	0	0	0	0	0	0	68	0	0	0	0	0	0	0	0	0	44	0	0	0	0	37	0	0	0	0	65	0	0	0	0	140	0	0	0	955	0
FFQ	118	0	0	0	0	0	0	0	0	0	0	0	0	67	0	0	0	0	0	0	0	0	0	34	0	0	0	0	30	0	0	0	0	68	0	0	0	0	127	0	0	0	983	0
FFQ	119	0	0	0	0	0	0	0	0	0	0	0	0	62	0	0	0	0	0	0	0	0	0	39	0	0	0	0	44	0	0	0	0	59	0	0	0	0	136	0	0	0	969	0
FFQ	120	0	0	0	0	0	0	0	0	0	0	0	0	55	0	0	0	0	0	0	0	0	0	59	0	0	0	0	25	0	0	0	0	71	0	0	0	0	135	0	0	0	963	0
FFQ	121	0	0	0	0	0	0	0	0	0	0	0	0	65	0	0	0	0	0	0	0	0	0	41	0	0	0	0	34	0	0	0	0	71	0	0	0	0	151	0	0	0	946	0
FFQ	122	0	0	0	0	0	0	0	0	0	0	0	0	63	0	0	0	0	0	0	0	0	0	44	0	0	0	0	38	0	0	0	0	68	0	0	0	0	143	0	0	0	952	0
FFQ	123	0	0	0	0	0	0	0	0	0	0	0	0	61	0	0	0	0	0	0	0	0	0	54	0	0	0	0	37	0	0	0	0	77	0	0	0	0	143	0	0	0	936	0
FFQ	124	0	0	0	0	0	0	0	0	0	0	0	0	73	0	0	0	0	0	0	0	0	0	50	0	0	0	0	49	0	0	0	0	74	0	0	0	0	135	0	0	0	927	0
FFQ	125	0	0	0	0	0	0	0	0	0	0	0	0	71	0	0	0	0	0	0	0	0	0	48	0	0	0	0	44	0	0	0	0	74	0	0	0	0	144	0	0	0	927	0
FFQ	126	0	0	0	0	0	0	0	0	0	0	0	0	68	0	0	0	0	0	0	0	0	0	41	0	0	0	0	37	0	0	0	0	85	0	0	0	0	143	0	0	0	934	0
FFQ	127	0	0	0	0	0	0	0	0	0	0	0	0	79	0	0	0	0	0	0	0	0	0	47	0	0	0	0	51	0	0	0	0	78	0	0	0	0	153	0	0	0	899	0
FFQ	128	0	0	0	0	0	0	0	0	0	0	0	0	69	0	0	0	0	0	0	0	0	0	55	0	0	0	0	41	0	0	0	0	86	0	0	0	0	174	0	0	0	882	0
FFQ	129	0	0	0	0	0	0	0	0	0	0	0	0	76	0	0	0	0	0	0	0	0	0	59	0	0	0	0	27	0	0	0	0	92	0	0	0	0	179	0	0	0	874	0
FFQ	130	0	0	0	0	0	0	0	0	0	0	0	0	82	0	0	0	0	0	0	0	0	0	56	0	0	0	0	35	0	0	0	0	74	0	0	0	0	172	0	0	0	888	0
FFQ	131	0	0	0	0	0	0	0	0	0	0	0	0	75	0	0	0	0	0	0	0	0	0	61	0	0	0	0	38	0	0	0	0	77	0	0	0	0	173	0	0	0	883	0
FFQ	132	0	0	0	0	0	0	0	0	0	0	0	0	83	0	0	0	0	0	0	0	0	0	49	0	0	0	0	36	0	0	0	0	93	0	0	0	0	178	0	0	0	868	0
FFQ	133	0	0	0	0	0	0	0	0	0	0	0	0	80	0	0	0	0	0	0	0	0	0	64	0	0	0	0	44	0	0	0	0	82	0	0	0	0	172	0	0	0	865	0
FFQ	134	0	0	0	0	0	0	0	0	0	0	0	0	76	0	0	0	0	0	0	0	0	0	53	0	0	0	0	43	0	0	0	0	87	0	0	0	0	211	0	0	0	837	0
FFQ	135	0	0	0	0	0	0	0	0	0	0	0	0	89	0	0	0	0	0	0	0	0	0	58	0	0	0	0	31	0	0	0	0	94	0	0	0	0	180	0	0	0	855	0
FFQ	136	0	0	0	0	0	0	0	0	0	0	0	0	79	0	0	0	0	0	0	0	0	0	60	0	0	0	0	34	0	0	0	0	87	0	0	0	0	214	0	0	0	833	0
FFQ	137	0	0	0	0	0	0	0	0	0	0	0	0	79	0	0	0	0	0	0	0	0	0	63	0	0	0	0	49	0	0	0	0	81	0	0	0	0	223	0	0	0	812	0
FFQ	138	0	0	0	0	0	0	0	0	0	0	0	0	72	0	0	0	0	0	0	0	0	0	62	0	0	0	0	41	0	0	0	0	88	0	0	0	0	201	0	0	0	842	0
FFQ	139	0	0	0	0	0	0	0	0	0	0	0	0	77	0	0	0	0	0	0	0	0	0	58	0	0	0	0	36	0	0	0	0	81	0	0	0	0	202	0	0	0	852	0
FFQ	140	0	0	0	0	0	0	0	0	0	0	0	0	79	0	0	0	0	0	0	0	0	0	53	0	0	0	0	37	0	0	0	0	89	0	0	0	0	194	0	0	0	854	0
FFQ	141	0	0	0	0	0	0	0	0	0	0	0	0	74	0	0	0	0	0	0	0	0	0	53	0	0	0	0	35	0	0	0	0	77	0	0	0	0	217	0	0	0	849	0
FFQ	142	0	0	0	0	0	0	0	0	0	0	0	0	69	0	0	0	0	0	0	0	0	0	62	0	0	0	0	40	0	0	0	0	78	0	0	0	0	183	0	0	0	871	0
FFQ	143	0	0	0	0	0	0	0	0	0	0	0	0	90	0	0	0	0	0	0	0	0	0	45	0	0	0	0	40	0	0	0	0	80	0	0	0	0	217	0	0	0	829	0
FFQ	144	0	0	0	0	0	0	0	0	0	0	0	0	87	0	0	0	0	0	0	0	0	0	53	0	0	0	0	48	0	0	0	0	79	0	0	0	0	229	0	0	0	803	0
FFQ	145	0	0	0	0	0	0	0	0	0	0	0	0	89	0	0	0	0	0	0	0	0	0	46	0	0	0	0	46	0	0	0	0	85	0	0	0	0	216	0	0	0	816	0
FFQ	146	0	0	1	0	0	0	0	0	0	0	0	0	90	0	0	0	0	0	0	0	0	0	50	0	0	0	0	51	0	0	0	0	78	0	0	0	0	224	0	0	0	804	0
FFQ	147	0	0	0	0	0	0	0	0	1	0	0	0	97	0	0	0	0	0	0	0	0	0	45	0	0	0	0	30	0	0	0	0	81	0	0	0	0	253	0	0	0	789	0
FFQ	148	0	0	0	0	0	0	0	0	4	0	0	0	95	0	0	0	0	0	0	0	0	0	51	0	0	0	0	56	0	0	0	0	70	0	0	0	0	218	0	0	0	790	0
FFQ	149	0	0	0	0	0	0	0	0	2	0	0	0	62	0	0	0	0	0	0	0	0	0	76	0	0	0	0	55	0	0	0	0	75	0	0	0	0	223	0	0	0	765	0
FFQ	150	0	0	0	0	0	0	0	0	3	0	0	0	58	0	0	0	0	0	0	0	0	0	51	0	0	0	0	38	0	0	0	0	85	0	0	0	0	219	0	0	0	776	0
FFQ	151	0	0	0	0	0	0	0	0	0	0	0	0	0	0	0	0	0	0	0	0	0	0	84	0	0	0	0	76	0	0	0	0	112	0	0	0	0	293	0	0	0	566	0
# Last Fragment Qualities. Use `grep ^LFQ | cut -f 2-` to extract this part.
# Columns correspond to qualities and rows to cycles. First column is the cycle number.
LFQ	1	0	0	16	0	0	0	0	0	0	0	0	0	62	0	0	0	0	0	0	0	0	0	0	0	0	0	0	47	0	0	0	0	1187	0	0	0	0	0	0	0	0	0	0
LFQ	2	0	0	0	0	0	0	0	0	0	0	0	0	58	0	0	0	0	0	0	0	0	0	0	0	0	0	0	52	0	0	0	0	1202	0	0	0	0	0	0	0	0	0	0
LFQ	3	0	0	0	0	0	0	0	0	0	0	0	0	63	0	0	0	0	0	0	0	0	0	0	0	0	0	0	49	0	0	0	0	395	0	0	0	0	805	0	0	0	0	0
LFQ	4	0	0	0	0	0	0	0	0	0	0	0	0	59	0	0	0	0	0	0	0	0	0	1	0	0	0	0	47	0	0	0	0	143	0	0	0	0	1062	0	0	0	0	0
LFQ	5	0	0	0	0	0	0	0	0	0	0	0	0	65	0	0	0	0	0	0	0	0	0	8	0	0	0	0	33	0	0	0	0	104	0	0	0	0	1102	0	0	0	0	0
LFQ	6	0	0	0	0	0	0	0	0	0	0	0	0	54	0	0	0	0	0	0	0	0	0	6	0	0	0	0	29	0	0	0	0	70	0	0	0	0	209	0	0	0	944	0
LFQ	7	0	0	0	0	0	0	0	0	0	0	0	0	48	0	0	0	0	0	0	0	0	0	8	0	0	0	0	28	0	0	0	0	72	0	0	0	0	195	0	0	0	961	0
LFQ	8	0	0	0	0	0	0	0	0	0	0	0	0	53	0	0	0	0	0	0	0	0	0	21	0	0	0	0	22	0	0	0	0	87	0	0	0	0	187	0	0	0	942	0
LFQ	9	0	0	1	0	0	0	0	0	0	0	0	0	42	0	0	0	0	0	0	0	0	0	20	0	0	0	0	22	0	0	0	0	75	0	0	0	0	145	0	0	0	1007	0
LFQ	10	0	0	0	0	0	0	0	0	0	0	0	0	51	0	0	0	0	0	0	0	0	0	18	0	0	0	0	27	0	0	0	0	68	0	0	0	0	176	0	0	0	972	0
LFQ	11	0	0	0	0	0	0	0	0	0	0	0	0	43	0	0	0	0	0	0	0	0	0	15	0	0	0	0	25	0	0	0	0	50	0	0	0	0	138	0	0	0	1041	0
LFQ	12	0	0	0	0	0	0	0	0	0	0	0	0	42	0	0	0	0	0	0	0	0	0	19	0	0	0	0	24	0	0	0	0	56	0	0	0	0	131	0	0	0	1040	0
LFQ	13	0	0	0	0	0	0	0	0	0	0	0	0	38	0	0	0	0	0	0	0	0	0	23	0	0	0	0	32	0	0	0	0	50	0	0	0	0	168	0	0	0	1001	0
LFQ	14	0	0	0	0	0	0	0	0	0	0	0	0	51	0	0	0	0	0	0	0	0	0	15	0	0	0	0	20	0	0	0	0	60	0	0	0	0	131	0	0	0	1035	0
LFQ	15	0	0	0	0	0	0	0	0	0	0	0	0	59	0	0	0	0	0	0	0	0	0	17	0	0	0	0	31	0	0	0	0	56	0	0	0	0	136	0	0	0	1013	0
LFQ	16	0	0	0	0	0	0	0	0	0	0	0	0	44	0	0	0	0	0	0	0	0	0	30	0	0	0	0	32	0	0	0	0	44	0	0	0	0	133	0	0	0	1029	0
LFQ	17	0	0	0	0	0	0	0	0	0	0	0	0	50	0	0	0	0	0	0	0	0	0	24	0	0	0	0	35	0	0	0	0	62	0	0	0	0	174	0	0	0	967	0
LFQ	18	0	0	0	0	0	0	0	0	0	0	0	0	33	0	0	0	0	0	0	0	0	0	33	0	0	0	0	42	0	0	0	0	49	0	0	0	0	157	0	0	0	998	0
LFQ	19	0	0	0	0	0	0	0	0	0	0	0	0	48	0	0	0	0	0	0	0	0	0	23	0	0	0	0	41	0	0	0	0	34	0	0	0	0	161	0	0	0	1005	0
LFQ	20	0	0	0	0	0	0	0	0	0	0	0	0	58	0	0	0	0	0	0	0	0	0	17	0	0	0	0	35	0	0	0	0	44	0	0	0	0	182	0	0	0	976	0
LFQ	21	0	0	0	0	0	0	0	0	0	0	0	0	55	0	0	0	0	0	0	0	0	0	23	0	0	0	0	40	0	0	0	0	53	0	0	0	0	141	0	0	0	1000	0
LFQ	22	0	0	1	0	0	0	0	0	0	0	0	0	55	0	0	0	0	0	0	0	0	0	29	0	0	0	0	50	0	0	0	0	43	0	0	0	0	166	0	0	0	968	0
LFQ	23	0	0	0	0	0	0	0	0	0	0	0	0	61	0	0	0	0	0	0	0	0	0	25	0	0	0	0	39	0	0	0	0	47	0	0	0	0	174	0	0	0	966	0
LFQ	24	0	0	0	0	0	0	0	0	0	0	0	0	51	0	0	0	0	0	0	0	0	0	29	0	0	0	0	46	0	0	0	0	40	0	0	0	0	150	0	0	0	996	0
LFQ	25	0	0	0	0	0	0	0	0	0	0	0	0	59	0	0	0	0	0	0	0	0	0	34	0	0	0	0	46	0	0	0	0	40	0	0	0	0	182	0	0	0	951	0
LFQ	26	0	0	0	0	0	0	0	0	0	0	0	0	61	0	0	0	0	0	0	0	0	0	36	0	0	0	0	43	0	0	0	0	38	0	0	0	0	156	0	0	0	978	0
LFQ	27	0	0	10	0	0	0	0	0	0	0	0	0	70	0	0	0	0	0	0	0	0	0	26	0	0	0	0	38	0	0	0	0	45	0	0	0	0	151	0	0	0	972	0
LFQ	28	0	0	0	0	0	0	0	0	0	0	0	0	56	0	0	0	0	0	0	0	0	0	28	0	0	0	0	43	0	0	0	0	54	0	0	0	0	184	0	0	0	947	0
LFQ	29	0	0	0	0	0	0	0	0	0	0	0	0	60	0	0	0	0	0	0	0	0	0	27	0	0	0	0	48	0	0	0	0	64	0	0	0	0	168	0	0	0	945	0
LFQ	30	0	0	0	0	0	0	0	0	0	0	0	0	69	0	0	0	0	0	0	0	0	0	27	0	0	0	0	47	0	0	0	0	45	0	0	0	0	189	0	0	0	935	0
LFQ	31	0	0	0	0	0	0	0	0	0	0	0	0	69	0	0	0	0	0	0	0	0	0	33	0	0	0	0	53	0	0	0	0	56	0	0	0	0	162	0	0	0	939	0
LFQ	32	0	0	1	0	0	0	0	0	0	0	0	0	51	0	0	0	0	0	0	0	0	0	32	0	0	0	0	49	0	0	0	0	56	0	0	0	0	166	0	0	0	957	0
LFQ	33	0	0	0	0	0	0	0	0	0	0	0	0	72	0	0	0	0	0	0	0	0	0	32	0	0	0	0	44	0	0	0	0	53	0	0	0	0	190	0	0	0	921	0
LFQ	34	0	0	0	0	0	0	0	0	0	0	0	0	58	0	0	0	0	0	0	0	0	0	21	0	0	0	0	57	0	0	0	0	51	0	0	0	0	156	0	0	0	969	0
LFQ	35	0	0	0	0	0	0	0	0	0	0	0	0	65	0	0	0	0	0	0	0	0	0	32	0	0	0	0	43	0	0	0	0	51	0	0	0	0	189	0	0	0	932	0
LFQ	36	0	0	0	0	0	0	0	0	0	0	0	0	60	0	0	0	0	0	0	0	0	0	32	0	0	0	0	60	0	0	0	0	59	0	0	0	0	190	0	0	0	911	0
LFQ	37	0	0	0	0	0	0	0	0	0	0	0	0	72	0	0	0	0	0	0	0	0	0	38	0	0	0	0	48	0	0	0	0	64	0	0	0	0	171	0	0	0	919	0
LFQ	38	0	0	1	0	0	0	0	0	0	0	0	0	77	0	0	0	0	0	0	0	0	0	36	0	0	0	0	39	0	0	0	0	64	0	0	0	0	226	0	0	0	869	0
LFQ	39	0	0	0	0	0	0	0	0	0	0	0	0	57	0	0	0	0	0	0	0	0	0	47	0	0	0	0	48	0	0	0	0	62	0	0	0	0	190	0	0	0	908	0
LFQ	40	0	0	0	0	0	0	0	0	0	0	0	0	82	0	0	0	0	0	0	0	0	0	42	0	0	0	0	47	0	0	0	0	57	0	0	0	0	204	0	0	0	880	0
LFQ	41	0	0	0	0	0	0	0	0	0	0	0	0	78	0	0	0	0	0	0	0	0	0	34	0	0	0	0	65	0	0	0	0	66	0	0	0	0	191	0	0	0	878	0
LFQ	42	0	0	1	0	0	0	0	0	0	0	0	0	88	0	0	0	0	0	0	0	0	0	40	0	0	0	0	57	0	0	0	0	60	0	0	0	0	187	0	0	0	879	0
LFQ	43	0	0	0	0	0	0	0	0	0	0	0	0	86	0	0	0	0	0	0	0	0	0	36	0	0	0	0	59	0	0	0	0	81	0	0	0	0	179	0	0	0	871	0
LFQ	44	0	0	0	0	0	0	0	0	0	0	0	0	73	0	0	0	0	0	0	0	0	0	46	0	0	0	0	50	0	0	0	0	74	0	0	0	0	179	0	0	0	890	0
LFQ	45	0	0	0	0	0	0	0	0	0	0	0	0	83	0	0	0	0	0	0	0	0	0	33	0	0	0	0	45	0	0	0	0	77	0	0	0	0	212	0	0	0	862	0
LFQ	46	0	0	0	0	0	0	0	0	0	0	0	0	76	0	0	0	0	0	0	0	0	0	41	0	0	0	0	60	0	0	0	0	70	0	0	0	0	202	0	0	0	863	0
LFQ	47	0	0	0	0	0	0	0	0	0	0	0	0	86	0	0	0	0	0	0	0	0	0	50	0	0	0	0	69	0	0	0	0	69	0	0	0	0	191	0	0	0	847	0
LFQ	48	0	0	1	0	0	0	0	0	0	0	0	0	83	0	0	0	0	0	0	0	0	0	50	0	0	0	0	58	0	0	0	0	77	0	0	0	0	193	0	0	0	850	0
LFQ	49	0	0	0	0	0	0	0	0	0	0	0	0	85	0	0	0	0	0	0	0	0	0	38	0	0	0	0	67	0	0	0	0	79	0	0	0	0	189	0	0	0	854	0
LFQ	50	0	0	0	0	0	0	0	0	0	0	0	0	89	0	0	0	0	0	0	0	0	0	38	0	0	0	0	61	0	0	0	0	83	0	0	0	0	178	0	0	0	863	0
LFQ	51	0	0	0	0	0	0	0	0	0	0	0	0	94	0	0	0	0	0	0	0	0	0	43	0	0	0	0	68	0	0	0	0	73	0	0	0	0	181	0	0	0	853	0
LFQ	52	0	0	1	0	0	0	0	0	0	0	0	0	86	0	0	0	0	0	0	0	0	0	45	0	0	0	0	62	0	0	0	0	85	0	0	0	0	205	0	0	0	828	0
LFQ	53	0	0	0	0	0	0	0	0	0	0	0	0	89	0	0	0	0	0	0	0	0	0	48	0	0	0	0	64	0	0	0	0	78	0	0	0	0	196	0	0	0	837	0
LFQ	54	0	0	0	0	0	0	0	0	0	0	0	0	119	0	0	0	0	0	0	0	0	0	54	0	0	0	0	48	0	0	0	0	73	0	0	0	0	184	0	0	0	834	0
LFQ	55	0	0	0	0	0	0	0	0	0	0	0	0	101	0	0	0	0	0	0	0	0	0	45	0	0	0	0	58	0	0	0	0	76	0	0	0	0	177	0	0	0	855	0
LFQ	56	0	0	0	0	0	0	0	0	0	0	0	0	107	0	0	0	0	0	0	0	0	0	40	0	0	0	0	53	0	0	0	0	71	0	0	0	0	184	0	0	0	857	0
LFQ	57	0	0	0	0	0	0	0	0	0	0	0	0	101	0	0	0	0	0	0	0	0	0	52	0	0	0	0	61	0	0	0	0	65	0	0	0	0	170	0	0	0	863	0
LFQ	58	0	0	0	0	0	0	0	0	0	0	0	0	81	0	0	0	0	0	0	0	0	0	48	0	0	0	0	68	0	0	0	0	84	0	0	0	0	181	0	0	0	850	0
LFQ	59	0	0	0	0	0	0	0	0	0	0	0	0	87	0	0	0	0	0	0	0	0	0	42	0	0	0	0	70	0	0	0	0	82	0	0	0	0	171	0	0	0	860	0
LFQ	60	0	0	1	0	0	0	0	0	0	0	0	0	103	0	0	0	0	0	0	0	0	0	34	0	0	0	0	66	0	0	0	0	82	0	0	0	0	187	0	0	0	839	0
LFQ	61	0	0	0	0	0	0	0	0	0	0	0	0	97	0	0	0	0	0	0	0	0	0	50	0	0	0	0	59	0	0	0	0	82	0	0	0	0	178	0	0	0	846	0
LFQ	62	0	0	0	0	0	0	0	0	0	0	0	0	98	0	0	0	0	0	0	0	0	0	45	0	0	0	0	61	0	0	0	0	96	0	0	0	0	174	0	0	0	838	0
LFQ	63	0	0	0	0	0	0	0	0	0	0	0	0	88	0	0	0	0	0	0	0	0	0	49	0	0	0	0	56	0	0	0	0	90	0	0	0	0	183	0	0	0	846	0
LFQ	64	0	0	0	0	0	0	0	0	0	0	0	0	100	0	0	0	0	0	0	0	0	0	44	0	0	0	0	65	0	0	0	0	81	0	0	0	0	183	0	0	0	839	0
LFQ	65	0	0	0	0	0	0	0	0	0	0	0	0	78	0	0	0	0	0	0	0	0	0	51	0	0	0	0	72	0	0	0	0	89	0	0	0	0	176	0	0	0	846	0
LFQ	66	0	0	0	0	0	0	0	0	0	0	0	0	95	0	0	0	0	0	0	0	0	0	58	0	0	0	0	57	0	0	0	0	90	0	0	0	0	177	0	0	0	835	0
LFQ	67	0	0	0	0	0	0	0	0	0	0	0	0	110	0	0	0	0	0	0	0	0	0	51	0	0	0	0	51	0	0	0	0	76	0	0	0	0	185	0	0	0	839	0
LFQ	68	0	0	0	0	0	0	0	0	0	0	0	0	101	0	0	0	0	0	0	0	0	0	48	0	0	0	0	53	0	0	0	0	74	0	0	0	0	186	0	0	0	850	0
LFQ	69	0	0	0	0	0	0	0	0	0	0	0	0	105	0	0	0	0	0	0	0	0	0	59	0	0	0	0	46	0	0	0	0	93	0	0	0	0	178	0	0	0	831	0
LFQ	70	0	0	0	0	0	0	0	0	0	0	0	0	106	0	0	0	0	0	0	0	0	0	54	0	0	0	0	56	0	0	0	0	90	0	0	0	0	182	0	0	0	824	0
LFQ	71	0	0	0	0	0	0	0	0	0	0	0	0	95	0	0	0	0	0	0	0	0	0	58	0	0	0	0	58	0	0	0	0	93	0	0	0	0	173	0	0	0	835	0
LFQ	72	0	0	0	0	0	0	0	0	0	0	0	0	119	0	0	0	0	0	0	0	0	0	58	0	0	0	0	40	0	0	0	0	87	0	0	0	0	168	0	0	0	840	0
LFQ	73	0	0	0	0	0	0	0	0	0	0	0	0	93	0	0	0	0	0	0	0	0	0	69	0	0	0	0	54	0	0	0	0	86	0	0	0	0	203	0	0	0	807	0
LFQ	74	0	0	0	0	0	0	0	0	0	0	0	0	101	0	0	0	0	0	0	0	0	0	63	0	0	0	0	43	0	0	0	0	84	0	0	0	0	192	0	0	0	829	0
LFQ	75	0	0	0	0	0	0	0	0	0	0	0	0	101	0	0	0	0	0	0	0	0	0	63	0	0	0	0	38	0	0	0	0	81	0	0	0	0	182	0	0	0	847	0
LFQ	76	0	0	0	0	0	0	0	0	0	0	0	0	100	0	0	0	0	0	0	0	0	0	55	0	0	0	0	51	0	0	0	0	86	0	0	0	0	192	0	0	0	828	0
LFQ	77	0	0	0	0	0	0	0	0	0	0	0	0	94	0	0	0	0	0	0	0	0	0	91	0	0	0	0	68	0	0	0	0	128	0	0	0	0	311	0	0	0	620	0
LFQ	78	0	0	0	0	0	0	0	0	0	0	0	0	101	0	0	0	0	0	0	0	0	0	65	0	0	0	0	57	0	0	0	0	95	0	0	0	0	224	0	0	0	770	0
LFQ	79	0	0	0	0	0	0	0	0	0	0	0	0	86	0	0	0	0	0	0	0	0	0	66	0	0	0	0	37	0	0	0	0	104	0	0	0	0	185	0	0	0	834	0
LFQ	80	0	0	0	0	0	0	0	0	0	0	0	0	71	0	0	0	0	0	0	0	0	0	69	0	0	0	0	46	0	0	0	0	75	0	0	0	0	200	0	0	0	851	0
LFQ	81	0	0	0	0	0	0	0	0	0	0	0	0	81	0	0	0	0	0	0	0	0	0	55	0	0	0	0	42	0	0	0	0	83	0	0	0	0	191	0	0	0	860	0
LFQ	82	0	0	0	0	0	0	0	0	0	0	0	0	83	0	0	0	0	0	0	0	0	0	52	0	0	0	0	34	0	0	0	0	97	0	0	0	0	173	0	0	0	873	0
LFQ	83	0	0	0	0	0	0	0	0	0	0	0	0	83	0	0	0	0	0	0	0	0	0	56	0	0	0	0	43	0	0	0	0	87	0	0	0	0	198	0	0	0	845	0
LFQ	84	0	0	0	0	0	0	0	0	0	0	0	0	85	0	0	0	0	0	0	0	0	0	58	0	0	0	0	37	0	0	0	0	87	0	0	0	0	179	0	0	0	866	0
LFQ	85	0	0	0	0	0	0	0	0	0	0	0	0	79	0	0	0	0	0	0	0	0	0	57	0	0	0	0	35	0	0	0	0	75	0	0	0	0	182	0	0	0	884	0
LFQ	86	0	0	0	0	0	0	0	0	0	0	0	0	89	0	0	0	0	0	0	0	0	0	60	0	0	0	0	30	0	0	0	0	95	0	0	0	0	154	0	0	0	884	0
LFQ	87	0	0	0	0	0	0	0	0	0	0	0	0	98	0	0	0	0	0	0	0	0	0	50	0	0	0	0	40	0	0	0	0	80	0	0	0	0	155	0	0	0	889	0
LFQ	88	0	0	0	0	0	0	0	0	0	0	0	0	90	0	0	0	0	0	0	0	0	0	57	0	0	0	0	34	0	0	0	0	76	0	0	0	0	185	0	0	0	870	0
LFQ	89	0	0	0	0	0	0	0	0	0	0	0	0	96	0	0	0	0	0	0	0	0	0	59	0	0	0	0	36	0	0	0	0	77	0	0	0	0	168	0	0	0	876	0
LFQ	90	0	0	0	0	0	0	0	0	0	0	0	0	94	0	0	0	0	0	0	0	0	0	60	0	0	0	0	36	0	0	0	0	88	0	0	0	0	180	0	0	0	854	0
LFQ	91	0	0	0	0	0	0	0	0	0	0	0	0	93	0	0	0	0	0	0	0	0	0	51	0	0	0	0	43	0	0	0	0	88	0	0	0	0	174	0	0	0	863	0
LFQ	92	0	0	0	0	0	0	0	0	0	0	0	0	86	0	0	0	0	0	0	0	0	0	57	0	0	0	0	35	0	0	0	0	94	0	0	0	0	159	0	0	0	881	0
LFQ	93	0	0	0	0	0	0	0	0	0	0	0	0	92	0	0	0	0	0	0	0	0	0	52	0	0	0	0	42	0	0	0	0	92	0	0	0	0	170	0	0	0	864	0
LFQ	94	0	0	1	0	0	0	0	0	0	0	0	0	104	0	0	0	0	0	0	0	0	0	64	0	0	0	0	41	0	0	0	0	82	0	0	0	0	165	0	0	0	855	0
LFQ	95	0	0	0	0	0	0	0	0	0	0	0	0	119	0	0	0	0	0	0	0	0	0	55	0	0	0	0	43	0	0	0	0	91	0	0	0	0	159	0	0	0	845	0
LFQ	96	0	0	0	0	0	0	0	0	0	0	0	0	109	0	0	0	0	0	0	0	0	0	54	0	0	0	0	28	0	0	0	0	111	0	0	0	0	168	0	0	0	842	0
LFQ	97	0	0	0	0	0	0	0	0	0	0	0	0	110	0	0	0	0	0	0	0	0	0	57	0	0	0	0	46	0	0	0	0	86	0	0	0	0	208	0	0	0	805	0
LFQ	98	0	0	0	0	0	0	0	0	0	0	0	0	100	0	0	0	0	0	0	0	0	0	67	0	0	0	0	51	0	0	0	0	79	0	0	0	0	184	0	0	0	831	0
LFQ	99	0	0	0	0	0	0	0	0	0	0	0	0	132	0	0	0	0	0	0	0	0	0	47	0	0	0	0	42	0	0	0	0	89	0	0	0	0	162	0	0	0	840	0
LFQ	100	0	0	0	0	0	0	0	0	0	0	0	0	100	0	0	0	0	0	0	0	0	0	68	0	0	0	0	52	0	0	0	0	93	0	0	0	0	171	0	0	0	828	0
LFQ	101	0	0	0	0	0	0	0	0	0	0	0	0	105	0	0	0	0	0	0	0	0	0	72	0	0	0	0	37	0	0	0	0	104	0	0	0	0	171	0	0	0	823	0
LFQ	102	0	0	0	0	0	0	0	0	0	0	0	0	97	0	0	0	0	0	0	0	0	0	66	0	0	0	0	53	0	0	0	0	81	0	0	0	0	178	0	0	0	837	0
LFQ	103	0	0	0	0	0	0	0	0	0	0	0	0	105	0	0	0	0	0	0	0	0	0	64	0	0	0	0	45	0	0	0	0	105	0	0	0	0	183	0	0	0	810	0
LFQ	104	0	0	0	0	0	0	0	0	0	0	0	0	107	0	0	0	0	0	0	0	0	0	68	0	0	0	0	48	0	0	0	0	97	0	0	0	0	183	0	0	0	809	0
LFQ	105	0	0	0	0	0	0	0	0	0	0	0	0	98	0	0	0	0	0	0	0	0	0	73	0	0	0	0	39	0	0	0	0	103	0	0	0	0	193	0	0	0	805	0
LFQ	106	0	0	1	0	0	0	0	0	0	0	0	0	110	0	0	0	0	0	0	0	0	0	54	0	0	0	0	43	0	0	0	0	93	0	0	0	0	213	0	0	0	796	0
LFQ	107	0	0	0	0	0	0	0	0	0	0	0	0	99	0	0	0	0	0	0	0	0	0	66	0	0	0	0	52	0	0	0	0	86	0	0	0	0	193	0	0	0	814	0
LFQ	108	0	0	0	0	0	0	0	0	0	0	0	0	92	0	0	0	0	0	0	0	0	0	65	0	0	0	0	43	0	0	0	0	84	0	0	0	0	213	0	0	0	813	0
LFQ	109	0	0	0	0	0	0	0	0	0	0	0	0	110	0	0	0	0	0	0	0	0	0	67	0	0	0	0	42	0	0	0	0	73	0	0	0	0	220	0	0	0	798	0
LFQ	110	0	0	14	0	0	0	0	0	0	0	0	0	102	0	0	0	0	0	0	0	0	0	78	0	0	0	0	30	0	0	0	0	80	0	0	0	0	219	0	0	0	787	0
LFQ	111	0	0	0	0	0	0	0	0	0	0	0	0	109	0	0	0	0	0	0	0	0	0	66	0	0	0	0	37	0	0	0	0	97	0	0	0	0	222	0	0	0	779	0
LFQ	112	0	0	0	0	0	0	0	0	0	0	0	0	97	0	0	0	0	0	0	0	0	0	79	0	0	0	0	48	0	0	0	0	99	0	0	0	0	231	0	0	0	754	0
LFQ	113	0	0	0	0	0	0	0	0	0	0	0	0	110	0	0	0	0	0	0	0	0	0	73	0	0	0	0	54	0	0	0	0	86	0	0	0	0	231	0	0	0	754	0
LFQ	114	0	0	0	0	0	0	0	0	0	0	0	0	114	0	0	0	0	0	0	0	0	0	67	0	0	0	0	51	0	0	0	0	93	0	0	0	0	247	0	0	0	735	0
LFQ	115	0	0	0	0	0	0	0	0	0	0	0	0	145	0	0	0	0	0	0	0	0	0	71	0	0	0	0	60	0	0	0	0	77	0	0	0	0	200	0	0	0	753	0
LFQ	116	0	0	0	0	0	0	0	0	0	0	0	0	127	0	0	0	0	0	0	0	0	0	99	0	0	0	0	64	0	0	0	0	77	0	0	0	0	209	0	0	0	729	0
LFQ	117	0	0	1	0	0	0	0	0	0	0	0	0	116	0	0	0	0	0	0	0	0	0	78	0	0	0	0	62	0	0	0	0	102	0	0	0	0	243	0	0	0	701	0
LFQ	118	0	0	0	0	0	0	0	0	0	0	0	0	110	0	0	0	0	0	0	0	0	0	80	0	0	0	0	44	0	0	0	0	89	0	0	0	0	267	0	0	0	711	0
LFQ	119	0	0	1	0	0	0	0	0	0	0	0	0	127	0	0	0	0	0	0	0	0	0	78	0	0	0	0	64	0	0	0	0	83	0	0	0	0	252	0	0	0	695	0
LFQ	120	0	0	0	0	0	0	0	0	0	0	0	0	119	0	0	0	0	0	0	0	0	0	59	0	0	0	0	69	0	0	0	0	96	0	0	0	0	253	0	0	0	700	0
LFQ	121	0	0	0	0	0	0	0	0	0	0	0	0	114	0	0	0	0	0	0	0	0	0	80	0	0	0	0	69	0	0	0	0	87	0	0	0	0	275	0	0	0	670	0
LFQ	122	0	0	0	0	0	0	0	0	0	0	0	0	124	0	0	0	0	0	0	0	0	0	58	0	0	0	0	60	0	0	0	0	98	0	0	0	0	260	0	0	0	694	0
LFQ	123	0	0	0	0	0	0	0	0	0	0	0	0	143	0	0	0	0	0	0	0	0	0	54	0	0	0	0	60	0	0	0	0	91	0	0	0	0	263	0	0	0	682	0
LFQ	124	0	0	1	0	0	0	0	0	6	0	0	0	140	0	0	0	0	0	0	0	0	0	50	0	0	0	0	60	0	0	0	0	110	0	0	0	0	245	0	0	0	679	0
LFQ	125	0	0	0	0	0	0	0	0	6	0	0	0	142	0	0	0	0	0	0	0	0	0	49	0	0	0	0	52	0	0	0	0	116	0	0	0	0	248	0	0	0	677	0
LFQ	126	0	0	0	0	0	0	0	0	14	0	0	0	156	0	0	0	0	0	0	0	0	0	59	0	0	0	0	46	0	0	0	0	98	0	0	0	0	256	0	0	0	661	0
LFQ	127	0	0	0	0	0	0	0	0	9	0	0	0	143	0	0	0	0	0	0	0	0	0	70	0	0	0	0	63	0	0	0	0	108	0	0	0	0	257	0	0	0	639	0
LFQ	128	0	0	0	0	0	0	0	0	9	0	0	0	149	0	0	0	0	0	0	0	0	0	55	0	0	0	0	67	0	0	0	0	90	0	0	0	0	284	0	0	0	635	0
LFQ	129	0	0	0	0	0	0	0	0	21	0	0	0	143	0	0	0	0	0	0	0	0	0	62	0	0	0	0	63	0	0	0	0	107	0	0	0	0	258	0	0	0	634	0
LFQ	130	0	0	0	0	0	0	0	0	35	0	0	0	134	0	0	0	0	0	0	0	0	0	67	0	0	0	0	52	0	0	0	0	135	0	0	0	0	246	0	0	0	617	0
LFQ	131	0	0	0	0	0	0	0	0	30	0	0	0	133	0	0	0	0	0	0	0	0	0	64	0	0	0	0	62	0	0	0	0	117	0	0	0	0	236	0	0	0	644	0
LFQ	132	0	0	0	0	0	0	0	0	39	0	0	0	127	0	0	0	0	0	0	0	0	0	65	0	0	0	0	59	0	0	0	0	142	0	0	0	0	231	0	0	0	622	0
LFQ	133	0	0	1	0	0	0	0	0	48	0	0	0	108	0	0	0	0	0	0	0	0	0	67	0	0	0	0	60	0	0	0	0	165	0	0	0	0	226	0	0	0	607	0
LFQ	134	0	0	0	0	0	0	0	0	34	0	0	0	118	0	0	0	0	0	0	0	0	0	80	0	0	0	0	69	0	0	0	0	176	0	0	0	0	223	0	0	0	581	0
LFQ	135	0	0	1	0	0	0	0	0	51	0	0	0	117	0	0	0	0	0	0	0	0	0	60	0	0	0	0	47	0	0	0	0	155	0	0	0	0	223	0	0	0	625	0
LFQ	136	0	0	0	0	0	0	0	0	44	0	0	0	105	0	0	0	0	0	0	0	0	0	68	0	0	0	0	83	0	0	0	0	157	0	0	0	0	239	0	0	0	582	0
LFQ	137	0	0	0	0	0	0	0	0	47	0	0	0	109	0	0	0	0	0	0	0	0	0	72	0	0	0	0	55	0	0	0	0	154	0	0	0	0	225	0	0	0	616	0
LFQ	138	0	0	1	0	0	0	0	0	41	0	0	0	126	0	0	0	0	0	0	0	0	0	62	0	0	0	0	63	0	0	0	0	164	0	0	0	0	199	0	0	0	620	0
LFQ	139	0	0	0	0	0	0	0	0	38	0	0	0	123	0	0	0	0	0	0	0	0	0	82	0	0	0	0	65	0	0	0	0	142	0	0	0	0	244	0	0	0	582	0
LFQ	140	0	0	1	0	0	0	0	0	44	0	0	0	114	0	0	0	0	0	0	0	0	0	61	0	0	0	0	85	0	0	0	0	175	0	0	0	0	242	0	0	0	554	0
LFQ	141	0	0	0	0	0	0	0	0	44	0	0	0	119	0	0	0	0	0	0	0	0	0	70	0	0	0	0	83	0	0	0	0	180	0	0	0	0	212	0	0	0	567	0
LFQ	142	0	0	0	0	0	0	0	0	47	0	0	0	122	0	0	0	0	0	0	0	0	0	86	0	0	0	0	89	0	0	0	0	164	0	0	0	0	183	0	0	0	582	0
LFQ	143	0	0	0	0	0	0	0	0	45	0	0	0	125	0	0	0	0	0	0	0	0	0	68	0	0	0	0	92	0	0	0	0	172	0	0	0	0	196	0	0	0	573	0
LFQ	144	0	0	0	0	0	0	0	0	43	0	0	0	123	0	0	0	0	0	0	0	0	0	78	0	0	0	0	79	0	0	0	0	158	0	0	0	0	217	0	0	0	567	0
LFQ	145	0	0	0	0	0	0	0	0	49	0	0	0	100	0	0	0	0	0	0	0	0	0	72	0	0	0	0	107	0	0	0	0	157	0	0	0	0	213	0	0	0	564	0
LFQ	146	0	0	1	0	0	0	0	0	41	0	0	0	129	0	0	0	0	0	0	0	0	0	82	0	0	0	0	87	0	0	0	0	141	0	0	0	0	203	0	0	0	574	0
LFQ	147	0	0	0	0	0	0	0	0	31	0	0	0	118	0	0	0	0	0	0	0	0	0	74	0	0	0	0	103	0	0	0	0	167	0	0	0	0	197	0	0	0	564	0
LFQ	148	0	0	0	0	0	0	0	0	32	0	0	0	125	0	0	0	0	0	0	0	0	0	75	0	0	0	0	113	0	0	0	0	145	0	0	0	0	205	0	0	0	542	0
LFQ	149	0	0	0	0	0	0	0	0	23	0	0	0	88	0	0	0	0	0	0	0	0	0	89	0	0	0	0	109	0	0	0	0	158	0	0	0	0	224	0	0	0	511	0
LFQ	150	0	0	0	0	0	0	0	0	20	0	0	0	74	0	0	0	0	0	0	0	0	0	60	0	0	0	0	97	0	0	0	0	149	0	0	0	0	233	0	0	0	515	0
LFQ	151	0	0	0	0	0	0	0	0	0	0	0	0	0	0	0	0	0	0	0	0	0	0	117	0	0	0	0	153	0	0	0	0	154	0	0	0	0	205	0	0	0	321	0
# GC Content of first fragments. Use `grep ^GCF | cut -f 2-` to extract this part.
GCF	8.04	0
GCF	16.83	1
GCF	17.84	0
GCF	18.34	1
GCF	19.10	0
GCF	20.35	2
GCF	21.86	3
GCF	22.86	4
GCF	23.37	7
GCF	23.87	4
GCF	24.37	15
GCF	24.87	17
GCF	25.38	13
GCF	26.13	17
GCF	26.88	20
GCF	27.39	22
GCF	27.89	23
GCF	28.39	32
GCF	28.89	26
GCF	29.40	21
GCF	29.90	27
GCF	30.40	50
GCF	30.90	49
GCF	31.41	51
GCF	31.91	30
GCF	32.41	32
GCF	32.91	45
GCF	33.42	44
GCF	33.92	37
GCF	34.92	39
GCF	35.93	34
GCF	36.43	39
GCF	36.93	43
GCF	37.44	41
GCF	37.94	43
GCF	38.44	34
GCF	38.94	22
GCF	39.45	21
GCF	39.95	32
GCF	40.70	25
GCF	41.46	28
GCF	41.96	20
GCF	42.46	13
GCF	43.72	8
GCF	44.97	12
GCF	45.73	4
GCF	46.48	7
GCF	46.98	11
GCF	47.74	8
GCF	48.74	3
GCF	49.75	5
GCF	50.50	6
GCF	51.01	12
GCF	51.51	7
GCF	52.01	6
GCF	52.51	4
GCF	53.52	3
GCF	54.52	4
GCF	55.03	5
GCF	55.53	6
GCF	56.03	7
GCF	56.53	6
GCF	57.54	10
GCF	58.54	9
GCF	59.05	10
GCF	59.55	11
GCF	60.05	13
GCF	60.55	15
GCF	61.06	11
GCF	61.56	19
GCF	62.06	13
GCF	62.56	12
GCF	63.07	7
GCF	63.57	19
GCF	64.32	16
GCF	65.08	22
GCF	65.58	15
GCF	66.33	12
GCF	67.09	11
GCF	67.59	18
GCF	68.09	15
GCF	68.84	12
GCF	69.60	5
GCF	70.10	9
GCF	70.60	8
GCF	71.11	4
GCF	71.61	2
GCF	72.11	5
GCF	72.61	1
GCF	73.12	2
GCF	73.62	1
GCF	74.12	2
GCF	75.13	1
GCF	76.13	2
GCF	76.63	3
GCF	77.14	4
GCF	77.64	2
GCF	78.14	0
GCF	78.64	2
GCF	79.15	1
GCF	79.65	4
GCF	80.40	1
GCF	81.16	2
GCF	82.66	1
GCF	86.68	0
GCF	89.70	1
# GC Content of last fragments. Use `grep ^GCL | cut -f 2-` to extract this part.
GCL	7.04	0
GCL	14.32	1
GCL	17.09	0
GCL	19.85	1
GCL	20.35	4
GCL	21.11	3
GCL	21.86	4
GCL	22.36	2
GCL	22.86	5
GCL	23.37	11
GCL	23.87	13
GCL	24.37	8
GCL	24.87	13
GCL	25.38	9
GCL	25.88	19
GCL	26.38	16
GCL	26.88	18
GCL	27.39	27
GCL	27.89	31
GCL	28.64	25
GCL	29.40	22
GCL	29.90	35
GCL	30.40	32
GCL	31.16	33
GCL	31.91	45
GCL	32.41	35
GCL	32.91	49
GCL	33.42	53
GCL	33.92	50
GCL	34.42	41
GCL	34.92	57
GCL	35.43	60
GCL	35.93	51
GCL	36.43	46
GCL	36.93	34
GCL	37.44	31
GCL	37.94	30
GCL	38.44	33
GCL	38.94	25
GCL	39.45	30
GCL	39.95	26
GCL	40.45	16
GCL	40.95	17
GCL	41.46	20
GCL	41.96	13
GCL	42.46	8
GCL	42.96	6
GCL	43.47	12
GCL	43.97	10
GCL	44.47	7
GCL	44.97	9
GCL	45.48	6
GCL	46.23	8
GCL	46.98	6
GCL	47.74	8
GCL	48.49	7
GCL	48.99	4
GCL	49.50	7
GCL	50.00	6
GCL	50.50	8
GCL	51.01	10
GCL	51.51	2
GCL	52.01	4
GCL	52.51	2
GCL	53.02	3
GCL	53.77	4
GCL	54.77	2
GCL	55.53	10
GCL	56.28	8
GCL	57.04	5
GCL	57.54	6
GCL	58.04	8
GCL	59.05	7
GCL	60.05	14
GCL	60.55	12
GCL	61.06	11
GCL	61.56	15
GCL	62.06	11
GCL	62.56	15
GCL	63.07	13
GCL	63.57	18
GCL	64.07	11
GCL	64.57	9
GCL	65.08	20
GCL	65.58	16
GCL	66.08	14
GCL	66.58	7
GCL	67.09	16
GCL	67.59	11
GCL	68.09	12
GCL	68.59	11
GCL	69.10	14
GCL	69.60	11
GCL	70.10	7
GCL	70.60	3
GCL	71.11	13
GCL	71.61	7
GCL	72.11	5
GCL	72.61	4
GCL	73.12	1
GCL	73.62	4
GCL	74.12	3
GCL	74.62	1
GCL	75.38	2
GCL	76.13	0
GCL	76.88	4
GCL	77.64	3
GCL	78.14	2
GCL	78.64	1
GCL	79.15	2
GCL	79.90	0
GCL	80.65	1
GCL	81.16	2
GCL	81.66	0
GCL	82.16	3
GCL	82.66	2
GCL	83.17	0
GCL	83.67	1
GCL	84.17	2
GCL	84.67	0
GCL	85.18	1
GCL	85.68	2
GCL	86.18	1
GCL	86.68	2
GCL	87.69	0
GCL	88.69	2
GCL	89.70	0
GCL	90.70	1
GCL	91.71	0
GCL	92.71	1
GCL	93.97	0
GCL	95.23	1
# ACGT content per cycle. Use `grep ^GCC | cut -f 2-` to extract this part. The columns are: cycle; A,C,G,T base counts as a percentage of all A/C/G/T bases [%]; and N and O counts as a percentage of all A/C/G/T bases [%]
GCC	1	23.29	24.83	28.70	23.18	0.69	0.00
GCC	2	28.39	21.30	22.41	27.90	0.00	0.00
GCC	3	30.60	19.82	19.44	30.14	0.00	0.00
GCC	4	32.32	18.48	20.39	28.81	0.00	0.00
GCC	5	30.22	19.66	22.60	27.52	0.00	0.00
GCC	6	32.36	19.44	20.96	27.25	0.00	0.00
GCC	7	27.67	21.57	19.02	31.75	0.00	0.00
GCC	8	29.92	19.82	21.72	28.54	0.00	0.00
GCC	9	25.92	21.65	21.08	31.34	0.04	0.00
GCC	10	30.14	18.90	20.16	30.79	0.00	0.00
GCC	11	26.07	20.73	25.53	27.67	0.00	0.00
GCC	12	26.83	21.76	21.27	30.14	0.00	0.00
GCC	13	27.90	21.49	21.15	29.46	0.00	0.00
GCC	14	27.02	22.45	21.76	28.77	0.00	0.00
GCC	15	27.86	20.96	21.00	30.18	0.00	0.00
GCC	16	30.26	19.09	22.26	28.39	0.00	0.00
GCC	17	29.27	22.48	20.69	27.55	0.00	0.00
GCC	18	28.62	20.69	20.69	29.99	0.00	0.00
GCC	19	28.58	21.57	20.50	29.34	0.00	0.00
GCC	20	28.73	20.08	22.56	28.62	0.00	0.00
GCC	21	30.34	18.45	21.80	29.42	0.00	0.00
GCC	22	28.75	20.05	20.36	30.84	0.04	0.00
GCC	23	29.12	22.03	21.04	27.82	0.00	0.00
GCC	24	27.44	21.04	22.45	29.08	0.00	0.00
GCC	25	29.31	21.42	21.07	28.20	0.00	0.00
GCC	26	29.12	20.08	21.49	29.31	0.00	0.00
GCC	27	30.08	20.90	19.29	29.74	0.42	0.00
GCC	28	28.43	21.00	22.45	28.12	0.00	0.00
GCC	29	25.91	21.34	22.75	29.99	0.00	0.00
GCC	30	30.18	21.15	19.78	28.89	0.00	0.00
GCC	31	29.00	22.33	20.16	28.51	0.00	0.00
GCC	32	29.58	20.05	21.69	28.67	0.04	0.00
GCC	33	27.10	20.69	21.00	31.21	0.00	0.00
GCC	34	30.07	20.31	21.46	28.16	0.00	0.00
GCC	35	28.77	22.64	21.34	27.25	0.00	0.00
GCC	36	29.38	20.35	20.20	30.07	0.00	0.00
GCC	37	26.33	22.56	20.58	30.53	0.00	0.00
GCC	38	29.74	20.97	20.28	29.01	0.04	0.00
GCC	39	30.07	20.27	21.99	27.67	0.00	0.00
GCC	40	30.12	20.21	22.07	27.60	0.04	0.00
GCC	41	28.24	20.88	20.77	30.11	0.00	0.00
GCC	42	30.12	20.59	20.09	29.20	0.04	0.00
GCC	43	29.80	21.15	21.65	27.40	0.00	0.00
GCC	44	30.39	20.70	18.91	30.00	0.04	0.00
GCC	45	28.54	20.96	20.81	29.69	0.00	0.00
GCC	46	28.99	21.43	20.90	28.68	0.08	0.00
GCC	47	28.24	20.73	22.56	28.47	0.00	0.00
GCC	48	30.21	20.86	20.98	27.96	0.08	0.00
GCC	49	27.71	21.84	21.61	28.85	0.00	0.00
GCC	50	29.73	19.93	21.23	29.12	0.00	0.00
GCC	51	28.43	20.62	21.61	29.34	0.00	0.00
GCC	52	28.59	21.62	19.71	30.08	0.04	0.00
GCC	53	28.28	19.89	22.52	29.31	0.00	0.00
GCC	54	30.91	19.05	20.66	29.38	0.00	0.00
GCC	55	30.03	21.57	21.11	27.29	0.00	0.00
GCC	56	29.92	21.46	21.07	27.55	0.00	0.00
GCC	57	29.23	22.83	20.43	27.52	0.00	0.00
GCC	58	30.41	19.78	20.46	29.34	0.00	0.00
GCC	59	27.55	22.18	21.42	28.85	0.00	0.00
GCC	60	30.31	20.43	21.54	27.72	0.04	0.00
GCC	61	27.86	21.19	21.88	29.08	0.00	0.00
GCC	62	28.20	22.18	22.14	27.48	0.00	0.00
GCC	63	29.69	22.10	20.24	27.97	0.00	0.00
GCC	64	30.11	19.05	22.10	28.73	0.00	0.00
GCC	65	27.44	21.65	22.41	28.51	0.00	0.00
GCC	66	29.76	20.88	21.04	28.32	0.00	0.00
GCC	67	27.67	20.08	23.29	28.96	0.00	0.00
GCC	68	29.12	20.58	21.46	28.85	0.00	0.00
GCC	69	26.60	20.77	23.25	29.38	0.00	0.00
GCC	70	30.11	19.74	21.23	28.93	0.00	0.00
GCC	71	30.07	19.51	22.14	28.28	0.00	0.00
GCC	72	30.34	22.33	19.36	27.97	0.00	0.00
GCC	73	28.39	20.50	22.33	28.77	0.00	0.00
GCC	74	29.15	21.84	21.38	27.63	0.00	0.00
GCC	75	29.31	21.23	20.01	29.46	0.00	0.00
GCC	76	30.11	20.24	21.80	27.86	0.00	0.00
GCC	77	27.86	21.49	21.91	28.73	0.00	0.00
GCC	78	27.63	21.27	21.61	29.50	0.00	0.00
GCC	79	28.47	20.39	21.00	30.14	0.00	0.00
GCC	80	27.25	21.61	21.30	29.84	0.00	0.00
GCC	81	28.62	21.42	21.46	28.51	0.00	0.00
GCC	82	29.19	20.69	22.14	27.97	0.00	0.00
GCC	83	27.44	22.90	21.42	28.24	0.00	0.00
GCC	84	28.73	19.89	21.42	29.95	0.00	0.00
GCC	85	29.65	21.34	20.96	28.05	0.00	0.00
GCC	86	28.12	22.56	20.35	28.96	0.00	0.00
GCC	87	29.04	21.30	21.84	27.82	0.00	0.00
GCC	88	29.69	20.73	20.81	28.77	0.00	0.00
GCC	89	28.81	22.03	22.79	26.37	0.00	0.00
GCC	90	29.34	22.33	20.73	27.59	0.00	0.00
GCC	91	30.68	20.50	21.04	27.78	0.00	0.00
GCC	92	30.72	20.96	21.99	26.33	0.00	0.00
GCC	93	29.19	21.68	21.00	28.12	0.00	0.00
GCC	94	28.21	22.84	21.04	27.91	0.04	0.00
GCC	95	29.00	21.15	19.82	30.03	0.00	0.00
GCC	96	30.87	18.37	22.52	28.24	0.00	0.00
GCC	97	29.12	20.35	20.16	30.37	0.00	0.00
GCC	98	30.49	19.44	21.34	28.73	0.00	0.00
GCC	99	27.74	21.27	21.19	29.80	0.00	0.00
GCC	100	29.12	20.31	21.53	29.04	0.00	0.00
GCC	101	29.46	20.43	21.19	28.93	0.00	0.00
GCC	102	28.58	20.88	22.22	28.32	0.00	0.00
GCC	103	27.93	21.57	20.88	29.61	0.00	0.00
GCC	104	28.47	22.45	20.43	28.66	0.00	0.00
GCC	105	28.02	23.90	19.71	28.36	0.00	0.00
GCC	106	28.17	21.07	22.67	28.09	0.04	0.00
GCC	107	26.97	20.95	22.09	29.99	0.00	0.00
GCC	108	29.68	20.56	20.45	29.30	0.00	0.00
GCC	109	29.76	22.47	21.52	26.25	0.00	0.00
GCC	110	28.81	22.67	20.44	28.08	0.54	0.00
GCC	111	27.66	22.24	20.76	29.34	0.00	0.00
GCC	112	29.42	21.78	20.18	28.62	0.00	0.00
GCC	113	28.66	19.98	21.47	29.88	0.00	0.00
GCC	114	28.78	21.29	21.29	28.63	0.00	0.00
GCC	115	29.14	20.99	20.76	29.10	0.00	0.00
GCC	116	28.23	21.88	20.66	29.23	0.00	0.00
GCC	117	28.80	22.25	21.29	27.65	0.04	0.00
GCC	118	29.35	22.61	20.42	27.62	0.00	0.00
GCC	119	28.37	19.98	21.97	29.68	0.04	0.00
GCC	120	28.99	21.77	19.43	29.80	0.00	0.00
GCC	121	27.39	20.17	22.13	30.31	0.00	0.00
GCC	122	27.33	20.87	23.29	28.52	0.00	0.00
GCC	123	29.18	20.72	22.41	27.68	0.00	0.00
GCC	124	28.14	21.44	21.32	29.10	0.04	0.00
GCC	125	27.64	19.78	22.86	29.72	0.00	0.00
GCC	126	29.83	19.75	20.79	29.64	0.00	0.00
GCC	127	29.66	19.38	22.61	28.35	0.00	0.00
GCC	128	29.39	20.38	22.50	27.73	0.00	0.00
GCC	129	30.06	20.54	20.42	28.98	0.00	0.00
GCC	130	29.58	21.33	20.13	28.96	0.00	0.00
GCC	131	28.42	21.75	22.33	27.50	0.00	0.00
GCC	132	31.67	20.52	20.25	27.55	0.00	0.00
GCC	133	27.67	22.57	22.14	27.63	0.04	0.00
GCC	134	29.71	19.74	21.06	29.48	0.00	0.00
GCC	135	29.21	20.23	20.54	30.02	0.04	0.00
GCC	136	30.10	20.23	22.75	26.92	0.00	0.00
GCC	137	30.64	20.35	20.77	28.24	0.00	0.00
GCC	138	28.75	21.08	22.28	27.90	0.04	0.00
GCC	139	28.74	21.30	20.64	29.32	0.00	0.00
GCC	140	29.52	21.54	19.41	29.52	0.04	0.00
GCC	141	27.52	21.59	20.78	30.12	0.00	0.00
GCC	142	29.97	20.19	20.42	29.43	0.00	0.00
GCC	143	26.40	22.20	22.71	28.69	0.00	0.00
GCC	144	30.15	19.70	21.02	29.13	0.00	0.00
GCC	145	29.65	20.20	21.52	28.63	0.00	0.00
GCC	146	29.64	20.36	21.34	28.66	0.08	0.00
GCC	147	28.47	22.04	20.63	28.86	0.00	0.00
GCC	148	28.68	18.60	21.42	31.30	0.00	0.00
GCC	149	28.33	20.73	22.24	28.70	0.00	0.00
GCC	150	29.06	21.99	22.46	26.49	0.00	0.00
GCC	151	27.63	21.77	24.22	26.38	0.00	0.00
# ACGT content per cycle, read oriented. Use `grep ^GCT | cut -f 2-` to extract this part. The columns are: cycle; A,C,G,T base counts as a percentage of all A/C/G/T bases [%]
GCT	1	25.21	24.10	29.43	21.26
GCT	2	30.18	21.42	22.29	26.11
GCT	3	30.72	21.76	17.49	30.03
GCT	4	33.99	19.09	19.78	27.13
GCT	5	30.64	18.71	23.55	27.10
GCT	6	33.69	18.79	21.61	25.91
GCT	7	26.94	21.76	18.83	32.47
GCT	8	29.23	21.57	19.97	29.23
GCT	9	26.80	21.39	21.35	30.46
GCT	10	32.28	19.13	19.93	28.66
GCT	11	28.16	21.99	24.28	25.57
GCT	12	27.67	21.53	21.49	29.31
GCT	13	28.24	20.69	21.95	29.12
GCT	14	27.44	22.94	21.27	28.35
GCT	15	29.95	20.69	21.27	28.09
GCT	16	30.45	20.12	21.23	28.20
GCT	17	30.14	23.36	19.82	26.68
GCT	18	28.66	20.05	21.34	29.95
GCT	19	29.76	20.39	21.68	28.16
GCT	20	28.20	21.15	21.49	29.15
GCT	21	30.45	19.70	20.54	29.31
GCT	22	30.08	20.02	20.40	29.51
GCT	23	27.78	21.53	21.53	29.15
GCT	24	29.38	21.91	21.57	27.13
GCT	25	29.19	21.68	20.81	28.32
GCT	26	29.73	20.16	21.42	28.70
GCT	27	30.42	21.05	19.14	29.39
GCT	28	29.08	21.34	22.10	27.48
GCT	29	25.53	22.18	21.91	30.37
GCT	30	29.23	20.96	19.97	29.84
GCT	31	30.64	22.14	20.35	26.87
GCT	32	29.74	20.28	21.46	28.52
GCT	33	27.25	21.23	20.46	31.06
GCT	34	29.57	20.35	21.42	28.66
GCT	35	28.81	22.75	21.23	27.21
GCT	36	28.70	20.12	20.43	30.75
GCT	37	28.89	22.22	20.92	27.97
GCT	38	28.44	21.43	19.82	30.31
GCT	39	29.12	19.02	23.25	28.62
GCT	40	29.43	20.97	21.31	28.29
GCT	41	30.56	21.23	20.43	27.78
GCT	42	31.15	20.55	20.13	28.17
GCT	43	27.93	20.43	22.37	29.27
GCT	44	30.16	20.24	19.37	30.23
GCT	45	27.78	21.57	20.20	30.45
GCT	46	27.73	20.40	21.93	29.94
GCT	47	29.23	21.57	21.72	27.48
GCT	48	31.54	21.59	20.25	26.62
GCT	49	27.17	21.46	21.99	29.38
GCT	50	30.18	20.31	20.85	28.66
GCT	51	28.54	21.57	20.66	29.23
GCT	52	28.78	21.12	20.21	29.89
GCT	53	27.93	20.69	21.72	29.65
GCT	54	32.32	19.55	20.16	27.97
GCT	55	28.77	21.07	21.61	28.54
GCT	56	28.89	21.49	21.04	28.58
GCT	57	28.85	23.06	20.20	27.90
GCT	58	29.92	19.36	20.88	29.84
GCT	59	27.67	22.60	21.00	28.73
GCT	60	30.54	20.21	21.77	27.49
GCT	61	28.01	21.04	22.03	28.93
GCT	62	28.51	21.65	22.68	27.17
GCT	63	28.39	21.42	20.92	29.27
GCT	64	29.88	20.43	20.73	28.96
GCT	65	29.31	22.45	21.61	26.64
GCT	66	30.03	21.23	20.69	28.05
GCT	67	28.24	20.58	22.79	28.39
GCT	68	27.90	21.34	20.69	30.07
GCT	69	28.81	21.07	22.94	27.17
GCT	70	29.92	20.16	20.81	29.12
GCT	71	29.65	19.93	21.72	28.70
GCT	72	29.54	20.85	20.85	28.77
GCT	73	28.47	20.58	22.26	28.70
GCT	74	30.49	22.18	21.04	26.30
GCT	75	29.69	20.62	20.62	29.08
GCT	76	30.64	21.00	21.04	27.32
GCT	77	28.43	21.30	22.10	28.16
GCT	78	29.76	21.42	21.46	27.36
GCT	79	29.57	21.19	20.20	29.04
GCT	80	28.20	22.64	20.27	28.89
GCT	81	29.65	20.31	22.56	27.48
GCT	82	27.97	22.07	20.77	29.19
GCT	83	27.71	22.26	22.07	27.97
GCT	84	28.51	20.20	21.11	30.18
GCT	85	30.03	21.57	20.73	27.67
GCT	86	28.51	22.33	20.58	28.58
GCT	87	28.54	21.88	21.27	28.32
GCT	88	29.34	20.69	20.85	29.12
GCT	89	28.05	21.88	22.94	27.13
GCT	90	29.76	20.85	22.22	27.17
GCT	91	29.76	19.97	21.57	28.70
GCT	92	29.61	21.00	21.95	27.44
GCT	93	29.15	22.33	20.35	28.16
GCT	94	27.83	22.53	21.35	28.29
GCT	95	29.73	20.88	20.08	29.31
GCT	96	29.84	19.63	21.27	29.27
GCT	97	29.57	19.82	20.69	29.92
GCT	98	31.10	20.27	20.50	28.12
GCT	99	28.58	21.88	20.58	28.96
GCT	100	28.05	20.24	21.61	30.11
GCT	101	28.89	21.23	20.39	29.50
GCT	102	28.39	20.62	22.48	28.51
GCT	103	27.90	21.61	20.85	29.65
GCT	104	27.10	21.15	21.72	30.03
GCT	105	27.34	23.45	20.17	29.05
GCT	106	27.37	20.50	23.24	28.89
GCT	107	29.34	22.24	20.79	27.62
GCT	108	29.19	20.53	20.49	29.80
GCT	109	30.41	21.06	22.93	25.60
GCT	110	29.92	23.21	19.91	26.97
GCT	111	28.73	21.63	21.37	28.27
GCT	112	29.19	21.70	20.25	28.85
GCT	113	29.31	21.70	19.76	29.23
GCT	114	29.40	20.99	21.60	28.02
GCT	115	28.80	21.57	20.19	29.45
GCT	116	26.82	21.84	20.70	30.64
GCT	117	28.53	23.13	20.41	27.92
GCT	118	28.62	21.57	21.46	28.35
GCT	119	28.22	20.82	21.13	29.83
GCT	120	29.11	22.35	18.86	29.69
GCT	121	28.89	21.90	20.40	28.81
GCT	122	28.52	21.45	22.71	27.33
GCT	123	28.45	21.53	21.61	28.41
GCT	124	28.41	21.63	21.13	28.83
GCT	125	29.06	20.44	22.21	28.29
GCT	126	29.95	20.86	19.67	29.52
GCT	127	29.28	20.07	21.92	28.74
GCT	128	28.85	20.38	22.50	28.27
GCT	129	29.83	20.77	20.19	29.21
GCT	130	28.50	22.79	18.67	30.04
GCT	131	29.46	22.25	21.83	26.46
GCT	132	30.90	20.06	20.72	28.32
GCT	133	28.09	22.06	22.64	27.20
GCT	134	28.94	20.09	20.71	30.26
GCT	135	30.02	20.31	20.46	29.21
GCT	136	28.51	20.54	22.44	28.51
GCT	137	28.90	21.20	19.92	29.98
GCT	138	30.03	21.00	22.36	26.62
GCT	139	28.85	20.53	21.42	29.20
GCT	140	30.61	21.27	19.68	28.44
GCT	141	28.72	21.67	20.70	28.91
GCT	142	29.39	19.25	21.35	30.01
GCT	143	27.49	22.78	22.12	27.60
GCT	144	29.60	20.24	20.48	29.68
GCT	145	29.34	20.66	21.05	28.95
GCT	146	28.50	20.63	21.06	29.80
GCT	147	27.84	22.08	20.59	29.49
GCT	148	29.51	19.67	20.35	30.46
GCT	149	28.54	21.38	21.59	28.50
GCT	150	28.22	22.04	22.41	27.33
GCT	151	27.73	23.31	22.68	26.29
# ACGT content per cycle for first fragments. Use `grep ^FBC | cut -f 2-` to extract this part. The columns are: cycle; A,C,G,T base counts as a percentage of all A/C/G/T bases [%]; and N and O counts as a percentage of all A/C/G/T bases [%]
FBC	1	23.74	24.81	29.77	21.68	0.15	0.00
FBC	2	29.12	20.81	23.63	26.45	0.00	0.00
FBC	3	30.95	18.22	19.36	31.48	0.00	0.00
FBC	4	31.02	18.37	19.66	30.95	0.00	0.00
FBC	5	28.89	20.12	24.31	26.68	0.00	0.00
FBC	6	30.79	18.06	23.09	28.05	0.00	0.00
FBC	7	29.19	19.97	19.44	31.40	0.00	0.00
FBC	8	29.95	19.89	22.18	27.97	0.00	0.00
FBC	9	26.52	21.04	19.89	32.55	0.00	0.00
FBC	10	30.95	18.37	20.81	29.88	0.00	0.00
FBC	11	25.91	20.27	26.22	27.59	0.00	0.00
FBC	12	24.24	23.25	21.42	31.10	0.00	0.00
FBC	13	26.60	20.50	22.94	29.95	0.00	0.00
FBC	14	26.98	22.56	23.02	27.44	0.00	0.00
FBC	15	27.36	20.96	21.80	29.88	0.00	0.00
FBC	16	29.50	18.22	23.25	29.04	0.00	0.00
FBC	17	28.43	22.94	20.88	27.74	0.00	0.00
FBC	18	29.57	20.50	19.36	30.56	0.00	0.00
FBC	19	27.97	22.10	20.88	29.04	0.00	0.00
FBC	20	27.44	22.26	21.95	28.35	0.00	0.00
FBC	21	30.26	17.99	21.80	29.95	0.00	0.00
FBC	22	28.35	19.28	21.65	30.72	0.00	0.00
FBC	23	29.12	21.49	20.35	29.04	0.00	0.00
FBC	24	27.82	20.88	23.09	28.20	0.00	0.00
FBC	25	28.51	22.94	21.65	26.91	0.00	0.00
FBC	26	28.20	21.04	20.05	30.72	0.00	0.00
FBC	27	29.37	20.98	19.91	29.75	0.08	0.00
FBC	28	30.03	19.97	22.87	27.13	0.00	0.00
FBC	29	25.76	21.19	21.88	31.17	0.00	0.00
FBC	30	30.79	19.74	19.82	29.65	0.00	0.00
FBC	31	29.27	23.40	19.66	27.67	0.00	0.00
FBC	32	28.20	20.20	22.94	28.66	0.00	0.00
FBC	33	24.92	21.42	20.96	32.70	0.00	0.00
FBC	34	30.49	18.67	22.41	28.43	0.00	0.00
FBC	35	27.52	23.40	21.65	27.44	0.00	0.00
FBC	36	28.20	20.50	21.04	30.26	0.00	0.00
FBC	37	26.22	24.54	19.51	29.73	0.00	0.00
FBC	38	30.87	20.96	19.82	28.35	0.00	0.00
FBC	39	30.26	21.19	22.26	26.30	0.00	0.00
FBC	40	31.05	19.68	21.59	27.69	0.08	0.00
FBC	41	28.89	20.20	21.34	29.57	0.00	0.00
FBC	42	32.62	20.58	19.28	27.52	0.00	0.00
FBC	43	30.79	19.66	22.41	27.13	0.00	0.00
FBC	44	30.51	19.37	18.46	31.66	0.08	0.00
FBC	45	27.36	22.48	20.96	29.19	0.00	0.00
FBC	46	28.85	21.53	21.22	28.40	0.15	0.00
FBC	47	28.28	21.04	22.94	27.74	0.00	0.00
FBC	48	29.67	19.76	22.27	28.30	0.08	0.00
FBC	49	27.82	22.87	20.58	28.73	0.00	0.00
FBC	50	28.20	20.66	21.57	29.57	0.00	0.00
FBC	51	28.12	19.97	22.33	29.57	0.00	0.00
FBC	52	29.27	18.75	20.66	31.33	0.00	0.00
FBC	53	28.66	20.27	21.34	29.73	0.00	0.00
FBC	54	29.80	18.67	21.72	29.80	0.00	0.00
FBC	55	29.34	22.33	22.64	25.69	0.00	0.00
FBC	56	29.50	22.94	20.12	27.44	0.00	0.00
FBC	57	28.51	22.94	20.81	27.74	0.00	0.00
FBC	58	31.10	18.75	20.81	29.34	0.00	0.00
FBC	59	26.68	21.88	21.80	29.65	0.00	0.00
FBC	60	28.66	20.50	22.26	28.58	0.00	0.00
FBC	61	27.59	21.42	21.80	29.19	0.00	0.00
FBC	62	28.66	20.96	21.72	28.66	0.00	0.00
FBC	63	29.50	22.71	20.58	27.21	0.00	0.00
FBC	64	30.41	19.82	21.49	28.28	0.00	0.00
FBC	65	29.04	21.42	22.18	27.36	0.00	0.00
FBC	66	29.27	21.11	20.96	28.66	0.00	0.00
FBC	67	26.45	20.20	23.25	30.11	0.00	0.00
FBC	68	29.80	19.44	21.88	28.89	0.00	0.00
FBC	69	25.76	20.81	23.25	30.18	0.00	0.00
FBC	70	31.02	19.89	21.80	27.29	0.00	0.00
FBC	71	30.34	21.19	21.42	27.06	0.00	0.00
FBC	72	30.18	20.58	20.35	28.89	0.00	0.00
FBC	73	27.44	19.97	24.47	28.12	0.00	0.00
FBC	74	31.94	20.96	19.89	27.21	0.00	0.00
FBC	75	29.42	21.42	20.12	29.04	0.00	0.00
FBC	76	30.11	18.98	22.94	27.97	0.00	0.00
FBC	77	26.22	21.42	23.09	29.27	0.00	0.00
FBC	78	26.60	22.56	19.89	30.95	0.00	0.00
FBC	79	27.67	21.65	20.12	30.56	0.00	0.00
FBC	80	29.27	21.88	20.12	28.73	0.00	0.00
FBC	81	29.73	22.48	20.27	27.52	0.00	0.00
FBC	82	27.36	20.81	22.10	29.73	0.00	0.00
FBC	83	26.98	22.64	22.26	28.12	0.00	0.00
FBC	84	28.35	18.67	22.33	30.64	0.00	0.00
FBC	85	29.42	20.66	22.41	27.52	0.00	0.00
FBC	86	28.89	22.03	19.51	29.57	0.00	0.00
FBC	87	28.96	21.27	21.65	28.12	0.00	0.00
FBC	88	28.81	20.27	21.57	29.34	0.00	0.00
FBC	89	28.58	20.50	23.78	27.13	0.00	0.00
FBC	90	30.34	22.56	19.51	27.59	0.00	0.00
FBC	91	32.24	20.20	22.18	25.38	0.00	0.00
FBC	92	31.63	21.19	19.66	27.52	0.00	0.00
FBC	93	28.66	21.34	21.11	28.89	0.00	0.00
FBC	94	28.81	21.42	20.50	29.27	0.00	0.00
FBC	95	28.96	19.59	19.66	31.78	0.00	0.00
FBC	96	31.10	17.38	22.64	28.89	0.00	0.00
FBC	97	27.59	20.12	20.05	32.24	0.00	0.00
FBC	98	32.39	18.75	19.05	29.80	0.00	0.00
FBC	99	28.20	21.19	18.98	31.63	0.00	0.00
FBC	100	27.59	20.20	21.27	30.95	0.00	0.00
FBC	101	29.50	20.66	20.35	29.50	0.00	0.00
FBC	102	26.98	23.25	21.34	28.43	0.00	0.00
FBC	103	27.44	20.88	22.94	28.73	0.00	0.00
FBC	104	27.74	23.40	19.44	29.42	0.00	0.00
FBC	105	27.06	25.53	19.21	28.20	0.00	0.00
FBC	106	28.60	19.60	23.19	28.60	0.00	0.00
FBC	107	25.48	20.67	22.20	31.66	0.00	0.00
FBC	108	29.37	20.52	19.98	30.13	0.00	0.00
FBC	109	28.22	23.57	21.66	26.54	0.00	0.00
FBC	110	29.06	22.58	20.75	27.61	0.00	0.00
FBC	111	25.55	23.57	20.98	29.90	0.00	0.00
FBC	112	29.34	21.85	19.94	28.88	0.00	0.00
FBC	113	27.88	19.48	22.69	29.95	0.00	0.00
FBC	114	28.95	21.16	21.39	28.50	0.00	0.00
FBC	115	30.25	20.93	21.47	27.35	0.00	0.00
FBC	116	28.27	23.53	20.32	27.88	0.00	0.00
FBC	117	28.27	22.69	22.00	27.04	0.00	0.00
FBC	118	30.79	21.39	19.40	28.42	0.00	0.00
FBC	119	29.87	19.63	22.38	28.11	0.00	0.00
FBC	120	30.05	21.64	17.66	30.66	0.00	0.00
FBC	121	24.62	21.64	22.71	31.04	0.00	0.00
FBC	122	27.37	21.41	22.48	28.75	0.00	0.00
FBC	123	29.66	20.18	22.63	27.52	0.00	0.00
FBC	124	27.06	20.49	21.41	31.04	0.00	0.00
FBC	125	26.45	19.34	24.85	29.36	0.00	0.00
FBC	126	29.20	19.34	20.26	31.19	0.00	0.00
FBC	127	30.60	19.59	21.88	27.93	0.00	0.00
FBC	128	31.29	18.59	22.88	27.24	0.00	0.00
FBC	129	28.16	21.04	20.35	30.45	0.00	0.00
FBC	130	29.30	19.74	20.50	30.45	0.00	0.00
FBC	131	27.70	21.12	21.35	29.84	0.00	0.00
FBC	132	30.53	20.05	20.89	28.54	0.00	0.00
FBC	133	26.09	23.64	23.64	26.63	0.00	0.00
FBC	134	31.45	18.97	22.57	27.01	0.00	0.00
FBC	135	28.69	19.43	21.12	30.76	0.00	0.00
FBC	136	29.23	20.66	22.65	27.47	0.00	0.00
FBC	137	29.84	19.89	21.81	28.46	0.00	0.00
FBC	138	28.25	21.90	21.29	28.56	0.00	0.00
FBC	139	28.41	22.51	19.68	29.40	0.00	0.00
FBC	140	30.25	21.59	18.45	29.71	0.00	0.00
FBC	141	26.51	22.30	21.30	29.89	0.00	0.00
FBC	142	29.24	20.64	20.72	29.39	0.00	0.00
FBC	143	25.67	22.60	23.14	28.59	0.00	0.00
FBC	144	29.87	19.94	20.32	29.87	0.00	0.00
FBC	145	29.66	20.72	21.11	28.51	0.00	0.00
FBC	146	29.07	21.28	22.59	27.06	0.08	0.00
FBC	147	26.70	23.15	21.37	28.78	0.00	0.00
FBC	148	27.65	18.85	21.73	31.78	0.00	0.00
FBC	149	27.11	20.67	23.05	29.17	0.00	0.00
FBC	150	28.54	21.79	23.25	26.42	0.00	0.00
FBC	151	25.20	22.81	24.76	27.23	0.00	0.00
# ACGT raw counters for first fragments. Use `grep ^FTC | cut -f 2-` to extract this part. The columns are: A,C,G,T,N base counters
FTC	56684	41361	42406	57092	9
# ACGT content per cycle for last fragments. Use `grep ^LBC | cut -f 2-` to extract this part. The columns are: cycle; A,C,G,T base counts as a percentage of all A/C/G/T bases [%]; and N and O counts as a percentage of all A/C/G/T bases [%]
LBC	1	22.84	24.85	27.62	24.69	1.23	0.00
LBC	2	27.67	21.80	21.19	29.34	0.00	0.00
LBC	3	30.26	21.42	19.51	28.81	0.00	0.00
LBC	4	33.61	18.60	21.11	26.68	0.00	0.00
LBC	5	31.55	19.21	20.88	28.35	0.00	0.00
LBC	6	33.92	20.81	18.83	26.45	0.00	0.00
LBC	7	26.14	23.17	18.60	32.09	0.00	0.00
LBC	8	29.88	19.74	21.27	29.12	0.00	0.00
LBC	9	25.32	22.27	22.27	30.13	0.08	0.00
LBC	10	29.34	19.44	19.51	31.71	0.00	0.00
LBC	11	26.22	21.19	24.85	27.74	0.00	0.00
LBC	12	29.42	20.27	21.11	29.19	0.00	0.00
LBC	13	29.19	22.48	19.36	28.96	0.00	0.00
LBC	14	27.06	22.33	20.50	30.11	0.00	0.00
LBC	15	28.35	20.96	20.20	30.49	0.00	0.00
LBC	16	31.02	19.97	21.27	27.74	0.00	0.00
LBC	17	30.11	22.03	20.50	27.36	0.00	0.00
LBC	18	27.67	20.88	22.03	29.42	0.00	0.00
LBC	19	29.19	21.04	20.12	29.65	0.00	0.00
LBC	20	30.03	17.91	23.17	28.89	0.00	0.00
LBC	21	30.41	18.90	21.80	28.89	0.00	0.00
LBC	22	29.14	20.82	19.07	30.97	0.08	0.00
LBC	23	29.12	22.56	21.72	26.60	0.00	0.00
LBC	24	27.06	21.19	21.80	29.95	0.00	0.00
LBC	25	30.11	19.89	20.50	29.50	0.00	0.00
LBC	26	30.03	19.13	22.94	27.90	0.00	0.00
LBC	27	30.80	20.81	18.66	29.72	0.77	0.00
LBC	28	26.83	22.03	22.03	29.12	0.00	0.00
LBC	29	26.07	21.49	23.63	28.81	0.00	0.00
LBC	30	29.57	22.56	19.74	28.12	0.00	0.00
LBC	31	28.73	21.27	20.66	29.34	0.00	0.00
LBC	32	30.97	19.91	20.44	28.68	0.08	0.00
LBC	33	29.27	19.97	21.04	29.73	0.00	0.00
LBC	34	29.65	21.95	20.50	27.90	0.00	0.00
LBC	35	30.03	21.88	21.04	27.06	0.00	0.00
LBC	36	30.56	20.20	19.36	29.88	0.00	0.00
LBC	37	26.45	20.58	21.65	31.33	0.00	0.00
LBC	38	28.60	20.98	20.75	29.67	0.08	0.00
LBC	39	29.88	19.36	21.72	29.04	0.00	0.00
LBC	40	29.19	20.73	22.56	27.52	0.00	0.00
LBC	41	27.59	21.57	20.20	30.64	0.00	0.00
LBC	42	27.61	20.59	20.90	30.89	0.08	0.00
LBC	43	28.81	22.64	20.88	27.67	0.00	0.00
LBC	44	30.26	22.03	19.36	28.35	0.00	0.00
LBC	45	29.73	19.44	20.66	30.18	0.00	0.00
LBC	46	29.12	21.34	20.58	28.96	0.00	0.00
LBC	47	28.20	20.43	22.18	29.19	0.00	0.00
LBC	48	30.74	21.97	19.68	27.61	0.08	0.00
LBC	49	27.59	20.81	22.64	28.96	0.00	0.00
LBC	50	31.25	19.21	20.88	28.66	0.00	0.00
LBC	51	28.73	21.27	20.88	29.12	0.00	0.00
LBC	52	27.92	24.49	18.76	28.83	0.08	0.00
LBC	53	27.90	19.51	23.70	28.89	0.00	0.00
LBC	54	32.01	19.44	19.59	28.96	0.00	0.00
LBC	55	30.72	20.81	19.59	28.89	0.00	0.00
LBC	56	30.34	19.97	22.03	27.67	0.00	0.00
LBC	57	29.95	22.71	20.05	27.29	0.00	0.00
LBC	58	29.73	20.81	20.12	29.34	0.00	0.00
LBC	59	28.43	22.48	21.04	28.05	0.00	0.00
LBC	60	31.96	20.37	20.82	26.85	0.08	0.00
LBC	61	28.12	20.96	21.95	28.96	0.00	0.00
LBC	62	27.74	23.40	22.56	26.30	0.00	0.00
LBC	63	29.88	21.49	19.89	28.73	0.00	0.00
LBC	64	29.80	18.29	22.71	29.19	0.00	0.00
LBC	65	25.84	21.88	22.64	29.65	0.00	0.00
LBC	66	30.26	20.66	21.11	27.97	0.00	0.00
LBC	67	28.89	19.97	23.32	27.82	0.00	0.00
LBC	68	28.43	21.72	21.04	28.81	0.00	0.00
LBC	69	27.44	20.73	23.25	28.58	0.00	0.00
LBC	70	29.19	19.59	20.66	30.56	0.00	0.00
LBC	71	29.80	17.84	22.87	29.50	0.00	0.00
LBC	72	30.49	24.09	18.37	27.06	0.00	0.00
LBC	73	29.34	21.04	20.20	29.42	0.00	0.00
LBC	74	26.37	22.71	22.87	28.05	0.00	0.00
LBC	75	29.19	21.04	19.89	29.88	0.00	0.00
LBC	76	30.11	21.49	20.66	27.74	0.00	0.00
LBC	77	29.50	21.57	20.73	28.20	0.00	0.00
LBC	78	28.66	19.97	23.32	28.05	0.00	0.00
LBC	79	29.27	19.13	21.88	29.73	0.00	0.00
LBC	80	25.23	21.34	22.48	30.95	0.00	0.00
LBC	81	27.52	20.35	22.64	29.50	0.00	0.00
LBC	82	31.02	20.58	22.18	26.22	0.00	0.00
LBC	83	27.90	23.17	20.58	28.35	0.00	0.00
LBC	84	29.12	21.11	20.50	29.27	0.00	0.00
LBC	85	29.88	22.03	19.51	28.58	0.00	0.00
LBC	86	27.36	23.09	21.19	28.35	0.00	0.00
LBC	87	29.12	21.34	22.03	27.52	0.00	0.00
LBC	88	30.56	21.19	20.05	28.20	0.00	0.00
LBC	89	29.04	23.55	21.80	25.61	0.00	0.00
LBC	90	28.35	22.10	21.95	27.59	0.00	0.00
LBC	91	29.12	20.81	19.89	30.18	0.00	0.00
LBC	92	29.80	20.73	24.31	25.15	0.00	0.00
LBC	93	29.73	22.03	20.88	27.36	0.00	0.00
LBC	94	27.61	24.26	21.59	26.54	0.08	0.00
LBC	95	29.04	22.71	19.97	28.28	0.00	0.00
LBC	96	30.64	19.36	22.41	27.59	0.00	0.00
LBC	97	30.64	20.58	20.27	28.51	0.00	0.00
LBC	98	28.58	20.12	23.63	27.67	0.00	0.00
LBC	99	27.29	21.34	23.40	27.97	0.00	0.00
LBC	100	30.64	20.43	21.80	27.13	0.00	0.00
LBC	101	29.42	20.20	22.03	28.35	0.00	0.00
LBC	102	30.18	18.52	23.09	28.20	0.00	0.00
LBC	103	28.43	22.26	18.83	30.49	0.00	0.00
LBC	104	29.19	21.49	21.42	27.90	0.00	0.00
LBC	105	28.99	22.27	20.21	28.53	0.00	0.00
LBC	106	27.73	22.54	22.15	27.58	0.08	0.00
LBC	107	28.47	21.22	21.98	28.32	0.00	0.00
LBC	108	30.00	20.61	20.92	28.47	0.00	0.00
LBC	109	31.30	21.37	21.37	25.95	0.00	0.00
LBC	110	28.55	22.76	20.14	28.55	1.08	0.00
LBC	111	29.77	20.92	20.53	28.78	0.00	0.00
LBC	112	29.51	21.71	20.41	28.36	0.00	0.00
LBC	113	29.43	20.49	20.26	29.82	0.00	0.00
LBC	114	28.62	21.42	21.19	28.77	0.00	0.00
LBC	115	28.02	21.06	20.06	30.86	0.00	0.00
LBC	116	28.20	20.23	21.00	30.57	0.00	0.00
LBC	117	29.34	21.81	20.58	28.26	0.08	0.00
LBC	118	27.90	23.83	21.45	26.83	0.00	0.00
LBC	119	26.87	20.32	21.56	31.25	0.08	0.00
LBC	120	27.93	21.91	21.22	28.94	0.00	0.00
LBC	121	30.19	18.69	21.54	29.58	0.00	0.00
LBC	122	27.28	20.32	24.11	28.28	0.00	0.00
LBC	123	28.69	21.27	22.20	27.84	0.00	0.00
LBC	124	29.22	22.40	21.24	27.13	0.08	0.00
LBC	125	28.84	20.23	20.85	30.08	0.00	0.00
LBC	126	30.47	20.16	21.32	28.06	0.00	0.00
LBC	127	28.70	19.16	23.35	28.78	0.00	0.00
LBC	128	27.46	22.19	22.11	28.24	0.00	0.00
LBC	129	31.99	20.03	20.50	27.48	0.00	0.00
LBC	130	29.86	22.94	19.75	27.45	0.00	0.00
LBC	131	29.16	22.40	23.33	25.12	0.00	0.00
LBC	132	32.84	21.01	19.61	26.54	0.00	0.00
LBC	133	29.27	21.47	20.61	28.65	0.08	0.00
LBC	134	27.95	20.53	19.52	32.01	0.00	0.00
LBC	135	29.73	21.05	19.95	29.26	0.08	0.00
LBC	136	30.99	19.80	22.85	26.37	0.00	0.00
LBC	137	31.46	20.81	19.72	28.01	0.00	0.00
LBC	138	29.25	20.24	23.29	27.22	0.08	0.00
LBC	139	29.08	20.06	21.63	29.23	0.00	0.00
LBC	140	28.78	21.49	20.39	29.33	0.08	0.00
LBC	141	28.55	20.86	20.24	30.35	0.00	0.00
LBC	142	30.71	19.72	20.11	29.46	0.00	0.00
LBC	143	27.14	21.79	22.27	28.80	0.00	0.00
LBC	144	30.43	19.45	21.74	28.38	0.00	0.00
LBC	145	29.64	19.65	21.95	28.76	0.00	0.00
LBC	146	30.23	19.41	20.05	30.31	0.08	0.00
LBC	147	30.30	20.89	19.86	28.95	0.00	0.00
LBC	148	29.75	18.35	21.10	30.80	0.00	0.00
LBC	149	29.62	20.80	21.38	28.20	0.00	0.00
LBC	150	29.62	22.21	21.60	26.57	0.00	0.00
LBC	151	30.53	20.53	23.58	25.37	0.00	0.00
# ACGT raw counters for last fragments. Use `grep ^LTC | cut -f 2-` to extract this part. The columns are: A,C,G,T,N base counters
LTC	57243	41300	41678	56171	58
# Insert sizes. Use `grep ^IS | cut -f 2-` to extract this part. The columns are: insert size, pairs total, inward oriented pairs, outward oriented pairs, other pairs
IS	0	0	0	0	0
IS	1	0	0	0	0
IS	2	0	0	0	0
IS	3	0	0	0	0
IS	4	0	0	0	0
IS	5	0	0	0	0
IS	6	0	0	0	0
IS	7	0	0	0	0
IS	8	0	0	0	0
IS	9	0	0	0	0
IS	10	0	0	0	0
IS	11	0	0	0	0
IS	12	0	0	0	0
IS	13	0	0	0	0
IS	14	0	0	0	0
IS	15	0	0	0	0
IS	16	0	0	0	0
IS	17	0	0	0	0
IS	18	0	0	0	0
IS	19	0	0	0	0
IS	20	0	0	0	0
IS	21	0	0	0	0
IS	22	0	0	0	0
IS	23	0	0	0	0
IS	24	0	0	0	0
IS	25	0	0	0	0
IS	26	0	0	0	0
IS	27	0	0	0	0
IS	28	0	0	0	0
IS	29	0	0	0	0
IS	30	0	0	0	0
IS	31	0	0	0	0
IS	32	0	0	0	0
IS	33	0	0	0	0
IS	34	0	0	0	0
IS	35	0	0	0	0
IS	36	0	0	0	0
IS	37	0	0	0	0
IS	38	0	0	0	0
IS	39	0	0	0	0
IS	40	0	0	0	0
IS	41	0	0	0	0
IS	42	0	0	0	0
IS	43	0	0	0	0
IS	44	0	0	0	0
IS	45	0	0	0	0
IS	46	0	0	0	0
IS	47	0	0	0	0
IS	48	0	0	0	0
IS	49	0	0	0	0
IS	50	0	0	0	0
IS	51	0	0	0	0
IS	52	0	0	0	0
IS	53	0	0	0	0
IS	54	0	0	0	0
IS	55	0	0	0	0
IS	56	0	0	0	0
IS	57	0	0	0	0
IS	58	0	0	0	0
IS	59	0	0	0	0
IS	60	0	0	0	0
IS	61	0	0	0	0
IS	62	0	0	0	0
IS	63	0	0	0	0
IS	64	0	0	0	0
IS	65	0	0	0	0
IS	66	0	0	0	0
IS	67	0	0	0	0
IS	68	0	0	0	0
IS	69	0	0	0	0
IS	70	0	0	0	0
IS	71	0	0	0	0
IS	72	0	0	0	0
IS	73	0	0	0	0
IS	74	0	0	0	0
IS	75	0	0	0	0
IS	76	0	0	0	0
IS	77	0	0	0	0
IS	78	0	0	0	0
IS	79	0	0	0	0
IS	80	0	0	0	0
IS	81	0	0	0	0
IS	82	0	0	0	0
IS	83	0	0	0	0
IS	84	0	0	0	0
IS	85	0	0	0	0
IS	86	0	0	0	0
IS	87	0	0	0	0
IS	88	0	0	0	0
IS	89	0	0	0	0
IS	90	0	0	0	0
IS	91	0	0	0	0
IS	92	0	0	0	0
IS	93	0	0	0	0
IS	94	0	0	0	0
IS	95	0	0	0	0
IS	96	0	0	0	0
IS	97	0	0	0	0
IS	98	0	0	0	0
IS	99	0	0	0	0
IS	100	0	0	0	0
IS	101	0	0	0	0
IS	102	0	0	0	0
IS	103	0	0	0	0
IS	104	0	0	0	0
IS	105	0	0	0	0
IS	106	0	0	0	0
IS	107	0	0	0	0
IS	108	0	0	0	0
IS	109	0	0	0	0
IS	110	0	0	0	0
IS	111	0	0	0	0
IS	112	0	0	0	0
IS	113	0	0	0	0
IS	114	0	0	0	0
IS	115	0	0	0	0
IS	116	0	0	0	0
IS	117	0	0	0	0
IS	118	0	0	0	0
IS	119	0	0	0	0
IS	120	0	0	0	0
IS	121	0	0	0	0
IS	122	0	0	0	0
IS	123	0	0	0	0
IS	124	0	0	0	0
IS	125	0	0	0	0
IS	126	0	0	0	0
IS	127	0	0	0	0
IS	128	0	0	0	0
IS	129	0	0	0	0
IS	130	0	0	0	0
IS	131	0	0	0	0
IS	132	0	0	0	0
IS	133	0	0	0	0
IS	134	0	0	0	0
IS	135	0	0	0	0
IS	136	0	0	0	0
IS	137	0	0	0	0
IS	138	0	0	0	0
IS	139	0	0	0	0
IS	140	0	0	0	0
IS	141	0	0	0	0
IS	142	0	0	0	0
IS	143	0	0	0	0
IS	144	0	0	0	0
IS	145	0	0	0	0
IS	146	0	0	0	0
IS	147	0	0	0	0
IS	148	0	0	0	0
IS	149	0	0	0	0
IS	150	0	0	0	0
IS	151	0	0	0	0
IS	152	0	0	0	0
IS	153	0	0	0	0
IS	154	0	0	0	0
IS	155	0	0	0	0
IS	156	0	0	0	0
IS	157	0	0	0	0
IS	158	0	0	0	0
IS	159	0	0	0	0
IS	160	0	0	0	0
IS	161	0	0	0	0
IS	162	0	0	0	0
IS	163	1	1	0	0
IS	164	0	0	0	0
IS	165	0	0	0	0
IS	166	0	0	0	0
IS	167	0	0	0	0
IS	168	0	0	0	0
IS	169	0	0	0	0
IS	170	0	0	0	0
IS	171	2	2	0	0
IS	172	0	0	0	0
IS	173	0	0	0	0
IS	174	0	0	0	0
IS	175	0	0	0	0
IS	176	0	0	0	0
IS	177	1	1	0	0
IS	178	0	0	0	0
IS	179	0	0	0	0
IS	180	1	1	0	0
IS	181	0	0	0	0
IS	182	0	0	0	0
IS	183	0	0	0	0
IS	184	0	0	0	0
IS	185	1	1	0	0
IS	186	0	0	0	0
IS	187	0	0	0	0
IS	188	0	0	0	0
IS	189	0	0	0	0
IS	190	0	0	0	0
IS	191	2	2	0	0
IS	192	0	0	0	0
IS	193	0	0	0	0
IS	194	0	0	0	0
IS	195	1	1	0	0
IS	196	0	0	0	0
IS	197	3	3	0	0
IS	198	1	1	0	0
IS	199	1	1	0	0
IS	200	1	1	0	0
IS	201	0	0	0	0
IS	202	1	1	0	0
IS	203	0	0	0	0
IS	204	2	2	0	0
IS	205	1	1	0	0
IS	206	0	0	0	0
IS	207	0	0	0	0
IS	208	0	0	0	0
IS	209	0	0	0	0
IS	210	3	3	0	0
IS	211	1	1	0	0
IS	212	1	1	0	0
IS	213	3	3	0	0
IS	214	2	2	0	0
IS	215	0	0	0	0
IS	216	1	1	0	0
IS	217	3	3	0	0
IS	218	1	1	0	0
IS	219	1	1	0	0
IS	220	1	1	0	0
IS	221	3	3	0	0
IS	222	1	1	0	0
IS	223	1	1	0	0
IS	224	2	2	0	0
IS	225	3	3	0	0
IS	226	1	1	0	0
IS	227	2	2	0	0
IS	228	2	2	0	0
IS	229	1	1	0	0
IS	230	0	0	0	0
IS	231	4	4	0	0
IS	232	5	5	0	0
IS	233	4	4	0	0
IS	234	1	1	0	0
IS	235	6	6	0	0
IS	236	2	2	0	0
IS	237	0	0	0	0
IS	238	10	10	0	0
IS	239	2	2	0	0
IS	240	0	0	0	0
IS	241	1	1	0	0
IS	242	0	0	0	0
IS	243	4	4	0	0
IS	244	6	6	0	0
IS	245	3	3	0	0
IS	246	6	6	0	0
IS	247	1	1	0	0
IS	248	4	4	0	0
IS	249	1	1	0	0
IS	250	1	1	0	0
IS	251	7	7	0	0
IS	252	2	2	0	0
IS	253	4	4	0	0
IS	254	4	4	0	0
IS	255	5	5	0	0
IS	256	2	2	0	0
IS	257	1	1	0	0
IS	258	3	3	0	0
IS	259	2	2	0	0
IS	260	6	6	0	0
IS	261	1	1	0	0
IS	262	0	0	0	0
IS	263	3	3	0	0
IS	264	1	1	0	0
IS	265	1	1	0	0
IS	266	2	2	0	0
IS	267	2	2	0	0
IS	268	1	1	0	0
IS	269	1	1	0	0
IS	270	3	3	0	0
IS	271	0	0	0	0
IS	272	0	0	0	0
IS	273	0	0	0	0
IS	274	6	6	0	0
IS	275	4	4	0	0
IS	276	1	1	0	0
IS	277	0	0	0	0
IS	278	6	6	0	0
IS	279	2	2	0	0
IS	280	3	3	0	0
IS	281	1	1	0	0
IS	282	1	1	0	0
IS	283	0	0	0	0
IS	284	2	2	0	0
IS	285	1	1	0	0
IS	286	1	1	0	0
IS	287	0	0	0	0
IS	288	0	0	0	0
IS	289	0	0	0	0
IS	290	1	1	0	0
IS	291	1	1	0	0
IS	292	1	1	0	0
IS	293	0	0	0	0
IS	294	0	0	0	0
IS	295	0	0	0	0
IS	296	8	8	0	0
IS	297	1	1	0	0
IS	298	2	2	0	0
IS	299	1	1	0	0
IS	300	1	1	0	0
IS	301	1	1	0	0
IS	302	2	2	0	0
IS	303	0	0	0	0
IS	304	2	2	0	0
IS	305	5	5	0	0
IS	306	4	4	0	0
IS	307	3	3	0	0
IS	308	4	4	0	0
IS	309	0	0	0	0
IS	310	0	0	0	0
IS	311	3	3	0	0
IS	312	2	2	0	0
IS	313	3	3	0	0
IS	314	3	3	0	0
IS	315	2	2	0	0
IS	316	1	1	0	0
IS	317	5	5	0	0
IS	318	6	6	0	0
IS	319	2	2	0	0
IS	320	1	1	0	0
IS	321	5	5	0	0
IS	322	4	4	0	0
IS	323	1	1	0	0
IS	324	3	3	0	0
IS	325	0	0	0	0
IS	326	3	3	0	0
IS	327	6	6	0	0
IS	328	1	1	0	0
IS	329	1	1	0	0
IS	330	0	0	0	0
IS	331	3	3	0	0
IS	332	1	1	0	0
IS	333	5	5	0	0
IS	334	8	8	0	0
IS	335	5	5	0	0
IS	336	2	2	0	0
IS	337	3	3	0	0
IS	338	5	5	0	0
IS	339	2	2	0	0
IS	340	2	2	0	0
IS	341	5	5	0	0
IS	342	4	4	0	0
IS	343	0	0	0	0
IS	344	5	5	0	0
IS	345	4	4	0	0
IS	346	3	3	0	0
IS	347	5	5	0	0
IS	348	4	4	0	0
IS	349	3	3	0	0
IS	350	2	2	0	0
IS	351	3	3	0	0
IS	352	3	3	0	0
IS	353	2	2	0	0
IS	354	1	1	0	0
IS	355	3	3	0	0
IS	356	3	3	0	0
IS	357	6	6	0	0
IS	358	0	0	0	0
IS	359	2	2	0	0
IS	360	0	0	0	0
IS	361	0	0	0	0
IS	362	1	1	0	0
IS	363	3	3	0	0
IS	364	3	3	0	0
IS	365	0	0	0	0
IS	366	5	5	0	0
IS	367	2	2	0	0
IS	368	0	0	0	0
IS	369	3	3	0	0
IS	370	2	2	0	0
IS	371	1	1	0	0
IS	372	2	2	0	0
IS	373	2	2	0	0
IS	374	2	2	0	0
IS	375	1	1	0	0
IS	376	3	3	0	0
IS	377	1	1	0	0
IS	378	1	1	0	0
IS	379	4	4	0	0
IS	380	5	5	0	0
IS	381	2	2	0	0
IS	382	1	1	0	0
IS	383	0	0	0	0
IS	384	1	1	0	0
IS	385	0	0	0	0
IS	386	1	1	0	0
IS	387	0	0	0	0
IS	388	4	4	0	0
IS	389	2	2	0	0
IS	390	0	0	0	0
IS	391	3	3	0	0
IS	392	4	4	0	0
IS	393	2	2	0	0
IS	394	0	0	0	0
IS	395	3	3	0	0
IS	396	2	2	0	0
IS	397	1	1	0	0
IS	398	2	2	0	0
IS	399	4	4	0	0
IS	400	1	1	0	0
IS	401	1	1	0	0
IS	402	4	4	0	0
IS	403	4	4	0	0
IS	404	1	1	0	0
IS	405	1	1	0	0
IS	406	1	1	0	0
IS	407	6	6	0	0
IS	408	2	2	0	0
IS	409	2	2	0	0
IS	410	3	3	0	0
IS	411	2	2	0	0
IS	412	1	1	0	0
IS	413	0	0	0	0
IS	414	3	3	0	0
IS	415	6	6	0	0
IS	416	1	1	0	0
IS	417	5	5	0	0
IS	418	5	5	0	0
IS	419	1	1	0	0
IS	420	1	1	0	0
IS	421	1	1	0	0
IS	422	3	3	0	0
IS	423	1	1	0	0
IS	424	1	1	0	0
IS	425	2	2	0	0
IS	426	4	4	0	0
IS	427	2	2	0	0
IS	428	5	5	0	0
IS	429	3	3	0	0
IS	430	3	3	0	0
IS	431	1	1	0	0
IS	432	2	2	0	0
IS	433	3	3	0	0
IS	434	1	1	0	0
IS	435	2	2	0	0
IS	436	3	3	0	0
IS	437	4	4	0	0
IS	438	4	4	0	0
IS	439	3	3	0	0
IS	440	4	4	0	0
IS	441	5	5	0	0
IS	442	10	10	0	0
IS	443	4	4	0	0
IS	444	0	0	0	0
IS	445	3	3	0	0
IS	446	3	3	0	0
IS	447	3	3	0	0
IS	448	1	1	0	0
IS	449	1	1	0	0
IS	450	3	3	0	0
IS	451	2	2	0	0
IS	452	0	0	0	0
IS	453	2	2	0	0
IS	454	3	3	0	0
IS	455	3	3	0	0
IS	456	4	4	0	0
IS	457	1	1	0	0
IS	458	10	10	0	0
IS	459	0	0	0	0
IS	460	2	2	0	0
IS	461	0	0	0	0
IS	462	4	4	0	0
IS	463	0	0	0	0
IS	464	0	0	0	0
IS	465	5	5	0	0
IS	466	0	0	0	0
IS	467	1	1	0	0
IS	468	2	2	0	0
IS	469	1	1	0	0
IS	470	1	1	0	0
IS	471	3	3	0	0
IS	472	2	2	0	0
IS	473	0	0	0	0
IS	474	3	3	0	0
IS	475	1	1	0	0
IS	476	3	3	0	0
IS	477	1	1	0	0
IS	478	0	0	0	0
IS	479	0	0	0	0
IS	480	0	0	0	0
IS	481	1	1	0	0
IS	482	5	5	0	0
# Read lengths. Use `grep ^RL | cut -f 2-` to extract this part. The columns are: read length, count
RL	104	1
RL	105	2
RL	111	4
RL	113	1
RL	114	1
RL	115	1
RL	116	2
RL	117	2
RL	118	1
RL	119	5
RL	120	1
RL	121	1
RL	122	1
RL	123	2
RL	124	1
RL	126	2
RL	128	1
RL	129	2
RL	131	1
RL	132	3
RL	133	1
RL	134	2
RL	135	1
RL	137	3
RL	140	2
RL	141	4
RL	142	4
RL	143	8
RL	144	4
RL	145	4
RL	146	6
RL	147	29
RL	148	61
RL	149	82
RL	150	297
RL	151	2081
# Read lengths - first fragments. Use `grep ^FRL | cut -f 2-` to extract this part. The columns are: read length, count
FRL	105	1
FRL	111	2
FRL	119	1
FRL	126	1
FRL	137	1
FRL	140	1
FRL	141	2
FRL	142	2
FRL	143	2
FRL	144	1
FRL	146	2
FRL	147	12
FRL	148	26
FRL	149	28
FRL	150	99
FRL	151	1131
# Read lengths - last fragments. Use `grep ^LRL | cut -f 2-` to extract this part. The columns are: read length, count
LRL	104	1
LRL	105	1
LRL	111	2
LRL	113	1
LRL	114	1
LRL	115	1
LRL	116	2
LRL	117	2
LRL	118	1
LRL	119	4
LRL	120	1
LRL	121	1
LRL	122	1
LRL	123	2
LRL	124	1
LRL	126	1
LRL	128	1
LRL	129	2
LRL	131	1
LRL	132	3
LRL	133	1
LRL	134	2
LRL	135	1
LRL	137	2
LRL	140	1
LRL	141	2
LRL	142	2
LRL	143	6
LRL	144	3
LRL	145	4
LRL	146	4
LRL	147	17
LRL	148	35
LRL	149	54
LRL	150	198
LRL	151	950
# Mapping qualities for reads !(UNMAP|SECOND|SUPPL|QCFAIL|DUP). Use `grep ^MAPQ | cut -f 2-` to extract this part. The columns are: mapq, count
MAPQ	0	27
MAPQ	1	22
MAPQ	2	4
MAPQ	3	36
MAPQ	6	2
MAPQ	8	39
MAPQ	17	2
MAPQ	22	2
MAPQ	23	61
MAPQ	24	95
MAPQ	40	158
MAPQ	42	889
# Indel distribution. Use `grep ^ID | cut -f 2-` to extract this part. The columns are: length, number of insertions, number of deletions
ID	1	43	30
ID	2	9	10
ID	3	6	4
ID	4	5	0
ID	5	2	0
ID	6	2	1
ID	7	2	0
ID	12	1	0
ID	13	0	1
# Indels per cycle. Use `grep ^IC | cut -f 2-` to extract this part. The columns are: cycle, number of insertions (fwd), .. (rev) , number of deletions (fwd), .. (rev)
IC	5	0	1	0	0
IC	6	0	2	0	0
IC	9	0	1	0	1
IC	10	1	1	1	0
IC	11	0	1	0	0
IC	12	2	0	0	0
IC	13	0	1	0	1
IC	14	1	0	0	0
IC	15	1	1	0	0
IC	17	0	1	0	0
IC	18	0	2	0	0
IC	21	2	0	0	1
IC	22	3	1	0	1
IC	23	0	0	2	1
IC	24	0	1	0	0
IC	26	1	3	0	0
IC	27	0	2	0	0
IC	28	0	1	0	1
IC	31	1	1	0	0
IC	33	0	0	1	1
IC	36	1	0	0	0
IC	38	1	1	0	0
IC	43	0	0	1	0
IC	48	1	0	0	1
IC	49	3	0	2	1
IC	52	1	0	0	0
IC	56	2	1	1	0
IC	59	0	0	1	0
IC	60	0	0	2	1
IC	64	0	0	2	0
IC	70	0	1	0	0
IC	72	0	0	1	0
IC	74	0	0	1	1
IC	75	0	0	0	2
IC	76	0	0	0	1
IC	78	0	1	0	0
IC	87	0	0	1	0
IC	93	0	0	0	1
IC	95	0	1	0	0
IC	96	1	0	0	0
IC	102	0	1	0	0
IC	106	1	0	0	0
IC	118	0	0	1	0
IC	119	0	0	0	4
IC	121	1	0	0	0
IC	122	0	1	0	1
IC	123	0	0	0	1
IC	124	0	0	2	0
IC	125	0	2	0	0
IC	128	0	0	0	2
IC	129	0	0	0	1
IC	130	1	1	0	0
IC	131	0	1	0	0
IC	133	1	0	0	0
IC	134	1	0	0	0
IC	135	0	1	0	1
IC	136	1	0	0	0
IC	140	0	3	1	0
IC	141	0	0	0	1
IC	145	1	2	0	0
IC	146	1	1	0	0
IC	147	0	2	0	0
# Coverage distribution. Use `grep ^COV | cut -f 2-` to extract this part.
COV	[1-1]	1	114436
COV	[2-2]	2	30863
COV	[3-3]	3	4012
COV	[4-4]	4	2425
COV	[5-5]	5	367
COV	[6-6]	6	185
COV	[7-7]	7	1
COV	[8-8]	8	62
# GC-depth. Use `grep ^GCD | cut -f 2-` to extract this part. The columns are: GC%, unique sequence percentiles, 10th, 25th, 50th, 75th and 90th depth percentile
GCD	0.0	1.818	0.000	0.000	0.000	0.000	0.000
GCD	0.6	2.727	0.015	0.015	0.015	0.015	0.015
GCD	27.0	3.636	0.015	0.015	0.015	0.015	0.015
GCD	30.0	10.000	0.045	0.060	0.090	0.135	0.180
GCD	31.0	20.909	0.030	0.039	0.083	0.096	0.177
GCD	32.0	39.091	0.045	0.058	0.090	0.135	0.149
GCD	33.0	59.091	0.032	0.058	0.098	0.135	0.156
GCD	34.0	74.545	0.042	0.075	0.098	0.135	0.144
GCD	35.0	84.545	0.018	0.030	0.075	0.090	0.150
GCD	36.0	91.818	0.030	0.047	0.060	0.126	0.210
GCD	37.0	95.455	0.135	0.143	0.173	0.186	0.188
GCD	38.0	97.273	0.075	0.075	0.075	0.075	0.075
GCD	39.0	98.182	0.015	0.015	0.015	0.015	0.015
GCD	41.0	99.091	0.045	0.045	0.045	0.045	0.045
GCD	43.0	100.000	0.060	0.060	0.060	0.060	0.060
