# This file was produced by samtools stats (1.21+htslib-1.21) and can be plotted using plot-bamstats
# This file contains statistics for all reads.
# The command line was:  stats NC.Staphy2.2D_sorted.bam
# CHK, Checksum	[2]Read Names	[3]Sequences	[4]Qualities
# CHK, CRC32 of reads which passed filtering followed by addition (32bit overflow)
CHK	ebb271da	43104d9a	515c4212
# Summary Numbers. Use `grep ^SN | cut -f 2-` to extract this part.
SN	raw total sequences:	2052	# excluding supplementary and secondary reads
SN	filtered sequences:	0
SN	sequences:	2052
SN	is sorted:	1
SN	1st fragments:	1026
SN	last fragments:	1026
SN	reads mapped:	762
SN	reads mapped and paired:	744	# paired-end technology bit set + both mates mapped
SN	reads unmapped:	1290
SN	reads properly paired:	736	# proper-pair bit set
SN	reads paired:	2052	# paired-end technology bit set
SN	reads duplicated:	0	# PCR or optical duplicate bit set
SN	reads MQ0:	2	# mapped and MQ=0
SN	reads QC failed:	0
SN	non-primary alignments:	0
SN	supplementary alignments:	0
SN	total length:	307309	# ignores clipping
SN	total first fragment length:	154271	# ignores clipping
SN	total last fragment length:	153038	# ignores clipping
SN	bases mapped:	114794	# ignores clipping
SN	bases mapped (cigar):	114794	# more accurate
SN	bases trimmed:	0
SN	bases duplicated:	0
SN	mismatches:	2107	# from NM fields
SN	error rate:	1.835462e-02	# mismatches / bases mapped (cigar)
SN	average length:	150
SN	average first fragment length:	150
SN	average last fragment length:	149
SN	maximum length:	151
SN	maximum first fragment length:	151
SN	maximum last fragment length:	151
SN	average quality:	37.0
SN	insert size average:	331.6
SN	insert size standard deviation:	81.3
SN	inward oriented pairs:	370
SN	outward oriented pairs:	1
SN	pairs with other orientation:	1
SN	pairs on different chromosomes:	0
SN	percentage of properly paired reads (%):	35.9
# First Fragment Qualities. Use `grep ^FFQ | cut -f 2-` to extract this part.
# Columns correspond to qualities and rows to cycles. First column is the cycle number.
FFQ	1	0	0	9	0	0	0	0	0	0	0	0	0	18	0	0	0	0	0	0	0	0	0	0	0	0	0	0	35	0	0	0	0	964	0	0	0	0	0	0	0	0	0	0
FFQ	2	0	0	0	0	0	0	0	0	0	0	0	0	25	0	0	0	0	0	0	0	0	0	0	0	0	0	0	23	0	0	0	0	978	0	0	0	0	0	0	0	0	0	0
FFQ	3	0	0	0	0	0	0	0	0	0	0	0	0	25	0	0	0	0	0	0	0	0	0	0	0	0	0	0	25	0	0	0	0	214	0	0	0	0	762	0	0	0	0	0
FFQ	4	0	0	0	0	0	0	0	0	0	0	0	0	21	0	0	0	0	0	0	0	0	0	4	0	0	0	0	27	0	0	0	0	90	0	0	0	0	884	0	0	0	0	0
FFQ	5	0	0	0	0	0	0	0	0	0	0	0	0	15	0	0	0	0	0	0	0	0	0	6	0	0	0	0	15	0	0	0	0	57	0	0	0	0	933	0	0	0	0	0
FFQ	6	0	0	0	0	0	0	0	0	0	0	0	0	12	0	0	0	0	0	0	0	0	0	5	0	0	0	0	14	0	0	0	0	45	0	0	0	0	119	0	0	0	831	0
FFQ	7	0	0	0	0	0	0	0	0	0	0	0	0	10	0	0	0	0	0	0	0	0	0	7	0	0	0	0	4	0	0	0	0	47	0	0	0	0	83	0	0	0	875	0
FFQ	8	0	0	0	0	0	0	0	0	0	0	0	0	6	0	0	0	0	0	0	0	0	0	3	0	0	0	0	8	0	0	0	0	39	0	0	0	0	100	0	0	0	870	0
FFQ	9	0	0	0	0	0	0	0	0	0	0	0	0	13	0	0	0	0	0	0	0	0	0	4	0	0	0	0	8	0	0	0	0	41	0	0	0	0	74	0	0	0	886	0
FFQ	10	0	0	0	0	0	0	0	0	0	0	0	0	7	0	0	0	0	0	0	0	0	0	4	0	0	0	0	3	0	0	0	0	32	0	0	0	0	86	0	0	0	894	0
FFQ	11	0	0	0	0	0	0	0	0	0	0	0	0	10	0	0	0	0	0	0	0	0	0	6	0	0	0	0	12	0	0	0	0	38	0	0	0	0	84	0	0	0	876	0
FFQ	12	0	0	0	0	0	0	0	0	0	0	0	0	3	0	0	0	0	0	0	0	0	0	6	0	0	0	0	15	0	0	0	0	41	0	0	0	0	86	0	0	0	875	0
FFQ	13	0	0	0	0	0	0	0	0	0	0	0	0	7	0	0	0	0	0	0	0	0	0	9	0	0	0	0	16	0	0	0	0	31	0	0	0	0	87	0	0	0	876	0
FFQ	14	0	0	0	0	0	0	0	0	0	0	0	0	5	0	0	0	0	0	0	0	0	0	4	0	0	0	0	9	0	0	0	0	28	0	0	0	0	86	0	0	0	894	0
FFQ	15	0	0	0	0	0	0	0	0	0	0	0	0	7	0	0	0	0	0	0	0	0	0	5	0	0	0	0	16	0	0	0	0	31	0	0	0	0	86	0	0	0	881	0
FFQ	16	0	0	0	0	0	0	0	0	0	0	0	0	7	0	0	0	0	0	0	0	0	0	5	0	0	0	0	19	0	0	0	0	25	0	0	0	0	86	0	0	0	884	0
FFQ	17	0	0	0	0	0	0	0	0	0	0	0	0	10	0	0	0	0	0	0	0	0	0	8	0	0	0	0	11	0	0	0	0	29	0	0	0	0	76	0	0	0	892	0
FFQ	18	0	0	0	0	0	0	0	0	0	0	0	0	10	0	0	0	0	0	0	0	0	0	8	0	0	0	0	15	0	0	0	0	31	0	0	0	0	98	0	0	0	864	0
FFQ	19	0	0	0	0	0	0	0	0	0	0	0	0	14	0	0	0	0	0	0	0	0	0	7	0	0	0	0	11	0	0	0	0	41	0	0	0	0	83	0	0	0	870	0
FFQ	20	0	0	0	0	0	0	0	0	0	0	0	0	10	0	0	0	0	0	0	0	0	0	10	0	0	0	0	10	0	0	0	0	35	0	0	0	0	78	0	0	0	883	0
FFQ	21	0	0	0	0	0	0	0	0	0	0	0	0	5	0	0	0	0	0	0	0	0	0	9	0	0	0	0	11	0	0	0	0	30	0	0	0	0	99	0	0	0	872	0
FFQ	22	0	0	0	0	0	0	0	0	0	0	0	0	7	0	0	0	0	0	0	0	0	0	8	0	0	0	0	15	0	0	0	0	32	0	0	0	0	98	0	0	0	866	0
FFQ	23	0	0	0	0	0	0	0	0	0	0	0	0	13	0	0	0	0	0	0	0	0	0	14	0	0	0	0	13	0	0	0	0	33	0	0	0	0	85	0	0	0	868	0
FFQ	24	0	0	0	0	0	0	0	0	0	0	0	0	22	0	0	0	0	0	0	0	0	0	10	0	0	0	0	17	0	0	0	0	37	0	0	0	0	84	0	0	0	856	0
FFQ	25	0	0	0	0	0	0	0	0	0	0	0	0	7	0	0	0	0	0	0	0	0	0	18	0	0	0	0	24	0	0	0	0	41	0	0	0	0	99	0	0	0	837	0
FFQ	26	0	0	0	0	0	0	0	0	0	0	0	0	15	0	0	0	0	0	0	0	0	0	4	0	0	0	0	11	0	0	0	0	47	0	0	0	0	98	0	0	0	851	0
FFQ	27	0	0	4	0	0	0	0	0	0	0	0	0	16	0	0	0	0	0	0	0	0	0	11	0	0	0	0	18	0	0	0	0	32	0	0	0	0	87	0	0	0	858	0
FFQ	28	0	0	1	0	0	0	0	0	0	0	0	0	19	0	0	0	0	0	0	0	0	0	11	0	0	0	0	17	0	0	0	0	32	0	0	0	0	72	0	0	0	874	0
FFQ	29	0	0	1	0	0	0	0	0	0	0	0	0	20	0	0	0	0	0	0	0	0	0	13	0	0	0	0	27	0	0	0	0	27	0	0	0	0	75	0	0	0	863	0
FFQ	30	0	0	0	0	0	0	0	0	0	0	0	0	21	0	0	0	0	0	0	0	0	0	10	0	0	0	0	24	0	0	0	0	26	0	0	0	0	99	0	0	0	846	0
FFQ	31	0	0	0	0	0	0	0	0	0	0	0	0	23	0	0	0	0	0	0	0	0	0	14	0	0	0	0	20	0	0	0	0	36	0	0	0	0	87	0	0	0	846	0
FFQ	32	0	0	0	0	0	0	0	0	0	0	0	0	18	0	0	0	0	0	0	0	0	0	19	0	0	0	0	23	0	0	0	0	33	0	0	0	0	91	0	0	0	842	0
FFQ	33	0	0	0	0	0	0	0	0	0	0	0	0	21	0	0	0	0	0	0	0	0	0	13	0	0	0	0	22	0	0	0	0	31	0	0	0	0	94	0	0	0	845	0
FFQ	34	0	0	0	0	0	0	0	0	0	0	0	0	15	0	0	0	0	0	0	0	0	0	17	0	0	0	0	26	0	0	0	0	30	0	0	0	0	100	0	0	0	838	0
FFQ	35	0	0	0	0	0	0	0	0	0	0	0	0	23	0	0	0	0	0	0	0	0	0	12	0	0	0	0	14	0	0	0	0	31	0	0	0	0	106	0	0	0	840	0
FFQ	36	0	0	0	0	0	0	0	0	0	0	0	0	17	0	0	0	0	0	0	0	0	0	6	0	0	0	0	17	0	0	0	0	27	0	0	0	0	116	0	0	0	843	0
FFQ	37	0	0	0	0	0	0	0	0	0	0	0	0	21	0	0	0	0	0	0	0	0	0	13	0	0	0	0	17	0	0	0	0	27	0	0	0	0	95	0	0	0	853	0
FFQ	38	0	0	0	0	0	0	0	0	0	0	0	0	13	0	0	0	0	0	0	0	0	0	12	0	0	0	0	23	0	0	0	0	33	0	0	0	0	87	0	0	0	858	0
FFQ	39	0	0	1	0	0	0	0	0	0	0	0	0	21	0	0	0	0	0	0	0	0	0	20	0	0	0	0	17	0	0	0	0	23	0	0	0	0	86	0	0	0	858	0
FFQ	40	0	0	4	0	0	0	0	0	0	0	0	0	29	0	0	0	0	0	0	0	0	0	15	0	0	0	0	24	0	0	0	0	20	0	0	0	0	80	0	0	0	854	0
FFQ	41	0	0	0	0	0	0	0	0	0	0	0	0	24	0	0	0	0	0	0	0	0	0	12	0	0	0	0	24	0	0	0	0	26	0	0	0	0	108	0	0	0	832	0
FFQ	42	0	0	0	0	0	0	0	0	0	0	0	0	23	0	0	0	0	0	0	0	0	0	17	0	0	0	0	17	0	0	0	0	28	0	0	0	0	110	0	0	0	831	0
FFQ	43	0	0	0	0	0	0	0	0	0	0	0	0	23	0	0	0	0	0	0	0	0	0	12	0	0	0	0	20	0	0	0	0	27	0	0	0	0	101	0	0	0	843	0
FFQ	44	0	0	2	0	0	0	0	0	0	0	0	0	18	0	0	0	0	0	0	0	0	0	19	0	0	0	0	30	0	0	0	0	20	0	0	0	0	94	0	0	0	843	0
FFQ	45	0	0	0	0	0	0	0	0	0	0	0	0	26	0	0	0	0	0	0	0	0	0	13	0	0	0	0	14	0	0	0	0	26	0	0	0	0	106	0	0	0	841	0
FFQ	46	0	0	2	0	0	0	0	0	0	0	0	0	17	0	0	0	0	0	0	0	0	0	18	0	0	0	0	25	0	0	0	0	33	0	0	0	0	98	0	0	0	833	0
FFQ	47	0	0	1	0	0	0	0	0	0	0	0	0	24	0	0	0	0	0	0	0	0	0	12	0	0	0	0	24	0	0	0	0	35	0	0	0	0	99	0	0	0	831	0
FFQ	48	0	0	0	0	0	0	0	0	0	0	0	0	30	0	0	0	0	0	0	0	0	0	10	0	0	0	0	29	0	0	0	0	34	0	0	0	0	109	0	0	0	814	0
FFQ	49	0	0	0	0	0	0	0	0	0	0	0	0	33	0	0	0	0	0	0	0	0	0	21	0	0	0	0	28	0	0	0	0	26	0	0	0	0	109	0	0	0	809	0
FFQ	50	0	0	0	0	0	0	0	0	0	0	0	0	26	0	0	0	0	0	0	0	0	0	12	0	0	0	0	20	0	0	0	0	38	0	0	0	0	118	0	0	0	812	0
FFQ	51	0	0	0	0	0	0	0	0	0	0	0	0	34	0	0	0	0	0	0	0	0	0	13	0	0	0	0	25	0	0	0	0	30	0	0	0	0	107	0	0	0	817	0
FFQ	52	0	0	0	0	0	0	0	0	0	0	0	0	25	0	0	0	0	0	0	0	0	0	24	0	0	0	0	30	0	0	0	0	32	0	0	0	0	117	0	0	0	798	0
FFQ	53	0	0	0	0	0	0	0	0	0	0	0	0	22	0	0	0	0	0	0	0	0	0	19	0	0	0	0	27	0	0	0	0	32	0	0	0	0	106	0	0	0	820	0
FFQ	54	0	0	0	0	0	0	0	0	0	0	0	0	31	0	0	0	0	0	0	0	0	0	14	0	0	0	0	24	0	0	0	0	37	0	0	0	0	111	0	0	0	809	0
FFQ	55	0	0	0	0	0	0	0	0	0	0	0	0	31	0	0	0	0	0	0	0	0	0	19	0	0	0	0	23	0	0	0	0	31	0	0	0	0	118	0	0	0	804	0
FFQ	56	0	0	0	0	0	0	0	0	0	0	0	0	31	0	0	0	0	0	0	0	0	0	16	0	0	0	0	34	0	0	0	0	29	0	0	0	0	107	0	0	0	809	0
FFQ	57	0	0	0	0	0	0	0	0	0	0	0	0	31	0	0	0	0	0	0	0	0	0	15	0	0	0	0	28	0	0	0	0	36	0	0	0	0	108	0	0	0	808	0
FFQ	58	0	0	0	0	0	0	0	0	0	0	0	0	32	0	0	0	0	0	0	0	0	0	21	0	0	0	0	27	0	0	0	0	29	0	0	0	0	110	0	0	0	807	0
FFQ	59	0	0	0	0	0	0	0	0	0	0	0	0	25	0	0	0	0	0	0	0	0	0	21	0	0	0	0	27	0	0	0	0	37	0	0	0	0	116	0	0	0	800	0
FFQ	60	0	0	0	0	0	0	0	0	0	0	0	0	39	0	0	0	0	0	0	0	0	0	14	0	0	0	0	22	0	0	0	0	32	0	0	0	0	110	0	0	0	809	0
FFQ	61	0	0	0	0	0	0	0	0	0	0	0	0	26	0	0	0	0	0	0	0	0	0	27	0	0	0	0	25	0	0	0	0	38	0	0	0	0	108	0	0	0	802	0
FFQ	62	0	0	0	0	0	0	0	0	0	0	0	0	25	0	0	0	0	0	0	0	0	0	20	0	0	0	0	27	0	0	0	0	35	0	0	0	0	112	0	0	0	807	0
FFQ	63	0	0	0	0	0	0	0	0	0	0	0	0	39	0	0	0	0	0	0	0	0	0	23	0	0	0	0	23	0	0	0	0	41	0	0	0	0	96	0	0	0	804	0
FFQ	64	0	0	0	0	0	0	0	0	0	0	0	0	37	0	0	0	0	0	0	0	0	0	23	0	0	0	0	20	0	0	0	0	35	0	0	0	0	122	0	0	0	789	0
FFQ	65	0	0	0	0	0	0	0	0	0	0	0	0	43	0	0	0	0	0	0	0	0	0	24	0	0	0	0	32	0	0	0	0	36	0	0	0	0	98	0	0	0	793	0
FFQ	66	0	0	0	0	0	0	0	0	0	0	0	0	43	0	0	0	0	0	0	0	0	0	26	0	0	0	0	27	0	0	0	0	33	0	0	0	0	115	0	0	0	782	0
FFQ	67	0	0	0	0	0	0	0	0	0	0	0	0	27	0	0	0	0	0	0	0	0	0	22	0	0	0	0	25	0	0	0	0	43	0	0	0	0	104	0	0	0	805	0
FFQ	68	0	0	0	0	0	0	0	0	0	0	0	0	28	0	0	0	0	0	0	0	0	0	20	0	0	0	0	36	0	0	0	0	51	0	0	0	0	102	0	0	0	789	0
FFQ	69	0	0	0	0	0	0	0	0	0	0	0	0	47	0	0	0	0	0	0	0	0	0	20	0	0	0	0	29	0	0	0	0	46	0	0	0	0	120	0	0	0	764	0
FFQ	70	0	0	0	0	0	0	0	0	0	0	0	0	40	0	0	0	0	0	0	0	0	0	32	0	0	0	0	25	0	0	0	0	44	0	0	0	0	116	0	0	0	769	0
FFQ	71	0	0	0	0	0	0	0	0	0	0	0	0	45	0	0	0	0	0	0	0	0	0	20	0	0	0	0	37	0	0	0	0	39	0	0	0	0	90	0	0	0	795	0
FFQ	72	0	0	0	0	0	0	0	0	0	0	0	0	36	0	0	0	0	0	0	0	0	0	26	0	0	0	0	30	0	0	0	0	48	0	0	0	0	116	0	0	0	770	0
FFQ	73	0	0	0	0	0	0	0	0	0	0	0	0	43	0	0	0	0	0	0	0	0	0	21	0	0	0	0	32	0	0	0	0	42	0	0	0	0	90	0	0	0	798	0
FFQ	74	0	0	0	0	0	0	0	0	0	0	0	0	46	0	0	0	0	0	0	0	0	0	21	0	0	0	0	28	0	0	0	0	44	0	0	0	0	118	0	0	0	769	0
FFQ	75	0	0	0	0	0	0	0	0	0	0	0	0	42	0	0	0	0	0	0	0	0	0	24	0	0	0	0	32	0	0	0	0	43	0	0	0	0	96	0	0	0	789	0
FFQ	76	0	0	0	0	0	0	0	0	0	0	0	0	38	0	0	0	0	0	0	0	0	0	25	0	0	0	0	24	0	0	0	0	49	0	0	0	0	115	0	0	0	775	0
FFQ	77	0	0	0	0	0	0	0	0	0	0	0	0	51	0	0	0	0	0	0	0	0	0	35	0	0	0	0	38	0	0	0	0	88	0	0	0	0	167	0	0	0	647	0
FFQ	78	0	0	0	0	0	0	0	0	0	0	0	0	43	0	0	0	0	0	0	0	0	0	37	0	0	0	0	37	0	0	0	0	49	0	0	0	0	116	0	0	0	744	0
FFQ	79	0	0	0	0	0	0	0	0	0	0	0	0	55	0	0	0	0	0	0	0	0	0	27	0	0	0	0	29	0	0	0	0	57	0	0	0	0	124	0	0	0	734	0
FFQ	80	0	0	0	0	0	0	0	0	0	0	0	0	48	0	0	0	0	0	0	0	0	0	21	0	0	0	0	36	0	0	0	0	57	0	0	0	0	109	0	0	0	755	0
FFQ	81	0	0	0	0	0	0	0	0	0	0	0	0	47	0	0	0	0	0	0	0	0	0	29	0	0	0	0	30	0	0	0	0	43	0	0	0	0	93	0	0	0	784	0
FFQ	82	0	0	0	0	0	0	0	0	0	0	0	0	47	0	0	0	0	0	0	0	0	0	26	0	0	0	0	25	0	0	0	0	48	0	0	0	0	97	0	0	0	783	0
FFQ	83	0	0	0	0	0	0	0	0	0	0	0	0	49	0	0	0	0	0	0	0	0	0	23	0	0	0	0	27	0	0	0	0	47	0	0	0	0	87	0	0	0	793	0
FFQ	84	0	0	0	0	0	0	0	0	0	0	0	0	50	0	0	0	0	0	0	0	0	0	32	0	0	0	0	28	0	0	0	0	52	0	0	0	0	80	0	0	0	784	0
FFQ	85	0	0	0	0	0	0	0	0	0	0	0	0	36	0	0	0	0	0	0	0	0	0	26	0	0	0	0	26	0	0	0	0	56	0	0	0	0	124	0	0	0	758	0
FFQ	86	0	0	0	0	0	0	0	0	0	0	0	0	55	0	0	0	0	0	0	0	0	0	32	0	0	0	0	24	0	0	0	0	56	0	0	0	0	115	0	0	0	744	0
FFQ	87	0	0	0	0	0	0	0	0	0	0	0	0	51	0	0	0	0	0	0	0	0	0	28	0	0	0	0	30	0	0	0	0	61	0	0	0	0	94	0	0	0	762	0
FFQ	88	0	0	0	0	0	0	0	0	0	0	0	0	57	0	0	0	0	0	0	0	0	0	29	0	0	0	0	35	0	0	0	0	48	0	0	0	0	104	0	0	0	753	0
FFQ	89	0	0	0	0	0	0	0	0	0	0	0	0	48	0	0	0	0	0	0	0	0	0	39	0	0	0	0	26	0	0	0	0	52	0	0	0	0	100	0	0	0	761	0
FFQ	90	0	0	0	0	0	0	0	0	0	0	0	0	60	0	0	0	0	0	0	0	0	0	34	0	0	0	0	21	0	0	0	0	49	0	0	0	0	102	0	0	0	760	0
FFQ	91	0	0	0	0	0	0	0	0	0	0	0	0	61	0	0	0	0	0	0	0	0	0	42	0	0	0	0	21	0	0	0	0	52	0	0	0	0	89	0	0	0	761	0
FFQ	92	0	0	0	0	0	0	0	0	0	0	0	0	54	0	0	0	0	0	0	0	0	0	34	0	0	0	0	36	0	0	0	0	51	0	0	0	0	96	0	0	0	755	0
FFQ	93	0	0	0	0	0	0	0	0	0	0	0	0	53	0	0	0	0	0	0	0	0	0	41	0	0	0	0	31	0	0	0	0	57	0	0	0	0	107	0	0	0	737	0
FFQ	94	0	0	0	0	0	0	0	0	0	0	0	0	60	0	0	0	0	0	0	0	0	0	37	0	0	0	0	26	0	0	0	0	46	0	0	0	0	115	0	0	0	742	0
FFQ	95	0	0	0	0	0	0	0	0	0	0	0	0	69	0	0	0	0	0	0	0	0	0	33	0	0	0	0	23	0	0	0	0	46	0	0	0	0	113	0	0	0	742	0
FFQ	96	0	0	0	0	0	0	0	0	0	0	0	0	61	0	0	0	0	0	0	0	0	0	28	0	0	0	0	40	0	0	0	0	58	0	0	0	0	100	0	0	0	739	0
FFQ	97	0	0	0	0	0	0	0	0	0	0	0	0	60	0	0	0	0	0	0	0	0	0	39	0	0	0	0	29	0	0	0	0	44	0	0	0	0	92	0	0	0	762	0
FFQ	98	0	0	0	0	0	0	0	0	0	0	0	0	53	0	0	0	0	0	0	0	0	0	35	0	0	0	0	28	0	0	0	0	61	0	0	0	0	107	0	0	0	742	0
FFQ	99	0	0	0	0	0	0	0	0	0	0	0	0	51	0	0	0	0	0	0	0	0	0	34	0	0	0	0	48	0	0	0	0	59	0	0	0	0	91	0	0	0	743	0
FFQ	100	0	0	0	0	0	0	0	0	0	0	0	0	59	0	0	0	0	0	0	0	0	0	29	0	0	0	0	33	0	0	0	0	41	0	0	0	0	113	0	0	0	751	0
FFQ	101	0	0	0	0	0	0	0	0	0	0	0	0	62	0	0	0	0	0	0	0	0	0	31	0	0	0	0	26	0	0	0	0	61	0	0	0	0	110	0	0	0	736	0
FFQ	102	0	0	0	0	0	0	0	0	0	0	0	0	63	0	0	0	0	0	0	0	0	0	40	0	0	0	0	18	0	0	0	0	62	0	0	0	0	116	0	0	0	727	0
FFQ	103	0	0	0	0	0	0	0	0	0	0	0	0	54	0	0	0	0	0	0	0	0	0	37	0	0	0	0	26	0	0	0	0	55	0	0	0	0	114	0	0	0	740	0
FFQ	104	0	0	0	0	0	0	0	0	0	0	0	0	58	0	0	0	0	0	0	0	0	0	39	0	0	0	0	29	0	0	0	0	49	0	0	0	0	123	0	0	0	728	0
FFQ	105	0	0	0	0	0	0	0	0	0	0	0	0	56	0	0	0	0	0	0	0	0	0	40	0	0	0	0	30	0	0	0	0	50	0	0	0	0	128	0	0	0	722	0
FFQ	106	0	0	0	0	0	0	0	0	0	0	0	0	59	0	0	0	0	0	0	0	0	0	34	0	0	0	0	24	0	0	0	0	52	0	0	0	0	108	0	0	0	748	0
FFQ	107	0	0	0	0	0	0	0	0	0	0	0	0	60	0	0	0	0	0	0	0	0	0	41	0	0	0	0	30	0	0	0	0	54	0	0	0	0	110	0	0	0	730	0
FFQ	108	0	0	0	0	0	0	0	0	0	0	0	0	53	0	0	0	0	0	0	0	0	0	42	0	0	0	0	23	0	0	0	0	64	0	0	0	0	113	0	0	0	729	0
FFQ	109	0	0	0	0	0	0	0	0	0	0	0	0	64	0	0	0	0	0	0	0	0	0	44	0	0	0	0	29	0	0	0	0	48	0	0	0	0	113	0	0	0	726	0
FFQ	110	0	0	0	0	0	0	0	0	0	0	0	0	66	0	0	0	0	0	0	0	0	0	33	0	0	0	0	25	0	0	0	0	50	0	0	0	0	101	0	0	0	749	0
FFQ	111	0	0	0	0	0	0	0	0	0	0	0	0	63	0	0	0	0	0	0	0	0	0	42	0	0	0	0	21	0	0	0	0	58	0	0	0	0	98	0	0	0	741	0
FFQ	112	0	0	0	0	0	0	0	0	0	0	0	0	53	0	0	0	0	0	0	0	0	0	49	0	0	0	0	32	0	0	0	0	56	0	0	0	0	117	0	0	0	716	0
FFQ	113	0	0	0	0	0	0	0	0	0	0	0	0	67	0	0	0	0	0	0	0	0	0	46	0	0	0	0	29	0	0	0	0	49	0	0	0	0	107	0	0	0	725	0
FFQ	114	0	0	0	0	0	0	0	0	0	0	0	0	72	0	0	0	0	0	0	0	0	0	33	0	0	0	0	32	0	0	0	0	44	0	0	0	0	118	0	0	0	724	0
FFQ	115	0	0	0	0	0	0	0	0	0	0	0	0	68	0	0	0	0	0	0	0	0	0	46	0	0	0	0	31	0	0	0	0	58	0	0	0	0	107	0	0	0	711	0
FFQ	116	0	0	0	0	0	0	0	0	0	0	0	0	64	0	0	0	0	0	0	0	0	0	32	0	0	0	0	30	0	0	0	0	58	0	0	0	0	125	0	0	0	712	0
FFQ	117	0	0	0	0	0	0	0	0	0	0	0	0	58	0	0	0	0	0	0	0	0	0	42	0	0	0	0	18	0	0	0	0	61	0	0	0	0	118	0	0	0	724	0
FFQ	118	0	0	0	0	0	0	0	0	0	0	0	0	69	0	0	0	0	0	0	0	0	0	34	0	0	0	0	22	0	0	0	0	56	0	0	0	0	108	0	0	0	731	0
FFQ	119	0	0	0	0	0	0	0	0	0	0	0	0	69	0	0	0	0	0	0	0	0	0	45	0	0	0	0	29	0	0	0	0	51	0	0	0	0	125	0	0	0	701	0
FFQ	120	0	0	0	0	0	0	0	0	0	0	0	0	63	0	0	0	0	0	0	0	0	0	47	0	0	0	0	20	0	0	0	0	74	0	0	0	0	118	0	0	0	698	0
FFQ	121	0	0	0	0	0	0	0	0	0	0	0	0	68	0	0	0	0	0	0	0	0	0	46	0	0	0	0	36	0	0	0	0	68	0	0	0	0	100	0	0	0	702	0
FFQ	122	0	0	0	0	0	0	0	0	0	0	0	0	68	0	0	0	0	0	0	0	0	0	41	0	0	0	0	32	0	0	0	0	57	0	0	0	0	107	0	0	0	715	0
FFQ	123	0	0	0	0	0	0	0	0	0	0	0	0	76	0	0	0	0	0	0	0	0	0	45	0	0	0	0	24	0	0	0	0	65	0	0	0	0	100	0	0	0	709	0
FFQ	124	0	0	0	0	0	0	0	0	0	0	0	0	58	0	0	0	0	0	0	0	0	0	41	0	0	0	0	36	0	0	0	0	67	0	0	0	0	104	0	0	0	712	0
FFQ	125	0	0	0	0	0	0	0	0	0	0	0	0	63	0	0	0	0	0	0	0	0	0	43	0	0	0	0	28	0	0	0	0	61	0	0	0	0	130	0	0	0	692	0
FFQ	126	0	0	0	0	0	0	0	0	0	0	0	0	68	0	0	0	0	0	0	0	0	0	37	0	0	0	0	29	0	0	0	0	54	0	0	0	0	114	0	0	0	715	0
FFQ	127	0	0	0	0	0	0	0	0	0	0	0	0	63	0	0	0	0	0	0	0	0	0	51	0	0	0	0	31	0	0	0	0	55	0	0	0	0	116	0	0	0	701	0
FFQ	128	0	0	0	0	0	0	0	0	0	0	0	0	62	0	0	0	0	0	0	0	0	0	60	0	0	0	0	20	0	0	0	0	63	0	0	0	0	112	0	0	0	700	0
FFQ	129	0	0	0	0	0	0	0	0	0	0	0	0	77	0	0	0	0	0	0	0	0	0	54	0	0	0	0	27	0	0	0	0	61	0	0	0	0	115	0	0	0	682	0
FFQ	130	0	0	0	0	0	0	0	0	0	0	0	0	68	0	0	0	0	0	0	0	0	0	49	0	0	0	0	30	0	0	0	0	68	0	0	0	0	129	0	0	0	672	0
FFQ	131	0	0	0	0	0	0	0	0	0	0	0	0	71	0	0	0	0	0	0	0	0	0	45	0	0	0	0	36	0	0	0	0	61	0	0	0	0	152	0	0	0	651	0
FFQ	132	0	0	0	0	0	0	0	0	0	0	0	0	65	0	0	0	0	0	0	0	0	0	59	0	0	0	0	29	0	0	0	0	64	0	0	0	0	143	0	0	0	656	0
FFQ	133	0	0	0	0	0	0	0	0	0	0	0	0	81	0	0	0	0	0	0	0	0	0	46	0	0	0	0	27	0	0	0	0	59	0	0	0	0	157	0	0	0	646	0
FFQ	134	0	0	0	0	0	0	0	0	0	0	0	0	79	0	0	0	0	0	0	0	0	0	54	0	0	0	0	26	0	0	0	0	62	0	0	0	0	140	0	0	0	655	0
FFQ	135	0	0	0	0	0	0	0	0	0	0	0	0	61	0	0	0	0	0	0	0	0	0	38	0	0	0	0	36	0	0	0	0	77	0	0	0	0	168	0	0	0	636	0
FFQ	136	0	0	0	0	0	0	0	0	0	0	0	0	70	0	0	0	0	0	0	0	0	0	55	0	0	0	0	30	0	0	0	0	59	0	0	0	0	178	0	0	0	624	0
FFQ	137	0	0	0	0	0	0	0	0	0	0	0	0	78	0	0	0	0	0	0	0	0	0	46	0	0	0	0	31	0	0	0	0	72	0	0	0	0	151	0	0	0	638	0
FFQ	138	0	0	0	0	0	0	0	0	0	0	0	0	69	0	0	0	0	0	0	0	0	0	45	0	0	0	0	37	0	0	0	0	66	0	0	0	0	163	0	0	0	635	0
FFQ	139	0	0	0	0	0	0	0	0	0	0	0	0	69	0	0	0	0	0	0	0	0	0	39	0	0	0	0	33	0	0	0	0	70	0	0	0	0	184	0	0	0	620	0
FFQ	140	0	0	0	0	0	0	0	0	0	0	0	0	75	0	0	0	0	0	0	0	0	0	50	0	0	0	0	31	0	0	0	0	45	0	0	0	0	167	0	0	0	647	0
FFQ	141	0	0	0	0	0	0	0	0	0	0	0	0	71	0	0	0	0	0	0	0	0	0	48	0	0	0	0	44	0	0	0	0	82	0	0	0	0	152	0	0	0	618	0
FFQ	142	0	0	0	0	0	0	0	0	0	0	0	0	69	0	0	0	0	0	0	0	0	0	51	0	0	0	0	40	0	0	0	0	65	0	0	0	0	168	0	0	0	619	0
FFQ	143	0	0	0	0	0	0	0	0	0	0	0	0	67	0	0	0	0	0	0	0	0	0	65	0	0	0	0	37	0	0	0	0	55	0	0	0	0	162	0	0	0	626	0
FFQ	144	0	0	0	0	0	0	0	0	0	0	0	0	85	0	0	0	0	0	0	0	0	0	40	0	0	0	0	40	0	0	0	0	66	0	0	0	0	166	0	0	0	615	0
FFQ	145	0	0	0	0	0	0	0	0	0	0	0	0	69	0	0	0	0	0	0	0	0	0	52	0	0	0	0	39	0	0	0	0	71	0	0	0	0	149	0	0	0	631	0
FFQ	146	0	0	1	0	0	0	0	0	0	0	0	0	80	0	0	0	0	0	0	0	0	0	40	0	0	0	0	41	0	0	0	0	56	0	0	0	0	160	0	0	0	632	0
FFQ	147	0	0	0	0	0	0	0	0	1	0	0	0	74	0	0	0	0	0	0	0	0	0	48	0	0	0	0	48	0	0	0	0	62	0	0	0	0	175	0	0	0	598	0
FFQ	148	0	0	0	0	0	0	0	0	0	0	0	0	85	0	0	0	0	0	0	0	0	0	47	0	0	0	0	43	0	0	0	0	57	0	0	0	0	162	0	0	0	602	0
FFQ	149	0	0	0	0	0	0	0	0	0	0	0	0	65	0	0	0	0	0	0	0	0	0	47	0	0	0	0	43	0	0	0	0	74	0	0	0	0	154	0	0	0	595	0
FFQ	150	0	0	0	0	0	0	0	0	5	0	0	0	42	0	0	0	0	0	0	0	0	0	41	0	0	0	0	40	0	0	0	0	71	0	0	0	0	173	0	0	0	582	0
FFQ	151	0	0	0	0	0	0	0	0	0	0	0	0	0	0	0	0	0	0	0	0	0	0	52	0	0	0	0	61	0	0	0	0	99	0	0	0	0	218	0	0	0	434	0
# Last Fragment Qualities. Use `grep ^LFQ | cut -f 2-` to extract this part.
# Columns correspond to qualities and rows to cycles. First column is the cycle number.
LFQ	1	0	0	15	0	0	0	0	0	0	0	0	0	36	0	0	0	0	0	0	0	0	0	0	0	0	0	0	37	0	0	0	0	938	0	0	0	0	0	0	0	0	0	0
LFQ	2	0	0	0	0	0	0	0	0	0	0	0	0	40	0	0	0	0	0	0	0	0	0	0	0	0	0	0	42	0	0	0	0	944	0	0	0	0	0	0	0	0	0	0
LFQ	3	0	0	0	0	0	0	0	0	0	0	0	0	36	0	0	0	0	0	0	0	0	0	0	0	0	0	0	46	0	0	0	0	297	0	0	0	0	647	0	0	0	0	0
LFQ	4	0	0	0	0	0	0	0	0	0	0	0	0	32	0	0	0	0	0	0	0	0	0	1	0	0	0	0	37	0	0	0	0	95	0	0	0	0	861	0	0	0	0	0
LFQ	5	0	0	0	0	0	0	0	0	0	0	0	0	29	0	0	0	0	0	0	0	0	0	6	0	0	0	0	19	0	0	0	0	75	0	0	0	0	897	0	0	0	0	0
LFQ	6	0	0	0	0	0	0	0	0	0	0	0	0	20	0	0	0	0	0	0	0	0	0	3	0	0	0	0	15	0	0	0	0	45	0	0	0	0	131	0	0	0	812	0
LFQ	7	0	0	0	0	0	0	0	0	0	0	0	0	27	0	0	0	0	0	0	0	0	0	7	0	0	0	0	18	0	0	0	0	34	0	0	0	0	132	0	0	0	808	0
LFQ	8	0	0	0	0	0	0	0	0	0	0	0	0	34	0	0	0	0	0	0	0	0	0	9	0	0	0	0	16	0	0	0	0	49	0	0	0	0	116	0	0	0	802	0
LFQ	9	0	0	0	0	0	0	0	0	0	0	0	0	34	0	0	0	0	0	0	0	0	0	12	0	0	0	0	15	0	0	0	0	46	0	0	0	0	118	0	0	0	801	0
LFQ	10	0	0	0	0	0	0	0	0	0	0	0	0	37	0	0	0	0	0	0	0	0	0	17	0	0	0	0	15	0	0	0	0	41	0	0	0	0	111	0	0	0	805	0
LFQ	11	0	0	0	0	0	0	0	0	0	0	0	0	29	0	0	0	0	0	0	0	0	0	15	0	0	0	0	5	0	0	0	0	32	0	0	0	0	107	0	0	0	838	0
LFQ	12	0	0	0	0	0	0	0	0	0	0	0	0	29	0	0	0	0	0	0	0	0	0	14	0	0	0	0	15	0	0	0	0	29	0	0	0	0	107	0	0	0	832	0
LFQ	13	0	0	0	0	0	0	0	0	0	0	0	0	33	0	0	0	0	0	0	0	0	0	10	0	0	0	0	14	0	0	0	0	40	0	0	0	0	110	0	0	0	819	0
LFQ	14	0	0	0	0	0	0	0	0	0	0	0	0	28	0	0	0	0	0	0	0	0	0	12	0	0	0	0	11	0	0	0	0	38	0	0	0	0	95	0	0	0	842	0
LFQ	15	0	0	0	0	0	0	0	0	0	0	0	0	30	0	0	0	0	0	0	0	0	0	16	0	0	0	0	14	0	0	0	0	35	0	0	0	0	110	0	0	0	821	0
LFQ	16	0	0	0	0	0	0	0	0	0	0	0	0	30	0	0	0	0	0	0	0	0	0	17	0	0	0	0	29	0	0	0	0	40	0	0	0	0	119	0	0	0	791	0
LFQ	17	0	0	0	0	0	0	0	0	0	0	0	0	31	0	0	0	0	0	0	0	0	0	16	0	0	0	0	29	0	0	0	0	29	0	0	0	0	110	0	0	0	811	0
LFQ	18	0	0	0	0	0	0	0	0	0	0	0	0	45	0	0	0	0	0	0	0	0	0	24	0	0	0	0	19	0	0	0	0	33	0	0	0	0	114	0	0	0	791	0
LFQ	19	0	0	0	0	0	0	0	0	0	0	0	0	32	0	0	0	0	0	0	0	0	0	14	0	0	0	0	27	0	0	0	0	26	0	0	0	0	116	0	0	0	811	0
LFQ	20	0	0	0	0	0	0	0	0	0	0	0	0	37	0	0	0	0	0	0	0	0	0	20	0	0	0	0	26	0	0	0	0	31	0	0	0	0	109	0	0	0	803	0
LFQ	21	0	0	0	0	0	0	0	0	0	0	0	0	39	0	0	0	0	0	0	0	0	0	25	0	0	0	0	22	0	0	0	0	32	0	0	0	0	114	0	0	0	794	0
LFQ	22	0	0	0	0	0	0	0	0	0	0	0	0	36	0	0	0	0	0	0	0	0	0	18	0	0	0	0	32	0	0	0	0	32	0	0	0	0	129	0	0	0	779	0
LFQ	23	0	0	0	0	0	0	0	0	0	0	0	0	39	0	0	0	0	0	0	0	0	0	26	0	0	0	0	29	0	0	0	0	37	0	0	0	0	107	0	0	0	788	0
LFQ	24	0	0	0	0	0	0	0	0	0	0	0	0	36	0	0	0	0	0	0	0	0	0	20	0	0	0	0	32	0	0	0	0	25	0	0	0	0	103	0	0	0	810	0
LFQ	25	0	0	0	0	0	0	0	0	0	0	0	0	49	0	0	0	0	0	0	0	0	0	21	0	0	0	0	33	0	0	0	0	28	0	0	0	0	110	0	0	0	785	0
LFQ	26	0	0	0	0	0	0	0	0	0	0	0	0	49	0	0	0	0	0	0	0	0	0	18	0	0	0	0	25	0	0	0	0	39	0	0	0	0	111	0	0	0	784	0
LFQ	27	0	0	10	0	0	0	0	0	0	0	0	0	39	0	0	0	0	0	0	0	0	0	22	0	0	0	0	31	0	0	0	0	37	0	0	0	0	121	0	0	0	766	0
LFQ	28	0	0	0	0	0	0	0	0	0	0	0	0	44	0	0	0	0	0	0	0	0	0	26	0	0	0	0	27	0	0	0	0	38	0	0	0	0	104	0	0	0	787	0
LFQ	29	0	0	0	0	0	0	0	0	0	0	0	0	51	0	0	0	0	0	0	0	0	0	25	0	0	0	0	24	0	0	0	0	39	0	0	0	0	131	0	0	0	756	0
LFQ	30	0	0	0	0	0	0	0	0	0	0	0	0	38	0	0	0	0	0	0	0	0	0	30	0	0	0	0	36	0	0	0	0	48	0	0	0	0	104	0	0	0	770	0
LFQ	31	0	0	0	0	0	0	0	0	0	0	0	0	65	0	0	0	0	0	0	0	0	0	23	0	0	0	0	35	0	0	0	0	35	0	0	0	0	107	0	0	0	761	0
LFQ	32	0	0	0	0	0	0	0	0	0	0	0	0	38	0	0	0	0	0	0	0	0	0	32	0	0	0	0	35	0	0	0	0	35	0	0	0	0	132	0	0	0	754	0
LFQ	33	0	0	0	0	0	0	0	0	0	0	0	0	57	0	0	0	0	0	0	0	0	0	29	0	0	0	0	30	0	0	0	0	39	0	0	0	0	117	0	0	0	754	0
LFQ	34	0	0	0	0	0	0	0	0	0	0	0	0	50	0	0	0	0	0	0	0	0	0	28	0	0	0	0	31	0	0	0	0	47	0	0	0	0	102	0	0	0	768	0
LFQ	35	0	0	0	0	0	0	0	0	0	0	0	0	54	0	0	0	0	0	0	0	0	0	27	0	0	0	0	33	0	0	0	0	42	0	0	0	0	126	0	0	0	744	0
LFQ	36	0	0	0	0	0	0	0	0	0	0	0	0	57	0	0	0	0	0	0	0	0	0	30	0	0	0	0	41	0	0	0	0	32	0	0	0	0	133	0	0	0	733	0
LFQ	37	0	0	0	0	0	0	0	0	0	0	0	0	54	0	0	0	0	0	0	0	0	0	41	0	0	0	0	40	0	0	0	0	52	0	0	0	0	148	0	0	0	691	0
LFQ	38	0	0	0	0	0	0	0	0	0	0	0	0	62	0	0	0	0	0	0	0	0	0	33	0	0	0	0	46	0	0	0	0	49	0	0	0	0	133	0	0	0	703	0
LFQ	39	0	0	0	0	0	0	0	0	0	0	0	0	67	0	0	0	0	0	0	0	0	0	26	0	0	0	0	39	0	0	0	0	52	0	0	0	0	129	0	0	0	713	0
LFQ	40	0	0	0	0	0	0	0	0	0	0	0	0	74	0	0	0	0	0	0	0	0	0	29	0	0	0	0	50	0	0	0	0	61	0	0	0	0	134	0	0	0	678	0
LFQ	41	0	0	0	0	0	0	0	0	0	0	0	0	63	0	0	0	0	0	0	0	0	0	40	0	0	0	0	33	0	0	0	0	43	0	0	0	0	158	0	0	0	689	0
LFQ	42	0	0	0	0	0	0	0	0	0	0	0	0	63	0	0	0	0	0	0	0	0	0	35	0	0	0	0	49	0	0	0	0	53	0	0	0	0	124	0	0	0	702	0
LFQ	43	0	0	0	0	0	0	0	0	0	0	0	0	59	0	0	0	0	0	0	0	0	0	36	0	0	0	0	43	0	0	0	0	69	0	0	0	0	125	0	0	0	694	0
LFQ	44	0	0	0	0	0	0	0	0	0	0	0	0	61	0	0	0	0	0	0	0	0	0	32	0	0	0	0	40	0	0	0	0	52	0	0	0	0	135	0	0	0	706	0
LFQ	45	0	0	0	0	0	0	0	0	0	0	0	0	71	0	0	0	0	0	0	0	0	0	35	0	0	0	0	45	0	0	0	0	53	0	0	0	0	123	0	0	0	699	0
LFQ	46	0	0	0	0	0	0	0	0	0	0	0	0	67	0	0	0	0	0	0	0	0	0	31	0	0	0	0	46	0	0	0	0	49	0	0	0	0	152	0	0	0	681	0
LFQ	47	0	0	0	0	0	0	0	0	0	0	0	0	75	0	0	0	0	0	0	0	0	0	28	0	0	0	0	39	0	0	0	0	55	0	0	0	0	138	0	0	0	691	0
LFQ	48	0	0	0	0	0	0	0	0	0	0	0	0	78	0	0	0	0	0	0	0	0	0	32	0	0	0	0	43	0	0	0	0	54	0	0	0	0	135	0	0	0	684	0
LFQ	49	0	0	0	0	0	0	0	0	0	0	0	0	63	0	0	0	0	0	0	0	0	0	36	0	0	0	0	49	0	0	0	0	47	0	0	0	0	145	0	0	0	686	0
LFQ	50	0	0	0	0	0	0	0	0	0	0	0	0	71	0	0	0	0	0	0	0	0	0	33	0	0	0	0	50	0	0	0	0	57	0	0	0	0	118	0	0	0	697	0
LFQ	51	0	0	0	0	0	0	0	0	0	0	0	0	56	0	0	0	0	0	0	0	0	0	33	0	0	0	0	36	0	0	0	0	60	0	0	0	0	165	0	0	0	676	0
LFQ	52	0	0	0	0	0	0	0	0	0	0	0	0	58	0	0	0	0	0	0	0	0	0	30	0	0	0	0	42	0	0	0	0	65	0	0	0	0	149	0	0	0	682	0
LFQ	53	0	0	0	0	0	0	0	0	0	0	0	0	90	0	0	0	0	0	0	0	0	0	34	0	0	0	0	33	0	0	0	0	64	0	0	0	0	128	0	0	0	677	0
LFQ	54	0	0	0	0	0	0	0	0	0	0	0	0	72	0	0	0	0	0	0	0	0	0	37	0	0	0	0	44	0	0	0	0	60	0	0	0	0	127	0	0	0	686	0
LFQ	55	0	0	0	0	0	0	0	0	0	0	0	0	74	0	0	0	0	0	0	0	0	0	38	0	0	0	0	47	0	0	0	0	56	0	0	0	0	137	0	0	0	674	0
LFQ	56	0	0	0	0	0	0	0	0	0	0	0	0	79	0	0	0	0	0	0	0	0	0	41	0	0	0	0	40	0	0	0	0	72	0	0	0	0	133	0	0	0	661	0
LFQ	57	0	0	0	0	0	0	0	0	0	0	0	0	77	0	0	0	0	0	0	0	0	0	45	0	0	0	0	44	0	0	0	0	69	0	0	0	0	132	0	0	0	659	0
LFQ	58	0	0	0	0	0	0	0	0	0	0	0	0	73	0	0	0	0	0	0	0	0	0	37	0	0	0	0	42	0	0	0	0	75	0	0	0	0	146	0	0	0	653	0
LFQ	59	0	0	0	0	0	0	0	0	0	0	0	0	71	0	0	0	0	0	0	0	0	0	43	0	0	0	0	57	0	0	0	0	60	0	0	0	0	139	0	0	0	656	0
LFQ	60	0	0	0	0	0	0	0	0	0	0	0	0	66	0	0	0	0	0	0	0	0	0	38	0	0	0	0	57	0	0	0	0	74	0	0	0	0	147	0	0	0	644	0
LFQ	61	0	0	0	0	0	0	0	0	0	0	0	0	81	0	0	0	0	0	0	0	0	0	32	0	0	0	0	55	0	0	0	0	66	0	0	0	0	110	0	0	0	682	0
LFQ	62	0	0	0	0	0	0	0	0	0	0	0	0	77	0	0	0	0	0	0	0	0	0	39	0	0	0	0	43	0	0	0	0	77	0	0	0	0	135	0	0	0	655	0
LFQ	63	0	0	0	0	0	0	0	0	0	0	0	0	64	0	0	0	0	0	0	0	0	0	44	0	0	0	0	44	0	0	0	0	80	0	0	0	0	126	0	0	0	668	0
LFQ	64	0	0	0	0	0	0	0	0	0	0	0	0	73	0	0	0	0	0	0	0	0	0	36	0	0	0	0	49	0	0	0	0	72	0	0	0	0	127	0	0	0	669	0
LFQ	65	0	0	0	0	0	0	0	0	0	0	0	0	76	0	0	0	0	0	0	0	0	0	42	0	0	0	0	47	0	0	0	0	45	0	0	0	0	149	0	0	0	667	0
LFQ	66	0	0	0	0	0	0	0	0	0	0	0	0	65	0	0	0	0	0	0	0	0	0	44	0	0	0	0	46	0	0	0	0	66	0	0	0	0	142	0	0	0	663	0
LFQ	67	0	0	0	0	0	0	0	0	0	0	0	0	67	0	0	0	0	0	0	0	0	0	50	0	0	0	0	36	0	0	0	0	72	0	0	0	0	136	0	0	0	665	0
LFQ	68	0	0	0	0	0	0	0	0	0	0	0	0	82	0	0	0	0	0	0	0	0	0	44	0	0	0	0	45	0	0	0	0	59	0	0	0	0	137	0	0	0	659	0
LFQ	69	0	0	0	0	0	0	0	0	0	0	0	0	64	0	0	0	0	0	0	0	0	0	39	0	0	0	0	47	0	0	0	0	70	0	0	0	0	149	0	0	0	657	0
LFQ	70	0	0	0	0	0	0	0	0	0	0	0	0	78	0	0	0	0	0	0	0	0	0	51	0	0	0	0	34	0	0	0	0	70	0	0	0	0	131	0	0	0	662	0
LFQ	71	0	0	0	0	0	0	0	0	0	0	0	0	79	0	0	0	0	0	0	0	0	0	55	0	0	0	0	33	0	0	0	0	72	0	0	0	0	134	0	0	0	653	0
LFQ	72	0	0	0	0	0	0	0	0	0	0	0	0	84	0	0	0	0	0	0	0	0	0	54	0	0	0	0	34	0	0	0	0	71	0	0	0	0	139	0	0	0	644	0
LFQ	73	0	0	0	0	0	0	0	0	0	0	0	0	82	0	0	0	0	0	0	0	0	0	56	0	0	0	0	29	0	0	0	0	54	0	0	0	0	139	0	0	0	666	0
LFQ	74	0	0	0	0	0	0	0	0	0	0	0	0	81	0	0	0	0	0	0	0	0	0	50	0	0	0	0	44	0	0	0	0	68	0	0	0	0	124	0	0	0	659	0
LFQ	75	0	0	0	0	0	0	0	0	0	0	0	0	74	0	0	0	0	0	0	0	0	0	54	0	0	0	0	37	0	0	0	0	66	0	0	0	0	131	0	0	0	664	0
LFQ	76	0	0	0	0	0	0	0	0	0	0	0	0	81	0	0	0	0	0	0	0	0	0	49	0	0	0	0	30	0	0	0	0	75	0	0	0	0	132	0	0	0	659	0
LFQ	77	0	0	0	0	0	0	0	0	0	0	0	0	84	0	0	0	0	0	0	0	0	0	78	0	0	0	0	57	0	0	0	0	98	0	0	0	0	222	0	0	0	487	0
LFQ	78	0	0	0	0	0	0	0	0	0	0	0	0	78	0	0	0	0	0	0	0	0	0	65	0	0	0	0	37	0	0	0	0	96	0	0	0	0	161	0	0	0	589	0
LFQ	79	0	0	0	0	0	0	0	0	0	0	0	0	83	0	0	0	0	0	0	0	0	0	58	0	0	0	0	32	0	0	0	0	60	0	0	0	0	140	0	0	0	653	0
LFQ	80	0	0	0	0	0	0	0	0	0	0	0	0	75	0	0	0	0	0	0	0	0	0	52	0	0	0	0	27	0	0	0	0	65	0	0	0	0	123	0	0	0	684	0
LFQ	81	0	0	0	0	0	0	0	0	0	0	0	0	83	0	0	0	0	0	0	0	0	0	61	0	0	0	0	26	0	0	0	0	64	0	0	0	0	123	0	0	0	669	0
LFQ	82	0	0	0	0	0	0	0	0	0	0	0	0	64	0	0	0	0	0	0	0	0	0	49	0	0	0	0	27	0	0	0	0	70	0	0	0	0	118	0	0	0	698	0
LFQ	83	0	0	0	0	0	0	0	0	0	0	0	0	69	0	0	0	0	0	0	0	0	0	48	0	0	0	0	35	0	0	0	0	77	0	0	0	0	130	0	0	0	667	0
LFQ	84	0	0	0	0	0	0	0	0	0	0	0	0	73	0	0	0	0	0	0	0	0	0	53	0	0	0	0	27	0	0	0	0	59	0	0	0	0	112	0	0	0	702	0
LFQ	85	0	0	0	0	0	0	0	0	0	0	0	0	70	0	0	0	0	0	0	0	0	0	47	0	0	0	0	26	0	0	0	0	60	0	0	0	0	138	0	0	0	685	0
LFQ	86	0	0	0	0	0	0	0	0	0	0	0	0	81	0	0	0	0	0	0	0	0	0	42	0	0	0	0	30	0	0	0	0	49	0	0	0	0	129	0	0	0	695	0
LFQ	87	0	0	0	0	0	0	0	0	0	0	0	0	76	0	0	0	0	0	0	0	0	0	38	0	0	0	0	38	0	0	0	0	81	0	0	0	0	119	0	0	0	674	0
LFQ	88	0	0	0	0	0	0	0	0	0	0	0	0	70	0	0	0	0	0	0	0	0	0	41	0	0	0	0	29	0	0	0	0	78	0	0	0	0	107	0	0	0	701	0
LFQ	89	0	0	0	0	0	0	0	0	0	0	0	0	78	0	0	0	0	0	0	0	0	0	36	0	0	0	0	31	0	0	0	0	68	0	0	0	0	108	0	0	0	705	0
LFQ	90	0	0	0	0	0	0	0	0	0	0	0	0	75	0	0	0	0	0	0	0	0	0	50	0	0	0	0	34	0	0	0	0	60	0	0	0	0	124	0	0	0	683	0
LFQ	91	0	0	0	0	0	0	0	0	0	0	0	0	79	0	0	0	0	0	0	0	0	0	38	0	0	0	0	38	0	0	0	0	61	0	0	0	0	136	0	0	0	674	0
LFQ	92	0	0	0	0	0	0	0	0	0	0	0	0	78	0	0	0	0	0	0	0	0	0	40	0	0	0	0	39	0	0	0	0	61	0	0	0	0	106	0	0	0	702	0
LFQ	93	0	0	0	0	0	0	0	0	0	0	0	0	66	0	0	0	0	0	0	0	0	0	51	0	0	0	0	27	0	0	0	0	81	0	0	0	0	120	0	0	0	681	0
LFQ	94	0	0	0	0	0	0	0	0	0	0	0	0	72	0	0	0	0	0	0	0	0	0	65	0	0	0	0	27	0	0	0	0	56	0	0	0	0	135	0	0	0	671	0
LFQ	95	0	0	0	0	0	0	0	0	0	0	0	0	75	0	0	0	0	0	0	0	0	0	50	0	0	0	0	19	0	0	0	0	74	0	0	0	0	138	0	0	0	670	0
LFQ	96	0	0	0	0	0	0	0	0	0	0	0	0	70	0	0	0	0	0	0	0	0	0	50	0	0	0	0	45	0	0	0	0	75	0	0	0	0	120	0	0	0	666	0
LFQ	97	0	0	0	0	0	0	0	0	0	0	0	0	63	0	0	0	0	0	0	0	0	0	53	0	0	0	0	33	0	0	0	0	77	0	0	0	0	120	0	0	0	680	0
LFQ	98	0	0	0	0	0	0	0	0	0	0	0	0	78	0	0	0	0	0	0	0	0	0	53	0	0	0	0	23	0	0	0	0	54	0	0	0	0	127	0	0	0	691	0
LFQ	99	0	0	0	0	0	0	0	0	0	0	0	0	75	0	0	0	0	0	0	0	0	0	63	0	0	0	0	33	0	0	0	0	57	0	0	0	0	138	0	0	0	660	0
LFQ	100	0	0	0	0	0	0	0	0	0	0	0	0	66	0	0	0	0	0	0	0	0	0	57	0	0	0	0	24	0	0	0	0	60	0	0	0	0	151	0	0	0	668	0
LFQ	101	0	0	0	0	0	0	0	0	0	0	0	0	75	0	0	0	0	0	0	0	0	0	42	0	0	0	0	38	0	0	0	0	69	0	0	0	0	135	0	0	0	667	0
LFQ	102	0	0	0	0	0	0	0	0	0	0	0	0	94	0	0	0	0	0	0	0	0	0	40	0	0	0	0	32	0	0	0	0	72	0	0	0	0	141	0	0	0	645	0
LFQ	103	0	0	0	0	0	0	0	0	0	0	0	0	89	0	0	0	0	0	0	0	0	0	52	0	0	0	0	48	0	0	0	0	68	0	0	0	0	139	0	0	0	628	0
LFQ	104	0	0	0	0	0	0	0	0	0	0	0	0	78	0	0	0	0	0	0	0	0	0	48	0	0	0	0	43	0	0	0	0	76	0	0	0	0	139	0	0	0	640	0
LFQ	105	0	0	0	0	0	0	0	0	0	0	0	0	89	0	0	0	0	0	0	0	0	0	39	0	0	0	0	37	0	0	0	0	79	0	0	0	0	117	0	0	0	663	0
LFQ	106	0	0	0	0	0	0	0	0	0	0	0	0	88	0	0	0	0	0	0	0	0	0	58	0	0	0	0	30	0	0	0	0	65	0	0	0	0	144	0	0	0	638	0
LFQ	107	0	0	0	0	0	0	0	0	0	0	0	0	77	0	0	0	0	0	0	0	0	0	54	0	0	0	0	41	0	0	0	0	74	0	0	0	0	148	0	0	0	628	0
LFQ	108	0	0	0	0	0	0	0	0	0	0	0	0	79	0	0	0	0	0	0	0	0	0	47	0	0	0	0	39	0	0	0	0	71	0	0	0	0	178	0	0	0	608	0
LFQ	109	0	0	0	0	0	0	0	0	0	0	0	0	90	0	0	0	0	0	0	0	0	0	41	0	0	0	0	31	0	0	0	0	65	0	0	0	0	149	0	0	0	644	0
LFQ	110	0	0	9	0	0	0	0	0	0	0	0	0	78	0	0	0	0	0	0	0	0	0	57	0	0	0	0	38	0	0	0	0	69	0	0	0	0	174	0	0	0	595	0
LFQ	111	0	0	0	0	0	0	0	0	0	0	0	0	95	0	0	0	0	0	0	0	0	0	55	0	0	0	0	32	0	0	0	0	67	0	0	0	0	173	0	0	0	597	0
LFQ	112	0	0	0	0	0	0	0	0	0	0	0	0	102	0	0	0	0	0	0	0	0	0	57	0	0	0	0	30	0	0	0	0	67	0	0	0	0	156	0	0	0	607	0
LFQ	113	0	0	0	0	0	0	0	0	0	0	0	0	89	0	0	0	0	0	0	0	0	0	60	0	0	0	0	34	0	0	0	0	74	0	0	0	0	168	0	0	0	594	0
LFQ	114	0	0	0	0	0	0	0	0	0	0	0	0	96	0	0	0	0	0	0	0	0	0	54	0	0	0	0	51	0	0	0	0	74	0	0	0	0	163	0	0	0	581	0
LFQ	115	0	0	0	0	0	0	0	0	0	0	0	0	87	0	0	0	0	0	0	0	0	0	65	0	0	0	0	44	0	0	0	0	71	0	0	0	0	160	0	0	0	590	0
LFQ	116	0	0	0	0	0	0	0	0	0	0	0	0	96	0	0	0	0	0	0	0	0	0	62	0	0	0	0	38	0	0	0	0	54	0	0	0	0	163	0	0	0	604	0
LFQ	117	0	0	0	0	0	0	0	0	0	0	0	0	100	0	0	0	0	0	0	0	0	0	58	0	0	0	0	51	0	0	0	0	75	0	0	0	0	176	0	0	0	555	0
LFQ	118	0	0	0	0	0	0	0	0	0	0	0	0	81	0	0	0	0	0	0	0	0	0	71	0	0	0	0	47	0	0	0	0	72	0	0	0	0	174	0	0	0	568	0
LFQ	119	0	0	0	0	0	0	0	0	0	0	0	0	102	0	0	0	0	0	0	0	0	0	58	0	0	0	0	48	0	0	0	0	54	0	0	0	0	185	0	0	0	563	0
LFQ	120	0	0	0	0	0	0	0	0	0	0	0	0	105	0	0	0	0	0	0	0	0	0	59	0	0	0	0	50	0	0	0	0	71	0	0	0	0	183	0	0	0	542	0
LFQ	121	0	0	0	0	0	0	0	0	0	0	0	0	100	0	0	0	0	0	0	0	0	0	38	0	0	0	0	51	0	0	0	0	70	0	0	0	0	180	0	0	0	566	0
LFQ	122	0	0	0	0	0	0	0	0	0	0	0	0	114	0	0	0	0	0	0	0	0	0	51	0	0	0	0	50	0	0	0	0	55	0	0	0	0	166	0	0	0	565	0
LFQ	123	0	0	0	0	0	0	0	0	0	0	0	0	118	0	0	0	0	0	0	0	0	0	45	0	0	0	0	32	0	0	0	0	77	0	0	0	0	188	0	0	0	539	0
LFQ	124	0	0	0	0	0	0	0	0	4	0	0	0	112	0	0	0	0	0	0	0	0	0	43	0	0	0	0	40	0	0	0	0	78	0	0	0	0	188	0	0	0	532	0
LFQ	125	0	0	0	0	0	0	0	0	4	0	0	0	114	0	0	0	0	0	0	0	0	0	50	0	0	0	0	29	0	0	0	0	62	0	0	0	0	236	0	0	0	501	0
LFQ	126	0	0	0	0	0	0	0	0	15	0	0	0	112	0	0	0	0	0	0	0	0	0	41	0	0	0	0	43	0	0	0	0	80	0	0	0	0	192	0	0	0	512	0
LFQ	127	0	0	0	0	0	0	0	0	14	0	0	0	109	0	0	0	0	0	0	0	0	0	53	0	0	0	0	37	0	0	0	0	83	0	0	0	0	194	0	0	0	505	0
LFQ	128	0	0	0	0	0	0	0	0	6	0	0	0	114	0	0	0	0	0	0	0	0	0	45	0	0	0	0	49	0	0	0	0	84	0	0	0	0	205	0	0	0	490	0
LFQ	129	0	0	0	0	0	0	0	0	17	0	0	0	109	0	0	0	0	0	0	0	0	0	60	0	0	0	0	44	0	0	0	0	80	0	0	0	0	191	0	0	0	488	0
LFQ	130	0	0	0	0	0	0	0	0	34	0	0	0	91	0	0	0	0	0	0	0	0	0	53	0	0	0	0	48	0	0	0	0	93	0	0	0	0	172	0	0	0	497	0
LFQ	131	0	0	0	0	0	0	0	0	35	0	0	0	90	0	0	0	0	0	0	0	0	0	57	0	0	0	0	41	0	0	0	0	104	0	0	0	0	183	0	0	0	478	0
LFQ	132	0	0	0	0	0	0	0	0	32	0	0	0	83	0	0	0	0	0	0	0	0	0	62	0	0	0	0	42	0	0	0	0	98	0	0	0	0	167	0	0	0	502	0
LFQ	133	0	0	0	0	0	0	0	0	27	0	0	0	94	0	0	0	0	0	0	0	0	0	56	0	0	0	0	42	0	0	0	0	97	0	0	0	0	152	0	0	0	517	0
LFQ	134	0	0	0	0	0	0	0	0	42	0	0	0	85	0	0	0	0	0	0	0	0	0	45	0	0	0	0	46	0	0	0	0	117	0	0	0	0	172	0	0	0	477	0
LFQ	135	0	0	0	0	0	0	0	0	34	0	0	0	96	0	0	0	0	0	0	0	0	0	59	0	0	0	0	45	0	0	0	0	108	0	0	0	0	144	0	0	0	497	0
LFQ	136	0	0	0	0	0	0	0	0	36	0	0	0	109	0	0	0	0	0	0	0	0	0	37	0	0	0	0	46	0	0	0	0	112	0	0	0	0	162	0	0	0	480	0
LFQ	137	0	0	0	0	0	0	0	0	39	0	0	0	84	0	0	0	0	0	0	0	0	0	60	0	0	0	0	50	0	0	0	0	111	0	0	0	0	156	0	0	0	482	0
LFQ	138	0	0	0	0	0	0	0	0	43	0	0	0	83	0	0	0	0	0	0	0	0	0	59	0	0	0	0	54	0	0	0	0	123	0	0	0	0	152	0	0	0	466	0
LFQ	139	0	0	0	0	0	0	0	0	24	0	0	0	110	0	0	0	0	0	0	0	0	0	55	0	0	0	0	39	0	0	0	0	109	0	0	0	0	175	0	0	0	467	0
LFQ	140	0	0	0	0	0	0	0	0	33	0	0	0	93	0	0	0	0	0	0	0	0	0	58	0	0	0	0	67	0	0	0	0	110	0	0	0	0	154	0	0	0	463	0
LFQ	141	0	0	0	0	0	0	0	0	35	0	0	0	99	0	0	0	0	0	0	0	0	0	60	0	0	0	0	63	0	0	0	0	105	0	0	0	0	133	0	0	0	480	0
LFQ	142	0	0	0	0	0	0	0	0	41	0	0	0	92	0	0	0	0	0	0	0	0	0	65	0	0	0	0	66	0	0	0	0	121	0	0	0	0	138	0	0	0	450	0
LFQ	143	0	0	0	0	0	0	0	0	35	0	0	0	95	0	0	0	0	0	0	0	0	0	53	0	0	0	0	67	0	0	0	0	142	0	0	0	0	143	0	0	0	436	0
LFQ	144	0	0	0	0	0	0	0	0	38	0	0	0	93	0	0	0	0	0	0	0	0	0	62	0	0	0	0	69	0	0	0	0	128	0	0	0	0	135	0	0	0	443	0
LFQ	145	0	0	0	0	0	0	0	0	34	0	0	0	88	0	0	0	0	0	0	0	0	0	70	0	0	0	0	64	0	0	0	0	128	0	0	0	0	141	0	0	0	441	0
LFQ	146	0	0	0	0	0	0	0	0	34	0	0	0	86	0	0	0	0	0	0	0	0	0	44	0	0	0	0	85	0	0	0	0	126	0	0	0	0	142	0	0	0	449	0
LFQ	147	0	0	0	0	0	0	0	0	33	0	0	0	99	0	0	0	0	0	0	0	0	0	64	0	0	0	0	67	0	0	0	0	107	0	0	0	0	160	0	0	0	430	0
LFQ	148	0	0	0	0	0	0	0	0	26	0	0	0	88	0	0	0	0	0	0	0	0	0	50	0	0	0	0	76	0	0	0	0	131	0	0	0	0	155	0	0	0	421	0
LFQ	149	0	0	0	0	0	0	0	0	32	0	0	0	74	0	0	0	0	0	0	0	0	0	55	0	0	0	0	77	0	0	0	0	110	0	0	0	0	167	0	0	0	406	0
LFQ	150	0	0	0	0	0	0	0	0	18	0	0	0	53	0	0	0	0	0	0	0	0	0	71	0	0	0	0	83	0	0	0	0	99	0	0	0	0	172	0	0	0	390	0
LFQ	151	0	0	0	0	0	0	0	0	0	0	0	0	0	0	0	0	0	0	0	0	0	0	105	0	0	0	0	96	0	0	0	0	123	0	0	0	0	146	0	0	0	263	0
# GC Content of first fragments. Use `grep ^GCF | cut -f 2-` to extract this part.
GCF	6.78	0
GCF	13.82	1
GCF	14.32	0
GCF	14.82	1
GCF	16.58	0
GCF	18.59	1
GCF	19.35	0
GCF	19.85	2
GCF	20.35	6
GCF	20.85	5
GCF	21.36	4
GCF	21.86	1
GCF	22.61	4
GCF	23.37	5
GCF	23.87	9
GCF	24.37	6
GCF	24.87	5
GCF	25.38	10
GCF	25.88	9
GCF	26.38	8
GCF	26.88	9
GCF	27.39	11
GCF	27.89	9
GCF	28.39	14
GCF	28.89	16
GCF	29.40	15
GCF	29.90	22
GCF	30.40	18
GCF	30.90	14
GCF	31.41	13
GCF	32.16	24
GCF	32.91	29
GCF	33.42	26
GCF	33.92	32
GCF	34.42	31
GCF	34.92	43
GCF	35.43	47
GCF	35.93	28
GCF	36.43	25
GCF	36.93	27
GCF	37.44	25
GCF	37.94	11
GCF	38.44	21
GCF	38.94	11
GCF	39.45	13
GCF	39.95	18
GCF	40.45	17
GCF	40.95	15
GCF	41.46	17
GCF	41.96	21
GCF	42.46	15
GCF	42.96	13
GCF	43.47	9
GCF	43.97	11
GCF	44.47	6
GCF	44.97	5
GCF	45.48	12
GCF	45.98	13
GCF	46.48	5
GCF	46.98	7
GCF	47.49	9
GCF	47.99	11
GCF	48.49	5
GCF	48.99	7
GCF	49.50	11
GCF	50.00	10
GCF	50.50	12
GCF	51.01	15
GCF	51.51	13
GCF	52.01	7
GCF	52.51	15
GCF	53.02	7
GCF	53.77	4
GCF	54.52	7
GCF	55.03	6
GCF	55.78	10
GCF	56.53	3
GCF	57.04	5
GCF	57.54	12
GCF	58.04	13
GCF	58.54	12
GCF	59.05	2
GCF	59.55	9
GCF	60.05	2
GCF	60.55	3
GCF	61.06	12
GCF	61.56	16
GCF	62.06	24
GCF	62.56	25
GCF	63.07	16
GCF	63.57	18
GCF	64.07	17
GCF	64.57	19
GCF	65.08	11
GCF	65.58	17
GCF	66.08	29
GCF	66.58	25
GCF	67.09	8
GCF	67.84	10
GCF	68.59	5
GCF	69.10	7
GCF	69.60	12
GCF	70.10	6
GCF	70.60	9
GCF	71.36	3
GCF	72.11	1
GCF	73.12	0
GCF	74.12	1
GCF	75.13	0
GCF	76.13	1
GCF	76.63	0
GCF	77.14	1
GCF	77.64	2
GCF	78.14	0
GCF	78.89	1
GCF	79.65	3
GCF	80.15	1
GCF	81.66	0
GCF	83.17	1
GCF	83.92	0
GCF	84.67	1
GCF	85.18	2
GCF	85.93	1
GCF	87.44	0
GCF	88.69	1
GCF	89.70	0
GCF	91.21	1
GCF	92.96	0
GCF	94.22	1
# GC Content of last fragments. Use `grep ^GCL | cut -f 2-` to extract this part.
GCL	8.29	0
GCL	17.09	1
GCL	17.84	0
GCL	18.59	1
GCL	19.35	0
GCL	19.85	2
GCL	20.35	3
GCL	20.85	2
GCL	21.61	5
GCL	22.36	8
GCL	22.86	4
GCL	23.37	3
GCL	23.87	8
GCL	24.37	10
GCL	24.87	8
GCL	25.38	12
GCL	25.88	8
GCL	26.38	12
GCL	26.88	16
GCL	27.39	12
GCL	27.89	15
GCL	28.39	13
GCL	28.89	21
GCL	29.40	19
GCL	29.90	16
GCL	30.40	19
GCL	30.90	35
GCL	31.41	32
GCL	31.91	26
GCL	32.41	24
GCL	32.91	28
GCL	33.42	24
GCL	33.92	28
GCL	34.42	23
GCL	34.92	30
GCL	35.43	34
GCL	35.93	28
GCL	36.43	18
GCL	36.93	13
GCL	37.44	16
GCL	37.94	18
GCL	38.44	15
GCL	38.94	17
GCL	39.45	22
GCL	39.95	15
GCL	40.45	24
GCL	40.95	27
GCL	41.46	25
GCL	41.96	18
GCL	42.46	14
GCL	42.96	10
GCL	43.47	14
GCL	43.97	15
GCL	44.47	6
GCL	44.97	9
GCL	45.48	10
GCL	45.98	8
GCL	46.48	4
GCL	46.98	9
GCL	47.49	5
GCL	47.99	7
GCL	48.49	5
GCL	48.99	8
GCL	49.75	7
GCL	50.50	9
GCL	51.01	7
GCL	51.51	11
GCL	52.01	10
GCL	52.51	5
GCL	53.02	8
GCL	53.52	7
GCL	54.02	11
GCL	54.52	4
GCL	55.03	8
GCL	55.78	5
GCL	56.53	10
GCL	57.29	6
GCL	58.04	10
GCL	58.79	12
GCL	59.55	9
GCL	60.05	15
GCL	60.55	11
GCL	61.06	12
GCL	61.56	19
GCL	62.06	13
GCL	62.81	12
GCL	63.57	11
GCL	64.07	15
GCL	64.57	18
GCL	65.08	15
GCL	65.58	10
GCL	66.58	9
GCL	67.59	14
GCL	68.09	10
GCL	68.59	9
GCL	69.10	8
GCL	69.60	5
GCL	70.10	9
GCL	70.60	7
GCL	71.11	5
GCL	71.61	4
GCL	72.11	3
GCL	72.61	7
GCL	73.37	4
GCL	74.37	2
GCL	75.13	1
GCL	76.13	4
GCL	77.14	6
GCL	77.64	3
GCL	78.14	2
GCL	78.64	0
GCL	79.15	1
GCL	79.65	3
GCL	80.15	2
GCL	80.90	0
GCL	81.91	2
GCL	82.66	3
GCL	83.42	1
GCL	84.17	2
GCL	84.67	0
GCL	85.18	1
GCL	85.68	0
GCL	86.18	1
GCL	86.68	2
GCL	87.44	3
GCL	88.69	1
GCL	89.70	0
GCL	90.20	1
GCL	90.95	2
GCL	91.71	1
GCL	92.46	0
GCL	93.47	1
GCL	94.47	0
GCL	95.48	1
# ACGT content per cycle. Use `grep ^GCC | cut -f 2-` to extract this part. The columns are: cycle; A,C,G,T base counts as a percentage of all A/C/G/T bases [%]; and N and O counts as a percentage of all A/C/G/T bases [%]
GCC	1	23.52	26.82	30.18	19.48	1.18	0.00
GCC	2	27.34	20.22	22.22	30.21	0.00	0.00
GCC	3	29.19	22.71	21.49	26.61	0.00	0.00
GCC	4	29.87	21.05	24.51	24.56	0.00	0.00
GCC	5	30.60	22.12	22.22	25.05	0.00	0.00
GCC	6	30.90	20.42	21.10	27.58	0.00	0.00
GCC	7	28.75	20.27	21.05	29.92	0.00	0.00
GCC	8	28.31	23.34	21.15	27.19	0.00	0.00
GCC	9	25.34	23.05	22.03	29.58	0.00	0.00
GCC	10	31.29	19.25	22.61	26.85	0.00	0.00
GCC	11	26.85	24.81	24.51	23.83	0.00	0.00
GCC	12	24.85	25.39	22.37	27.39	0.00	0.00
GCC	13	27.88	22.03	22.56	27.53	0.00	0.00
GCC	14	27.39	21.98	22.86	27.78	0.00	0.00
GCC	15	27.10	21.93	22.27	28.70	0.00	0.00
GCC	16	29.68	22.17	22.17	25.97	0.00	0.00
GCC	17	27.53	21.93	21.88	28.65	0.00	0.00
GCC	18	29.19	22.95	23.15	24.71	0.00	0.00
GCC	19	28.41	21.93	24.22	25.44	0.00	0.00
GCC	20	27.53	23.05	22.12	27.29	0.00	0.00
GCC	21	27.05	22.81	23.34	26.80	0.00	0.00
GCC	22	27.78	24.37	21.54	26.32	0.00	0.00
GCC	23	28.70	22.17	22.66	26.46	0.00	0.00
GCC	24	28.51	23.25	22.81	25.44	0.00	0.00
GCC	25	28.85	22.03	22.86	26.27	0.00	0.00
GCC	26	27.63	21.78	22.86	27.73	0.00	0.00
GCC	27	29.15	24.29	21.69	24.88	0.69	0.00
GCC	28	29.40	21.60	23.06	25.94	0.05	0.00
GCC	29	28.67	23.11	22.87	25.35	0.05	0.00
GCC	30	28.12	23.88	20.37	27.63	0.00	0.00
GCC	31	29.87	21.15	22.71	26.27	0.00	0.00
GCC	32	30.36	19.74	22.27	27.63	0.00	0.00
GCC	33	27.88	21.64	23.93	26.56	0.00	0.00
GCC	34	29.73	20.57	22.47	27.24	0.00	0.00
GCC	35	27.14	23.00	22.76	27.10	0.00	0.00
GCC	36	30.12	21.30	21.54	27.05	0.00	0.00
GCC	37	26.56	21.78	24.51	27.14	0.00	0.00
GCC	38	30.65	21.35	22.27	25.73	0.00	0.00
GCC	39	27.94	21.40	23.31	27.35	0.05	0.00
GCC	40	28.17	23.93	20.41	27.49	0.20	0.00
GCC	41	28.41	23.29	19.83	28.46	0.00	0.00
GCC	42	29.58	21.30	22.71	26.41	0.00	0.00
GCC	43	25.34	24.85	22.51	27.29	0.00	0.00
GCC	44	29.07	23.32	20.44	27.17	0.10	0.00
GCC	45	26.51	22.90	23.05	27.53	0.00	0.00
GCC	46	28.63	20.49	22.34	28.54	0.10	0.00
GCC	47	27.50	22.09	23.35	27.06	0.05	0.00
GCC	48	28.17	23.10	23.68	25.05	0.00	0.00
GCC	49	25.97	23.34	25.34	25.34	0.00	0.00
GCC	50	29.04	22.47	21.83	26.66	0.00	0.00
GCC	51	27.10	23.68	22.12	27.10	0.00	0.00
GCC	52	28.12	22.51	21.49	27.88	0.00	0.00
GCC	53	29.82	22.66	21.98	25.54	0.00	0.00
GCC	54	26.80	22.51	24.03	26.66	0.00	0.00
GCC	55	25.39	23.73	23.20	27.68	0.00	0.00
GCC	56	28.07	22.22	22.37	27.34	0.00	0.00
GCC	57	28.22	23.00	23.64	25.15	0.00	0.00
GCC	58	28.75	22.08	23.15	26.02	0.00	0.00
GCC	59	28.61	23.15	21.59	26.66	0.00	0.00
GCC	60	28.95	21.73	23.34	25.97	0.00	0.00
GCC	61	27.63	22.03	22.81	27.53	0.00	0.00
GCC	62	26.71	21.54	23.64	28.12	0.00	0.00
GCC	63	29.00	23.44	23.15	24.42	0.00	0.00
GCC	64	29.00	20.42	23.39	27.19	0.00	0.00
GCC	65	28.17	22.86	21.98	27.00	0.00	0.00
GCC	66	26.56	21.69	22.32	29.43	0.00	0.00
GCC	67	25.49	23.29	23.00	28.22	0.00	0.00
GCC	68	27.73	22.66	22.51	27.10	0.00	0.00
GCC	69	27.00	23.25	23.78	25.97	0.00	0.00
GCC	70	29.24	23.49	21.35	25.93	0.00	0.00
GCC	71	27.58	22.66	22.90	26.85	0.00	0.00
GCC	72	28.27	20.91	24.03	26.80	0.00	0.00
GCC	73	25.63	22.42	23.83	28.12	0.00	0.00
GCC	74	26.66	22.56	23.64	27.14	0.00	0.00
GCC	75	25.63	22.17	24.37	27.83	0.00	0.00
GCC	76	29.78	22.61	20.91	26.71	0.00	0.00
GCC	77	27.58	22.95	22.71	26.75	0.00	0.00
GCC	78	29.29	22.32	21.69	26.71	0.00	0.00
GCC	79	28.70	21.73	21.98	27.58	0.00	0.00
GCC	80	26.80	24.17	22.86	26.17	0.00	0.00
GCC	81	24.71	23.68	24.07	27.53	0.00	0.00
GCC	82	25.49	22.22	24.85	27.44	0.00	0.00
GCC	83	28.22	22.17	23.39	26.22	0.00	0.00
GCC	84	30.90	22.47	20.18	26.46	0.00	0.00
GCC	85	26.71	21.59	24.07	27.63	0.00	0.00
GCC	86	27.68	22.71	21.83	27.78	0.00	0.00
GCC	87	29.29	22.51	22.86	25.34	0.00	0.00
GCC	88	28.51	23.44	21.88	26.17	0.00	0.00
GCC	89	27.78	22.56	21.93	27.73	0.00	0.00
GCC	90	27.97	21.88	22.71	27.44	0.00	0.00
GCC	91	27.24	21.69	24.12	26.95	0.00	0.00
GCC	92	27.34	23.00	23.20	26.46	0.00	0.00
GCC	93	25.49	24.61	22.71	27.19	0.00	0.00
GCC	94	28.80	22.61	22.32	26.27	0.00	0.00
GCC	95	29.24	22.32	21.93	26.51	0.00	0.00
GCC	96	28.12	22.56	22.08	27.24	0.00	0.00
GCC	97	26.61	23.78	22.81	26.80	0.00	0.00
GCC	98	26.66	23.39	22.71	27.24	0.00	0.00
GCC	99	26.12	23.00	24.66	26.22	0.00	0.00
GCC	100	26.17	21.64	24.51	27.68	0.00	0.00
GCC	101	27.19	20.66	25.44	26.71	0.00	0.00
GCC	102	29.12	20.68	22.93	27.27	0.00	0.00
GCC	103	28.05	23.17	21.37	27.41	0.00	0.00
GCC	104	29.22	21.46	24.68	24.63	0.00	0.00
GCC	105	27.76	23.66	20.54	28.05	0.00	0.00
GCC	106	28.27	21.19	22.07	28.47	0.00	0.00
GCC	107	29.16	22.08	22.03	26.72	0.00	0.00
GCC	108	27.76	21.46	23.61	27.17	0.00	0.00
GCC	109	26.81	23.53	23.39	26.27	0.00	0.00
GCC	110	24.57	24.13	23.54	27.76	0.44	0.00
GCC	111	26.98	23.51	22.92	26.59	0.00	0.00
GCC	112	27.52	20.81	22.62	29.04	0.00	0.00
GCC	113	26.98	22.77	22.72	27.52	0.00	0.00
GCC	114	30.26	21.20	22.28	26.25	0.00	0.00
GCC	115	28.66	21.15	23.21	26.99	0.00	0.00
GCC	116	29.20	21.30	23.55	25.96	0.00	0.00
GCC	117	28.00	21.95	24.51	25.54	0.00	0.00
GCC	118	27.99	22.92	24.20	24.89	0.00	0.00
GCC	119	27.64	21.67	23.00	27.68	0.00	0.00
GCC	120	28.33	21.77	23.35	26.55	0.00	0.00
GCC	121	27.21	21.68	23.31	27.80	0.00	0.00
GCC	122	27.31	23.21	23.21	26.27	0.00	0.00
GCC	123	29.29	20.56	23.84	26.31	0.00	0.00
GCC	124	26.60	21.64	23.97	27.79	0.00	0.00
GCC	125	28.51	21.06	23.15	27.27	0.00	0.00
GCC	126	27.39	19.53	25.50	27.58	0.00	0.00
GCC	127	28.28	21.82	22.02	27.88	0.00	0.00
GCC	128	29.05	21.34	23.28	26.32	0.00	0.00
GCC	129	29.13	21.85	21.80	27.23	0.00	0.00
GCC	130	29.39	22.50	21.96	26.15	0.00	0.00
GCC	131	26.90	23.25	24.25	25.60	0.00	0.00
GCC	132	28.32	24.08	22.73	24.88	0.00	0.00
GCC	133	27.69	20.59	23.74	27.99	0.00	0.00
GCC	134	28.55	20.90	23.05	27.50	0.00	0.00
GCC	135	28.86	23.56	21.76	25.81	0.00	0.00
GCC	136	28.23	22.92	23.77	25.08	0.00	0.00
GCC	137	28.78	21.82	21.82	27.58	0.00	0.00
GCC	138	29.87	20.60	22.36	27.17	0.00	0.00
GCC	139	29.04	22.12	22.17	26.68	0.00	0.00
GCC	140	28.85	22.83	21.93	26.39	0.00	0.00
GCC	141	27.64	23.47	22.46	26.43	0.00	0.00
GCC	142	29.57	20.10	22.72	27.61	0.00	0.00
GCC	143	28.29	23.80	20.83	27.08	0.00	0.00
GCC	144	27.53	22.12	21.82	28.54	0.00	0.00
GCC	145	26.35	20.49	24.68	28.48	0.00	0.00
GCC	146	28.91	21.37	21.67	28.05	0.05	0.00
GCC	147	26.09	20.85	22.89	30.16	0.00	0.00
GCC	148	30.47	23.16	20.43	25.94	0.00	0.00
GCC	149	27.80	22.12	22.43	27.65	0.00	0.00
GCC	150	26.36	22.07	23.15	28.42	0.00	0.00
GCC	151	26.36	21.04	23.73	28.87	0.00	0.00
# ACGT content per cycle, read oriented. Use `grep ^GCT | cut -f 2-` to extract this part. The columns are: cycle; A,C,G,T base counts as a percentage of all A/C/G/T bases [%]
GCT	1	22.73	27.37	29.64	20.27
GCT	2	29.24	19.15	23.29	28.31
GCT	3	27.49	23.78	20.42	28.31
GCT	4	29.73	21.64	23.93	24.71
GCT	5	31.92	22.12	22.22	23.73
GCT	6	32.65	20.47	21.05	25.83
GCT	7	28.41	20.86	20.47	30.26
GCT	8	28.02	21.93	22.56	27.49
GCT	9	26.51	24.76	20.32	28.41
GCT	10	30.80	19.30	22.56	27.34
GCT	11	26.61	24.90	24.42	24.07
GCT	12	24.56	26.02	21.73	27.68
GCT	13	27.49	22.66	21.93	27.92
GCT	14	27.14	21.88	22.95	28.02
GCT	15	27.78	22.76	21.44	28.02
GCT	16	29.29	22.22	22.12	26.36
GCT	17	28.61	21.78	22.03	27.58
GCT	18	27.44	23.00	23.10	26.46
GCT	19	28.07	22.12	24.03	25.78
GCT	20	26.17	22.42	22.76	28.65
GCT	21	27.19	21.54	24.61	26.66
GCT	22	27.88	24.03	21.88	26.22
GCT	23	28.02	23.10	21.73	27.14
GCT	24	27.88	23.73	22.32	26.07
GCT	25	28.41	21.73	23.15	26.71
GCT	26	27.24	21.44	23.20	28.12
GCT	27	28.41	23.75	22.23	25.61
GCT	28	29.21	22.62	22.04	26.13
GCT	29	26.38	21.94	24.04	27.65
GCT	30	27.34	23.73	20.52	28.41
GCT	31	28.17	20.76	23.10	27.97
GCT	32	30.56	19.69	22.32	27.44
GCT	33	27.19	22.17	23.39	27.24
GCT	34	30.90	20.81	22.22	26.07
GCT	35	27.14	22.56	23.20	27.10
GCT	36	29.78	21.20	21.64	27.39
GCT	37	26.17	21.64	24.66	27.53
GCT	38	29.63	20.57	23.05	26.75
GCT	39	27.16	21.55	23.16	28.13
GCT	40	27.49	23.34	21.00	28.17
GCT	41	27.78	22.22	20.91	29.09
GCT	42	29.58	21.54	22.47	26.41
GCT	43	26.56	25.15	22.22	26.07
GCT	44	31.85	23.51	20.24	24.39
GCT	45	24.71	22.42	23.54	29.34
GCT	46	30.39	19.76	23.07	26.78
GCT	47	27.16	22.09	23.35	27.40
GCT	48	27.83	23.20	23.59	25.39
GCT	49	26.32	24.32	24.37	25.00
GCT	50	27.49	22.61	21.69	28.22
GCT	51	27.05	23.98	21.83	27.14
GCT	52	28.85	21.54	22.47	27.14
GCT	53	28.02	22.37	22.27	27.34
GCT	54	26.41	22.56	23.98	27.05
GCT	55	26.80	22.86	24.07	26.27
GCT	56	27.10	22.66	21.93	28.31
GCT	57	28.36	23.20	23.44	25.00
GCT	58	27.73	23.34	21.88	27.05
GCT	59	26.27	22.03	22.71	29.00
GCT	60	27.83	22.03	23.05	27.10
GCT	61	27.44	22.08	22.76	27.73
GCT	62	26.85	21.83	23.34	27.97
GCT	63	28.80	24.66	21.93	24.61
GCT	64	29.43	20.32	23.49	26.75
GCT	65	28.17	23.78	21.05	27.00
GCT	66	28.27	21.78	22.22	27.73
GCT	67	26.51	24.27	22.03	27.19
GCT	68	27.05	23.10	22.08	27.78
GCT	69	26.85	24.12	22.90	26.12
GCT	70	28.07	23.44	21.39	27.10
GCT	71	26.95	22.08	23.49	27.49
GCT	72	26.85	21.78	23.15	28.22
GCT	73	25.93	22.56	23.68	27.83
GCT	74	26.12	23.15	23.05	27.68
GCT	75	26.46	23.15	23.39	27.00
GCT	76	29.82	22.51	21.00	26.66
GCT	77	27.63	23.25	22.42	26.71
GCT	78	28.61	21.98	22.03	27.39
GCT	79	28.51	21.39	22.32	27.78
GCT	80	25.73	24.42	22.61	27.24
GCT	81	26.36	23.83	23.93	25.88
GCT	82	25.68	24.51	22.56	27.24
GCT	83	28.41	21.54	24.03	26.02
GCT	84	29.78	22.66	19.98	27.58
GCT	85	27.44	22.08	23.59	26.90
GCT	86	27.29	22.47	22.08	28.17
GCT	87	28.56	22.51	22.86	26.07
GCT	88	27.49	24.12	21.20	27.19
GCT	89	27.29	22.22	22.27	28.22
GCT	90	27.39	22.12	22.47	28.02
GCT	91	28.02	21.93	23.88	26.17
GCT	92	26.46	22.27	23.93	27.34
GCT	93	24.71	24.56	22.76	27.97
GCT	94	28.02	21.69	23.25	27.05
GCT	95	28.31	21.64	22.61	27.44
GCT	96	27.53	21.93	22.71	27.83
GCT	97	28.70	23.49	23.10	24.71
GCT	98	27.39	24.27	21.83	26.51
GCT	99	25.10	23.20	24.46	27.24
GCT	100	28.07	22.22	23.93	25.78
GCT	101	27.34	21.73	24.37	26.56
GCT	102	28.24	21.61	22.00	28.15
GCT	103	28.20	21.90	22.63	27.27
GCT	104	27.51	21.37	24.78	26.34
GCT	105	27.17	21.85	22.34	28.63
GCT	106	28.66	20.56	22.71	28.08
GCT	107	28.58	21.35	22.77	27.31
GCT	108	27.08	20.53	24.54	27.86
GCT	109	26.96	22.95	23.97	26.13
GCT	110	27.17	24.37	23.29	25.16
GCT	111	26.49	23.31	23.11	27.08
GCT	112	27.47	21.35	22.09	29.09
GCT	113	27.47	23.16	22.33	27.03
GCT	114	29.43	21.84	21.65	27.08
GCT	115	30.32	22.03	22.33	25.32
GCT	116	28.80	22.47	22.37	26.35
GCT	117	28.05	22.89	23.58	25.49
GCT	118	28.04	21.89	25.23	24.84
GCT	119	26.26	21.48	23.20	29.06
GCT	120	28.82	22.17	22.96	26.06
GCT	121	27.41	22.77	22.22	27.60
GCT	122	27.76	22.76	23.65	25.83
GCT	123	29.63	20.22	24.18	25.97
GCT	124	27.05	22.68	22.93	27.34
GCT	125	28.61	20.96	23.25	27.17
GCT	126	28.13	21.67	23.36	26.84
GCT	127	28.68	21.82	22.02	27.49
GCT	128	28.91	22.59	22.04	26.47
GCT	129	28.58	22.29	21.35	27.78
GCT	130	29.14	21.96	22.50	26.40
GCT	131	26.45	23.80	23.70	26.05
GCT	132	28.32	23.58	23.23	24.88
GCT	133	27.89	21.29	23.04	27.79
GCT	134	27.95	21.80	22.15	28.10
GCT	135	28.66	23.46	21.86	26.01
GCT	136	28.43	21.12	25.58	24.87
GCT	137	29.08	22.42	21.22	27.28
GCT	138	29.12	20.85	22.11	27.92
GCT	139	27.93	22.22	22.07	27.78
GCT	140	28.05	21.53	23.23	27.20
GCT	141	28.29	23.77	22.16	25.78
GCT	142	30.03	21.01	21.81	27.15
GCT	143	28.39	22.74	21.89	26.98
GCT	144	28.38	22.12	21.82	27.68
GCT	145	27.21	21.40	23.77	27.62
GCT	146	29.27	21.57	21.47	27.70
GCT	147	26.91	22.02	21.72	29.35
GCT	148	28.62	22.70	20.90	27.79
GCT	149	27.17	23.70	20.85	28.28
GCT	150	26.41	23.32	21.90	28.37
GCT	151	28.74	21.54	23.23	26.49
# ACGT content per cycle for first fragments. Use `grep ^FBC | cut -f 2-` to extract this part. The columns are: cycle; A,C,G,T base counts as a percentage of all A/C/G/T bases [%]; and N and O counts as a percentage of all A/C/G/T bases [%]
FBC	1	22.71	27.73	30.97	18.58	0.88	0.00
FBC	2	28.95	19.98	22.90	28.17	0.00	0.00
FBC	3	28.36	24.37	20.57	26.71	0.00	0.00
FBC	4	32.36	22.12	22.03	23.49	0.00	0.00
FBC	5	29.43	24.85	20.37	25.34	0.00	0.00
FBC	6	30.70	19.20	19.88	30.21	0.00	0.00
FBC	7	29.92	20.66	19.79	29.63	0.00	0.00
FBC	8	28.65	24.85	19.59	26.90	0.00	0.00
FBC	9	24.27	23.68	21.83	30.21	0.00	0.00
FBC	10	35.77	18.32	20.86	25.05	0.00	0.00
FBC	11	26.51	25.05	23.98	24.46	0.00	0.00
FBC	12	26.41	26.71	21.83	25.05	0.00	0.00
FBC	13	29.34	22.22	22.51	25.93	0.00	0.00
FBC	14	28.75	23.98	21.35	25.93	0.00	0.00
FBC	15	27.49	23.98	20.96	27.58	0.00	0.00
FBC	16	29.92	21.93	22.42	25.73	0.00	0.00
FBC	17	27.88	22.51	21.93	27.68	0.00	0.00
FBC	18	29.73	23.78	21.73	24.76	0.00	0.00
FBC	19	29.92	22.61	23.49	23.98	0.00	0.00
FBC	20	28.46	23.29	21.05	27.19	0.00	0.00
FBC	21	27.58	22.71	22.61	27.10	0.00	0.00
FBC	22	28.27	25.24	21.83	24.66	0.00	0.00
FBC	23	28.56	23.39	21.64	26.41	0.00	0.00
FBC	24	28.95	24.56	23.00	23.49	0.00	0.00
FBC	25	28.17	23.29	22.81	25.73	0.00	0.00
FBC	26	27.97	21.64	20.86	29.53	0.00	0.00
FBC	27	28.77	24.56	21.14	25.54	0.39	0.00
FBC	28	29.66	23.12	21.66	25.56	0.10	0.00
FBC	29	27.80	24.39	22.15	25.66	0.10	0.00
FBC	30	28.56	24.17	19.20	28.07	0.00	0.00
FBC	31	31.19	22.22	21.73	24.85	0.00	0.00
FBC	32	31.58	19.30	21.64	27.49	0.00	0.00
FBC	33	27.49	22.71	23.10	26.71	0.00	0.00
FBC	34	29.82	20.37	21.35	28.46	0.00	0.00
FBC	35	26.90	24.37	22.03	26.71	0.00	0.00
FBC	36	30.12	19.30	21.44	29.14	0.00	0.00
FBC	37	25.05	23.68	24.27	27.00	0.00	0.00
FBC	38	29.73	21.93	21.35	27.00	0.00	0.00
FBC	39	27.90	22.34	21.85	27.90	0.10	0.00
FBC	40	27.01	25.73	20.06	27.20	0.39	0.00
FBC	41	27.97	24.95	18.91	28.17	0.00	0.00
FBC	42	31.87	20.57	21.73	25.83	0.00	0.00
FBC	43	24.76	24.27	22.61	28.36	0.00	0.00
FBC	44	29.69	24.22	18.95	27.15	0.20	0.00
FBC	45	27.49	23.98	22.71	25.83	0.00	0.00
FBC	46	26.95	23.93	19.82	29.30	0.20	0.00
FBC	47	25.17	22.54	23.71	28.59	0.10	0.00
FBC	48	28.75	23.10	22.22	25.93	0.00	0.00
FBC	49	25.93	22.81	26.51	24.76	0.00	0.00
FBC	50	28.75	23.39	20.96	26.90	0.00	0.00
FBC	51	26.41	24.46	21.25	27.88	0.00	0.00
FBC	52	27.68	24.17	19.79	28.36	0.00	0.00
FBC	53	31.97	22.12	20.27	25.63	0.00	0.00
FBC	54	26.90	22.12	22.90	28.07	0.00	0.00
FBC	55	26.80	24.56	22.22	26.41	0.00	0.00
FBC	56	29.43	21.25	22.61	26.71	0.00	0.00
FBC	57	27.78	25.54	21.83	24.85	0.00	0.00
FBC	58	29.43	23.29	22.32	24.95	0.00	0.00
FBC	59	30.60	22.61	19.69	27.10	0.00	0.00
FBC	60	30.99	23.20	20.96	24.85	0.00	0.00
FBC	61	28.75	23.20	21.25	26.80	0.00	0.00
FBC	62	25.93	20.86	24.76	28.46	0.00	0.00
FBC	63	27.78	24.85	23.49	23.88	0.00	0.00
FBC	64	29.14	21.73	22.81	26.32	0.00	0.00
FBC	65	28.07	21.15	21.15	29.63	0.00	0.00
FBC	66	27.00	22.03	22.42	28.56	0.00	0.00
FBC	67	25.93	23.49	21.93	28.65	0.00	0.00
FBC	68	28.85	23.29	20.47	27.39	0.00	0.00
FBC	69	26.61	23.00	22.90	27.49	0.00	0.00
FBC	70	29.73	23.68	20.47	26.12	0.00	0.00
FBC	71	27.97	23.29	22.71	26.02	0.00	0.00
FBC	72	29.04	20.18	24.95	25.83	0.00	0.00
FBC	73	26.12	22.03	23.20	28.65	0.00	0.00
FBC	74	27.97	23.29	21.73	27.00	0.00	0.00
FBC	75	26.71	21.83	23.78	27.68	0.00	0.00
FBC	76	28.07	23.49	21.73	26.71	0.00	0.00
FBC	77	28.95	25.73	21.44	23.88	0.00	0.00
FBC	78	30.12	24.56	19.30	26.02	0.00	0.00
FBC	79	29.24	23.00	20.47	27.29	0.00	0.00
FBC	80	26.41	24.85	21.44	27.29	0.00	0.00
FBC	81	24.07	25.15	23.98	26.80	0.00	0.00
FBC	82	25.15	23.20	23.49	28.17	0.00	0.00
FBC	83	27.49	24.27	23.20	25.05	0.00	0.00
FBC	84	29.73	22.71	21.44	26.12	0.00	0.00
FBC	85	26.22	23.10	24.27	26.41	0.00	0.00
FBC	86	29.24	22.90	18.91	28.95	0.00	0.00
FBC	87	30.60	23.20	21.15	25.05	0.00	0.00
FBC	88	29.14	23.00	22.12	25.73	0.00	0.00
FBC	89	26.90	23.78	20.96	28.36	0.00	0.00
FBC	90	28.65	21.93	22.51	26.90	0.00	0.00
FBC	91	27.68	21.44	24.27	26.61	0.00	0.00
FBC	92	28.07	23.00	22.81	26.12	0.00	0.00
FBC	93	26.80	25.44	20.37	27.39	0.00	0.00
FBC	94	30.12	21.15	21.25	27.49	0.00	0.00
FBC	95	29.53	23.00	21.83	25.63	0.00	0.00
FBC	96	26.41	24.07	22.12	27.39	0.00	0.00
FBC	97	27.00	23.68	22.71	26.61	0.00	0.00
FBC	98	27.78	23.49	21.64	27.10	0.00	0.00
FBC	99	26.90	22.90	23.68	26.51	0.00	0.00
FBC	100	24.66	21.25	24.17	29.92	0.00	0.00
FBC	101	27.29	19.69	26.71	26.32	0.00	0.00
FBC	102	30.70	19.98	22.61	26.71	0.00	0.00
FBC	103	27.29	22.61	22.12	27.97	0.00	0.00
FBC	104	29.82	21.83	25.34	23.00	0.00	0.00
FBC	105	28.56	22.90	18.62	29.92	0.00	0.00
FBC	106	28.00	21.46	21.07	29.46	0.00	0.00
FBC	107	28.88	24.59	20.88	25.66	0.00	0.00
FBC	108	27.44	22.85	21.97	27.73	0.00	0.00
FBC	109	28.81	22.07	22.85	26.27	0.00	0.00
FBC	110	24.80	25.00	23.93	26.27	0.00	0.00
FBC	111	25.90	24.44	22.68	26.98	0.00	0.00
FBC	112	29.42	22.39	19.75	28.45	0.00	0.00
FBC	113	27.17	23.56	21.80	27.47	0.00	0.00
FBC	114	29.72	22.58	20.72	26.98	0.00	0.00
FBC	115	28.70	21.25	22.33	27.72	0.00	0.00
FBC	116	28.99	21.74	21.65	27.62	0.00	0.00
FBC	117	28.40	24.19	23.21	24.19	0.00	0.00
FBC	118	29.80	22.06	23.43	24.71	0.00	0.00
FBC	119	29.90	21.27	21.67	27.16	0.00	0.00
FBC	120	28.04	23.33	22.45	26.18	0.00	0.00
FBC	121	28.43	21.47	22.06	28.04	0.00	0.00
FBC	122	26.08	24.02	23.53	26.37	0.00	0.00
FBC	123	31.01	20.90	23.55	24.53	0.00	0.00
FBC	124	26.23	21.22	23.38	29.17	0.00	0.00
FBC	125	28.52	21.83	20.94	28.71	0.00	0.00
FBC	126	27.04	20.06	25.07	27.83	0.00	0.00
FBC	127	29.70	21.44	21.73	27.14	0.00	0.00
FBC	128	29.60	20.55	21.63	28.22	0.00	0.00
FBC	129	28.15	23.13	19.49	29.23	0.00	0.00
FBC	130	30.71	21.95	20.67	26.67	0.00	0.00
FBC	131	25.98	24.31	22.93	26.77	0.00	0.00
FBC	132	27.36	23.92	23.52	25.20	0.00	0.00
FBC	133	28.05	21.46	21.36	29.13	0.00	0.00
FBC	134	29.72	21.36	21.46	27.46	0.00	0.00
FBC	135	27.26	25.49	21.95	25.30	0.00	0.00
FBC	136	26.38	24.90	22.83	25.89	0.00	0.00
FBC	137	28.35	22.74	20.96	27.95	0.00	0.00
FBC	138	29.95	22.27	22.27	25.52	0.00	0.00
FBC	139	28.87	21.97	22.96	26.21	0.00	0.00
FBC	140	28.97	24.24	20.89	25.91	0.00	0.00
FBC	141	25.71	24.43	23.94	25.91	0.00	0.00
FBC	142	30.63	20.45	22.23	26.68	0.00	0.00
FBC	143	26.19	26.19	20.55	27.08	0.00	0.00
FBC	144	26.58	25.40	20.45	27.57	0.00	0.00
FBC	145	27.99	21.46	23.05	27.50	0.00	0.00
FBC	146	29.53	22.00	21.21	27.25	0.10	0.00
FBC	147	25.25	22.86	22.76	29.13	0.00	0.00
FBC	148	31.83	23.29	18.88	26.00	0.00	0.00
FBC	149	27.20	22.90	21.37	28.53	0.00	0.00
FBC	150	25.05	22.64	23.58	28.72	0.00	0.00
FBC	151	24.42	21.06	24.31	30.21	0.00	0.00
# ACGT raw counters for first fragments. Use `grep ^FTC | cut -f 2-` to extract this part. The columns are: A,C,G,T,N base counters
FTC	43492	35366	33994	41393	26
# ACGT content per cycle for last fragments. Use `grep ^LBC | cut -f 2-` to extract this part. The columns are: cycle; A,C,G,T base counts as a percentage of all A/C/G/T bases [%]; and N and O counts as a percentage of all A/C/G/T bases [%]
LBC	1	24.33	25.91	29.38	20.38	1.48	0.00
LBC	2	25.73	20.47	21.54	32.26	0.00	0.00
LBC	3	30.02	21.05	22.42	26.51	0.00	0.00
LBC	4	27.39	19.98	27.00	25.63	0.00	0.00
LBC	5	31.77	19.40	24.07	24.76	0.00	0.00
LBC	6	31.09	21.64	22.32	24.95	0.00	0.00
LBC	7	27.58	19.88	22.32	30.21	0.00	0.00
LBC	8	27.97	21.83	22.71	27.49	0.00	0.00
LBC	9	26.41	22.42	22.22	28.95	0.00	0.00
LBC	10	26.80	20.18	24.37	28.65	0.00	0.00
LBC	11	27.19	24.56	25.05	23.20	0.00	0.00
LBC	12	23.29	24.07	22.90	29.73	0.00	0.00
LBC	13	26.41	21.83	22.61	29.14	0.00	0.00
LBC	14	26.02	19.98	24.37	29.63	0.00	0.00
LBC	15	26.71	19.88	23.59	29.82	0.00	0.00
LBC	16	29.43	22.42	21.93	26.22	0.00	0.00
LBC	17	27.19	21.35	21.83	29.63	0.00	0.00
LBC	18	28.65	22.12	24.56	24.66	0.00	0.00
LBC	19	26.90	21.25	24.95	26.90	0.00	0.00
LBC	20	26.61	22.81	23.20	27.39	0.00	0.00
LBC	21	26.51	22.90	24.07	26.51	0.00	0.00
LBC	22	27.29	23.49	21.25	27.97	0.00	0.00
LBC	23	28.85	20.96	23.68	26.51	0.00	0.00
LBC	24	28.07	21.93	22.61	27.39	0.00	0.00
LBC	25	29.53	20.76	22.90	26.80	0.00	0.00
LBC	26	27.29	21.93	24.85	25.93	0.00	0.00
LBC	27	29.53	24.02	22.24	24.21	0.98	0.00
LBC	28	29.14	20.08	24.46	26.32	0.00	0.00
LBC	29	29.53	21.83	23.59	25.05	0.00	0.00
LBC	30	27.68	23.59	21.54	27.19	0.00	0.00
LBC	31	28.56	20.08	23.68	27.68	0.00	0.00
LBC	32	29.14	20.18	22.90	27.78	0.00	0.00
LBC	33	28.27	20.57	24.76	26.41	0.00	0.00
LBC	34	29.63	20.76	23.59	26.02	0.00	0.00
LBC	35	27.39	21.64	23.49	27.49	0.00	0.00
LBC	36	30.12	23.29	21.64	24.95	0.00	0.00
LBC	37	28.07	19.88	24.76	27.29	0.00	0.00
LBC	38	31.58	20.76	23.20	24.46	0.00	0.00
LBC	39	27.97	20.47	24.76	26.80	0.00	0.00
LBC	40	29.34	22.12	20.76	27.78	0.00	0.00
LBC	41	28.85	21.64	20.76	28.75	0.00	0.00
LBC	42	27.29	22.03	23.68	27.00	0.00	0.00
LBC	43	25.93	25.44	22.42	26.22	0.00	0.00
LBC	44	28.46	22.42	21.93	27.19	0.00	0.00
LBC	45	25.54	21.83	23.39	29.24	0.00	0.00
LBC	46	30.31	17.06	24.85	27.78	0.00	0.00
LBC	47	29.82	21.64	23.00	25.54	0.00	0.00
LBC	48	27.58	23.10	25.15	24.17	0.00	0.00
LBC	49	26.02	23.88	24.17	25.93	0.00	0.00
LBC	50	29.34	21.54	22.71	26.41	0.00	0.00
LBC	51	27.78	22.90	23.00	26.32	0.00	0.00
LBC	52	28.56	20.86	23.20	27.39	0.00	0.00
LBC	53	27.68	23.20	23.68	25.44	0.00	0.00
LBC	54	26.71	22.90	25.15	25.24	0.00	0.00
LBC	55	23.98	22.90	24.17	28.95	0.00	0.00
LBC	56	26.71	23.20	22.12	27.97	0.00	0.00
LBC	57	28.65	20.47	25.44	25.44	0.00	0.00
LBC	58	28.07	20.86	23.98	27.10	0.00	0.00
LBC	59	26.61	23.68	23.49	26.22	0.00	0.00
LBC	60	26.90	20.27	25.73	27.10	0.00	0.00
LBC	61	26.51	20.86	24.37	28.27	0.00	0.00
LBC	62	27.49	22.22	22.51	27.78	0.00	0.00
LBC	63	30.21	22.03	22.81	24.95	0.00	0.00
LBC	64	28.85	19.10	23.98	28.07	0.00	0.00
LBC	65	28.27	24.56	22.81	24.37	0.00	0.00
LBC	66	26.12	21.35	22.22	30.31	0.00	0.00
LBC	67	25.05	23.10	24.07	27.78	0.00	0.00
LBC	68	26.61	22.03	24.56	26.80	0.00	0.00
LBC	69	27.39	23.49	24.66	24.46	0.00	0.00
LBC	70	28.75	23.29	22.22	25.73	0.00	0.00
LBC	71	27.19	22.03	23.10	27.68	0.00	0.00
LBC	72	27.49	21.64	23.10	27.78	0.00	0.00
LBC	73	25.15	22.81	24.46	27.58	0.00	0.00
LBC	74	25.34	21.83	25.54	27.29	0.00	0.00
LBC	75	24.56	22.51	24.95	27.97	0.00	0.00
LBC	76	31.48	21.73	20.08	26.71	0.00	0.00
LBC	77	26.22	20.18	23.98	29.63	0.00	0.00
LBC	78	28.46	20.08	24.07	27.39	0.00	0.00
LBC	79	28.17	20.47	23.49	27.88	0.00	0.00
LBC	80	27.19	23.49	24.27	25.05	0.00	0.00
LBC	81	25.34	22.22	24.17	28.27	0.00	0.00
LBC	82	25.83	21.25	26.22	26.71	0.00	0.00
LBC	83	28.95	20.08	23.59	27.39	0.00	0.00
LBC	84	32.07	22.22	18.91	26.80	0.00	0.00
LBC	85	27.19	20.08	23.88	28.85	0.00	0.00
LBC	86	26.12	22.51	24.76	26.61	0.00	0.00
LBC	87	27.97	21.83	24.56	25.63	0.00	0.00
LBC	88	27.88	23.88	21.64	26.61	0.00	0.00
LBC	89	28.65	21.35	22.90	27.10	0.00	0.00
LBC	90	27.29	21.83	22.90	27.97	0.00	0.00
LBC	91	26.80	21.93	23.98	27.29	0.00	0.00
LBC	92	26.61	23.00	23.59	26.80	0.00	0.00
LBC	93	24.17	23.78	25.05	27.00	0.00	0.00
LBC	94	27.49	24.07	23.39	25.05	0.00	0.00
LBC	95	28.95	21.64	22.03	27.39	0.00	0.00
LBC	96	29.82	21.05	22.03	27.10	0.00	0.00
LBC	97	26.22	23.88	22.90	27.00	0.00	0.00
LBC	98	25.54	23.29	23.78	27.39	0.00	0.00
LBC	99	25.34	23.10	25.63	25.93	0.00	0.00
LBC	100	27.68	22.03	24.85	25.44	0.00	0.00
LBC	101	27.10	21.64	24.17	27.10	0.00	0.00
LBC	102	27.54	21.39	23.24	27.83	0.00	0.00
LBC	103	28.81	23.73	20.61	26.86	0.00	0.00
LBC	104	28.61	21.09	24.02	26.27	0.00	0.00
LBC	105	26.95	24.41	22.46	26.17	0.00	0.00
LBC	106	28.54	20.92	23.07	27.47	0.00	0.00
LBC	107	29.45	19.57	23.19	27.79	0.00	0.00
LBC	108	28.08	20.06	25.24	26.61	0.00	0.00
LBC	109	24.80	25.00	23.92	26.27	0.00	0.00
LBC	110	24.33	23.24	23.15	29.28	0.89	0.00
LBC	111	28.07	22.57	23.16	26.20	0.00	0.00
LBC	112	25.61	19.23	25.52	29.64	0.00	0.00
LBC	113	26.79	21.98	23.65	27.58	0.00	0.00
LBC	114	30.81	19.82	23.85	25.52	0.00	0.00
LBC	115	28.61	21.04	24.09	26.25	0.00	0.00
LBC	116	29.40	20.85	25.47	24.29	0.00	0.00
LBC	117	27.59	19.70	25.81	26.90	0.00	0.00
LBC	118	26.16	23.79	24.98	25.07	0.00	0.00
LBC	119	25.35	22.08	24.36	28.22	0.00	0.00
LBC	120	28.61	20.20	24.26	26.93	0.00	0.00
LBC	121	25.97	21.89	24.58	27.56	0.00	0.00
LBC	122	28.57	22.38	22.88	26.17	0.00	0.00
LBC	123	27.53	20.22	24.12	28.13	0.00	0.00
LBC	124	26.98	22.07	24.57	26.38	0.00	0.00
LBC	125	28.51	20.28	25.40	25.80	0.00	0.00
LBC	126	27.74	18.99	25.93	27.34	0.00	0.00
LBC	127	26.83	22.21	22.31	28.64	0.00	0.00
LBC	128	28.50	22.16	24.97	24.37	0.00	0.00
LBC	129	30.13	20.53	24.17	25.18	0.00	0.00
LBC	130	28.04	23.08	23.28	25.61	0.00	0.00
LBC	131	27.83	22.17	25.61	24.39	0.00	0.00
LBC	132	29.31	24.24	21.91	24.54	0.00	0.00
LBC	133	27.31	19.70	26.19	26.80	0.00	0.00
LBC	134	27.34	20.43	24.70	27.54	0.00	0.00
LBC	135	30.52	21.57	21.57	26.35	0.00	0.00
LBC	136	30.14	20.88	24.75	24.24	0.00	0.00
LBC	137	29.23	20.88	22.71	27.19	0.00	0.00
LBC	138	29.80	18.88	22.45	28.88	0.00	0.00
LBC	139	29.21	22.27	21.35	27.17	0.00	0.00
LBC	140	28.73	21.37	23.01	26.89	0.00	0.00
LBC	141	29.64	22.46	20.92	26.97	0.00	0.00
LBC	142	28.47	19.73	23.23	28.57	0.00	0.00
LBC	143	30.48	21.32	21.11	27.09	0.00	0.00
LBC	144	28.51	18.70	23.24	29.55	0.00	0.00
LBC	145	24.64	19.46	26.40	29.50	0.00	0.00
LBC	146	28.26	20.70	22.15	28.88	0.00	0.00
LBC	147	26.98	18.75	23.02	31.25	0.00	0.00
LBC	148	29.04	23.02	22.07	25.87	0.00	0.00
LBC	149	28.45	21.28	23.56	26.71	0.00	0.00
LBC	150	27.77	21.44	22.69	28.10	0.00	0.00
LBC	151	28.65	21.01	23.06	27.29	0.00	0.00
# ACGT raw counters for last fragments. Use `grep ^LTC | cut -f 2-` to extract this part. The columns are: A,C,G,T,N base counters
LTC	42492	33208	36058	41246	34
# Insert sizes. Use `grep ^IS | cut -f 2-` to extract this part. The columns are: insert size, pairs total, inward oriented pairs, outward oriented pairs, other pairs
IS	0	1	0	0	1
IS	1	0	0	0	0
IS	2	0	0	0	0
IS	3	0	0	0	0
IS	4	0	0	0	0
IS	5	0	0	0	0
IS	6	0	0	0	0
IS	7	0	0	0	0
IS	8	0	0	0	0
IS	9	0	0	0	0
IS	10	0	0	0	0
IS	11	0	0	0	0
IS	12	0	0	0	0
IS	13	0	0	0	0
IS	14	0	0	0	0
IS	15	0	0	0	0
IS	16	0	0	0	0
IS	17	0	0	0	0
IS	18	0	0	0	0
IS	19	0	0	0	0
IS	20	0	0	0	0
IS	21	0	0	0	0
IS	22	0	0	0	0
IS	23	0	0	0	0
IS	24	0	0	0	0
IS	25	0	0	0	0
IS	26	0	0	0	0
IS	27	0	0	0	0
IS	28	0	0	0	0
IS	29	0	0	0	0
IS	30	0	0	0	0
IS	31	0	0	0	0
IS	32	0	0	0	0
IS	33	0	0	0	0
IS	34	0	0	0	0
IS	35	0	0	0	0
IS	36	0	0	0	0
IS	37	0	0	0	0
IS	38	0	0	0	0
IS	39	0	0	0	0
IS	40	0	0	0	0
IS	41	0	0	0	0
IS	42	0	0	0	0
IS	43	0	0	0	0
IS	44	0	0	0	0
IS	45	0	0	0	0
IS	46	0	0	0	0
IS	47	0	0	0	0
IS	48	0	0	0	0
IS	49	0	0	0	0
IS	50	0	0	0	0
IS	51	0	0	0	0
IS	52	0	0	0	0
IS	53	0	0	0	0
IS	54	0	0	0	0
IS	55	0	0	0	0
IS	56	0	0	0	0
IS	57	0	0	0	0
IS	58	0	0	0	0
IS	59	0	0	0	0
IS	60	0	0	0	0
IS	61	0	0	0	0
IS	62	0	0	0	0
IS	63	0	0	0	0
IS	64	0	0	0	0
IS	65	0	0	0	0
IS	66	0	0	0	0
IS	67	0	0	0	0
IS	68	0	0	0	0
IS	69	0	0	0	0
IS	70	0	0	0	0
IS	71	0	0	0	0
IS	72	0	0	0	0
IS	73	0	0	0	0
IS	74	0	0	0	0
IS	75	0	0	0	0
IS	76	0	0	0	0
IS	77	0	0	0	0
IS	78	0	0	0	0
IS	79	0	0	0	0
IS	80	0	0	0	0
IS	81	0	0	0	0
IS	82	0	0	0	0
IS	83	0	0	0	0
IS	84	0	0	0	0
IS	85	0	0	0	0
IS	86	0	0	0	0
IS	87	0	0	0	0
IS	88	0	0	0	0
IS	89	0	0	0	0
IS	90	0	0	0	0
IS	91	0	0	0	0
IS	92	0	0	0	0
IS	93	0	0	0	0
IS	94	0	0	0	0
IS	95	0	0	0	0
IS	96	0	0	0	0
IS	97	0	0	0	0
IS	98	0	0	0	0
IS	99	0	0	0	0
IS	100	0	0	0	0
IS	101	0	0	0	0
IS	102	0	0	0	0
IS	103	0	0	0	0
IS	104	0	0	0	0
IS	105	0	0	0	0
IS	106	0	0	0	0
IS	107	0	0	0	0
IS	108	0	0	0	0
IS	109	0	0	0	0
IS	110	0	0	0	0
IS	111	1	0	1	0
IS	112	0	0	0	0
IS	113	0	0	0	0
IS	114	0	0	0	0
IS	115	0	0	0	0
IS	116	0	0	0	0
IS	117	0	0	0	0
IS	118	0	0	0	0
IS	119	0	0	0	0
IS	120	0	0	0	0
IS	121	0	0	0	0
IS	122	0	0	0	0
IS	123	0	0	0	0
IS	124	0	0	0	0
IS	125	0	0	0	0
IS	126	0	0	0	0
IS	127	0	0	0	0
IS	128	0	0	0	0
IS	129	0	0	0	0
IS	130	0	0	0	0
IS	131	0	0	0	0
IS	132	0	0	0	0
IS	133	0	0	0	0
IS	134	0	0	0	0
IS	135	0	0	0	0
IS	136	0	0	0	0
IS	137	0	0	0	0
IS	138	0	0	0	0
IS	139	0	0	0	0
IS	140	0	0	0	0
IS	141	0	0	0	0
IS	142	0	0	0	0
IS	143	0	0	0	0
IS	144	0	0	0	0
IS	145	0	0	0	0
IS	146	0	0	0	0
IS	147	0	0	0	0
IS	148	0	0	0	0
IS	149	0	0	0	0
IS	150	0	0	0	0
IS	151	0	0	0	0
IS	152	0	0	0	0
IS	153	0	0	0	0
IS	154	1	1	0	0
IS	155	0	0	0	0
IS	156	0	0	0	0
IS	157	0	0	0	0
IS	158	0	0	0	0
IS	159	0	0	0	0
IS	160	0	0	0	0
IS	161	0	0	0	0
IS	162	0	0	0	0
IS	163	0	0	0	0
IS	164	0	0	0	0
IS	165	0	0	0	0
IS	166	0	0	0	0
IS	167	0	0	0	0
IS	168	0	0	0	0
IS	169	0	0	0	0
IS	170	0	0	0	0
IS	171	0	0	0	0
IS	172	1	1	0	0
IS	173	0	0	0	0
IS	174	0	0	0	0
IS	175	0	0	0	0
IS	176	0	0	0	0
IS	177	0	0	0	0
IS	178	0	0	0	0
IS	179	0	0	0	0
IS	180	0	0	0	0
IS	181	0	0	0	0
IS	182	0	0	0	0
IS	183	0	0	0	0
IS	184	0	0	0	0
IS	185	1	1	0	0
IS	186	0	0	0	0
IS	187	0	0	0	0
IS	188	0	0	0	0
IS	189	0	0	0	0
IS	190	3	3	0	0
IS	191	1	1	0	0
IS	192	0	0	0	0
IS	193	0	0	0	0
IS	194	1	1	0	0
IS	195	0	0	0	0
IS	196	1	1	0	0
IS	197	0	0	0	0
IS	198	0	0	0	0
IS	199	1	1	0	0
IS	200	0	0	0	0
IS	201	0	0	0	0
IS	202	2	2	0	0
IS	203	2	2	0	0
IS	204	2	2	0	0
IS	205	0	0	0	0
IS	206	3	3	0	0
IS	207	0	0	0	0
IS	208	0	0	0	0
IS	209	0	0	0	0
IS	210	2	2	0	0
IS	211	0	0	0	0
IS	212	4	4	0	0
IS	213	1	1	0	0
IS	214	1	1	0	0
IS	215	3	3	0	0
IS	216	1	1	0	0
IS	217	0	0	0	0
IS	218	2	2	0	0
IS	219	3	3	0	0
IS	220	1	1	0	0
IS	221	1	1	0	0
IS	222	3	3	0	0
IS	223	1	1	0	0
IS	224	1	1	0	0
IS	225	1	1	0	0
IS	226	0	0	0	0
IS	227	0	0	0	0
IS	228	2	2	0	0
IS	229	2	2	0	0
IS	230	0	0	0	0
IS	231	3	3	0	0
IS	232	0	0	0	0
IS	233	1	1	0	0
IS	234	2	2	0	0
IS	235	2	2	0	0
IS	236	1	1	0	0
IS	237	0	0	0	0
IS	238	1	1	0	0
IS	239	1	1	0	0
IS	240	1	1	0	0
IS	241	2	2	0	0
IS	242	1	1	0	0
IS	243	2	2	0	0
IS	244	0	0	0	0
IS	245	2	2	0	0
IS	246	2	2	0	0
IS	247	1	1	0	0
IS	248	2	2	0	0
IS	249	3	3	0	0
IS	250	1	1	0	0
IS	251	1	1	0	0
IS	252	0	0	0	0
IS	253	4	4	0	0
IS	254	2	2	0	0
IS	255	0	0	0	0
IS	256	1	1	0	0
IS	257	1	1	0	0
IS	258	1	1	0	0
IS	259	3	3	0	0
IS	260	0	0	0	0
IS	261	0	0	0	0
IS	262	2	2	0	0
IS	263	0	0	0	0
IS	264	1	1	0	0
IS	265	1	1	0	0
IS	266	2	2	0	0
IS	267	0	0	0	0
IS	268	1	1	0	0
IS	269	1	1	0	0
IS	270	2	2	0	0
IS	271	2	2	0	0
IS	272	0	0	0	0
IS	273	3	3	0	0
IS	274	2	2	0	0
IS	275	3	3	0	0
IS	276	3	3	0	0
IS	277	2	2	0	0
IS	278	2	2	0	0
IS	279	0	0	0	0
IS	280	3	3	0	0
IS	281	1	1	0	0
IS	282	0	0	0	0
IS	283	1	1	0	0
IS	284	1	1	0	0
IS	285	2	2	0	0
IS	286	1	1	0	0
IS	287	0	0	0	0
IS	288	0	0	0	0
IS	289	0	0	0	0
IS	290	6	6	0	0
IS	291	2	2	0	0
IS	292	0	0	0	0
IS	293	0	0	0	0
IS	294	0	0	0	0
IS	295	4	4	0	0
IS	296	1	1	0	0
IS	297	0	0	0	0
IS	298	0	0	0	0
IS	299	1	1	0	0
IS	300	1	1	0	0
IS	301	0	0	0	0
IS	302	3	3	0	0
IS	303	8	8	0	0
IS	304	0	0	0	0
IS	305	0	0	0	0
IS	306	1	1	0	0
IS	307	1	1	0	0
IS	308	0	0	0	0
IS	309	0	0	0	0
IS	310	4	4	0	0
IS	311	0	0	0	0
IS	312	1	1	0	0
IS	313	1	1	0	0
IS	314	3	3	0	0
IS	315	1	1	0	0
IS	316	0	0	0	0
IS	317	1	1	0	0
IS	318	0	0	0	0
IS	319	0	0	0	0
IS	320	0	0	0	0
IS	321	3	3	0	0
IS	322	1	1	0	0
IS	323	0	0	0	0
IS	324	3	3	0	0
IS	325	0	0	0	0
IS	326	0	0	0	0
IS	327	0	0	0	0
IS	328	0	0	0	0
IS	329	1	1	0	0
IS	330	0	0	0	0
IS	331	0	0	0	0
IS	332	1	1	0	0
IS	333	1	1	0	0
IS	334	1	1	0	0
IS	335	2	2	0	0
IS	336	4	4	0	0
IS	337	2	2	0	0
IS	338	3	3	0	0
IS	339	0	0	0	0
IS	340	0	0	0	0
IS	341	1	1	0	0
IS	342	0	0	0	0
IS	343	0	0	0	0
IS	344	1	1	0	0
IS	345	1	1	0	0
IS	346	2	2	0	0
IS	347	0	0	0	0
IS	348	0	0	0	0
IS	349	1	1	0	0
IS	350	1	1	0	0
IS	351	2	2	0	0
IS	352	4	4	0	0
IS	353	0	0	0	0
IS	354	2	2	0	0
IS	355	1	1	0	0
IS	356	0	0	0	0
IS	357	2	2	0	0
IS	358	2	2	0	0
IS	359	0	0	0	0
IS	360	4	4	0	0
IS	361	2	2	0	0
IS	362	5	5	0	0
IS	363	3	3	0	0
IS	364	1	1	0	0
IS	365	0	0	0	0
IS	366	0	0	0	0
IS	367	1	1	0	0
IS	368	2	2	0	0
IS	369	3	3	0	0
IS	370	0	0	0	0
IS	371	1	1	0	0
IS	372	2	2	0	0
IS	373	2	2	0	0
IS	374	6	6	0	0
IS	375	0	0	0	0
IS	376	1	1	0	0
IS	377	0	0	0	0
IS	378	0	0	0	0
IS	379	0	0	0	0
IS	380	1	1	0	0
IS	381	0	0	0	0
IS	382	3	3	0	0
IS	383	3	3	0	0
IS	384	3	3	0	0
IS	385	3	3	0	0
IS	386	2	2	0	0
IS	387	2	2	0	0
IS	388	2	2	0	0
IS	389	1	1	0	0
IS	390	4	4	0	0
IS	391	2	2	0	0
IS	392	2	2	0	0
IS	393	0	0	0	0
IS	394	0	0	0	0
IS	395	1	1	0	0
IS	396	1	1	0	0
IS	397	2	2	0	0
IS	398	1	1	0	0
IS	399	1	1	0	0
IS	400	0	0	0	0
IS	401	2	2	0	0
IS	402	1	1	0	0
IS	403	1	1	0	0
IS	404	0	0	0	0
IS	405	0	0	0	0
IS	406	5	5	0	0
IS	407	0	0	0	0
IS	408	1	1	0	0
IS	409	0	0	0	0
IS	410	5	5	0	0
IS	411	0	0	0	0
IS	412	1	1	0	0
IS	413	3	3	0	0
IS	414	1	1	0	0
IS	415	0	0	0	0
IS	416	0	0	0	0
IS	417	2	2	0	0
IS	418	0	0	0	0
IS	419	0	0	0	0
IS	420	1	1	0	0
IS	421	4	4	0	0
IS	422	3	3	0	0
IS	423	1	1	0	0
IS	424	3	3	0	0
IS	425	1	1	0	0
IS	426	2	2	0	0
IS	427	0	0	0	0
IS	428	1	1	0	0
IS	429	1	1	0	0
IS	430	1	1	0	0
IS	431	2	2	0	0
IS	432	0	0	0	0
IS	433	5	5	0	0
IS	434	0	0	0	0
IS	435	1	1	0	0
IS	436	2	2	0	0
IS	437	0	0	0	0
IS	438	0	0	0	0
IS	439	5	5	0	0
IS	440	0	0	0	0
IS	441	0	0	0	0
IS	442	2	2	0	0
IS	443	2	2	0	0
IS	444	2	2	0	0
IS	445	1	1	0	0
IS	446	1	1	0	0
IS	447	0	0	0	0
IS	448	1	1	0	0
IS	449	5	5	0	0
IS	450	1	1	0	0
IS	451	1	1	0	0
IS	452	3	3	0	0
IS	453	3	3	0	0
IS	454	0	0	0	0
IS	455	1	1	0	0
IS	456	0	0	0	0
IS	457	2	2	0	0
IS	458	0	0	0	0
IS	459	3	3	0	0
IS	460	0	0	0	0
IS	461	4	4	0	0
IS	462	3	3	0	0
IS	463	0	0	0	0
IS	464	0	0	0	0
IS	465	1	1	0	0
IS	466	0	0	0	0
IS	467	0	0	0	0
IS	468	0	0	0	0
IS	469	2	2	0	0
IS	470	0	0	0	0
IS	471	0	0	0	0
IS	472	1	1	0	0
# Read lengths. Use `grep ^RL | cut -f 2-` to extract this part. The columns are: read length, count
RL	101	2
RL	105	2
RL	106	1
RL	107	1
RL	108	2
RL	110	2
RL	114	4
RL	116	2
RL	117	3
RL	118	3
RL	120	5
RL	121	4
RL	122	3
RL	123	3
RL	124	2
RL	125	1
RL	127	2
RL	128	5
RL	129	1
RL	131	2
RL	132	1
RL	133	1
RL	134	1
RL	135	1
RL	137	3
RL	138	1
RL	139	1
RL	140	3
RL	141	5
RL	142	2
RL	143	3
RL	144	3
RL	145	1
RL	146	10
RL	147	23
RL	148	44
RL	149	59
RL	150	243
RL	151	1597
# Read lengths - first fragments. Use `grep ^FRL | cut -f 2-` to extract this part. The columns are: read length, count
FRL	105	1
FRL	107	1
FRL	110	1
FRL	114	2
FRL	117	1
FRL	122	1
FRL	123	1
FRL	124	1
FRL	128	1
FRL	137	1
FRL	141	3
FRL	144	1
FRL	145	1
FRL	146	4
FRL	147	10
FRL	148	18
FRL	149	24
FRL	150	90
FRL	151	864
# Read lengths - last fragments. Use `grep ^LRL | cut -f 2-` to extract this part. The columns are: read length, count
LRL	101	2
LRL	105	1
LRL	106	1
LRL	108	2
LRL	110	1
LRL	114	2
LRL	116	2
LRL	117	2
LRL	118	3
LRL	120	5
LRL	121	4
LRL	122	2
LRL	123	2
LRL	124	1
LRL	125	1
LRL	127	2
LRL	128	4
LRL	129	1
LRL	131	2
LRL	132	1
LRL	133	1
LRL	134	1
LRL	135	1
LRL	137	2
LRL	138	1
LRL	139	1
LRL	140	3
LRL	141	2
LRL	142	2
LRL	143	3
LRL	144	2
LRL	146	6
LRL	147	13
LRL	148	26
LRL	149	35
LRL	150	153
LRL	151	733
# Mapping qualities for reads !(UNMAP|SECOND|SUPPL|QCFAIL|DUP). Use `grep ^MAPQ | cut -f 2-` to extract this part. The columns are: mapq, count
MAPQ	0	2
MAPQ	1	28
MAPQ	3	7
MAPQ	6	2
MAPQ	8	15
MAPQ	23	20
MAPQ	24	48
MAPQ	40	108
MAPQ	42	532
# Indel distribution. Use `grep ^ID | cut -f 2-` to extract this part. The columns are: length, number of insertions, number of deletions
ID	1	20	16
ID	2	2	2
ID	3	2	2
ID	4	4	0
ID	5	1	0
ID	6	1	0
ID	16	0	1
# Indels per cycle. Use `grep ^IC | cut -f 2-` to extract this part. The columns are: cycle, number of insertions (fwd), .. (rev) , number of deletions (fwd), .. (rev)
IC	6	1	0	0	0
IC	7	0	1	0	0
IC	11	0	0	0	2
IC	12	1	1	0	0
IC	19	1	0	0	0
IC	21	0	0	1	0
IC	24	1	0	0	0
IC	26	1	0	0	0
IC	34	0	0	3	0
IC	37	0	2	0	0
IC	43	1	0	0	0
IC	47	1	0	0	0
IC	51	0	0	1	0
IC	54	1	0	0	0
IC	56	0	0	0	1
IC	57	1	0	0	0
IC	63	0	0	0	1
IC	64	0	0	0	1
IC	66	0	0	0	1
IC	68	1	0	0	0
IC	71	1	0	0	1
IC	81	0	0	1	0
IC	86	1	0	0	0
IC	92	0	0	0	1
IC	97	1	1	0	0
IC	98	0	1	0	0
IC	101	1	1	0	0
IC	102	1	0	1	0
IC	104	0	0	1	1
IC	107	1	0	0	0
IC	113	0	0	1	0
IC	115	0	1	0	0
IC	123	0	1	0	0
IC	125	0	0	0	1
IC	126	0	1	0	0
IC	127	0	0	1	0
IC	130	0	0	1	0
IC	132	3	0	0	0
IC	140	1	0	0	0
# Coverage distribution. Use `grep ^COV | cut -f 2-` to extract this part.
COV	[1-1]	1	62762
COV	[2-2]	2	18718
COV	[3-3]	3	2501
COV	[4-4]	4	1645
COV	[6-6]	6	76
# GC-depth. Use `grep ^GCD | cut -f 2-` to extract this part. The columns are: GC%, unique sequence percentiles, 10th, 25th, 50th, 75th and 90th depth percentile
GCD	0.0	2.041	0.000	0.000	0.000	0.000	0.000
GCD	1.9	3.061	0.045	0.045	0.045	0.045	0.045
GCD	26.0	4.082	0.015	0.015	0.015	0.015	0.015
GCD	28.0	7.143	0.030	0.030	0.030	0.045	0.045
GCD	29.0	12.245	0.030	0.037	0.045	0.090	0.105
GCD	30.0	19.388	0.037	0.037	0.045	0.105	0.150
GCD	31.0	28.571	0.022	0.030	0.060	0.105	0.165
GCD	32.0	43.878	0.012	0.022	0.045	0.082	0.097
GCD	33.0	56.122	0.030	0.039	0.067	0.090	0.156
GCD	34.0	65.306	0.015	0.037	0.060	0.090	0.105
GCD	35.0	76.531	0.021	0.045	0.060	0.075	0.111
GCD	36.0	84.694	0.015	0.019	0.049	0.066	0.090
GCD	37.0	87.755	0.015	0.015	0.045	0.060	0.060
GCD	38.0	89.796	0.007	0.007	0.045	0.082	0.082
GCD	39.0	94.898	0.015	0.022	0.075	0.090	0.090
GCD	40.0	97.959	0.037	0.037	0.060	0.075	0.075
GCD	42.0	98.980	0.007	0.007	0.007	0.007	0.007
GCD	44.0	100.000	0.022	0.022	0.022	0.022	0.022
