# This file was produced by samtools stats (1.21+htslib-1.21) and can be plotted using plot-bamstats
# This file contains statistics for all reads.
# The command line was:  stats NC.Staphy1.3F_sorted.bam
# CHK, Checksum	[2]Read Names	[3]Sequences	[4]Qualities
# CHK, CRC32 of reads which passed filtering followed by addition (32bit overflow)
CHK	15b3ff42	b6c8d3b7	1f8adb10
# Summary Numbers. Use `grep ^SN | cut -f 2-` to extract this part.
SN	raw total sequences:	1508	# excluding supplementary and secondary reads
SN	filtered sequences:	0
SN	sequences:	1508
SN	is sorted:	1
SN	1st fragments:	754
SN	last fragments:	754
SN	reads mapped:	4
SN	reads mapped and paired:	4	# paired-end technology bit set + both mates mapped
SN	reads unmapped:	1504
SN	reads properly paired:	4	# proper-pair bit set
SN	reads paired:	1508	# paired-end technology bit set
SN	reads duplicated:	0	# PCR or optical duplicate bit set
SN	reads MQ0:	0	# mapped and MQ=0
SN	reads QC failed:	0
SN	non-primary alignments:	0
SN	supplementary alignments:	0
SN	total length:	225769	# ignores clipping
SN	total first fragment length:	113516	# ignores clipping
SN	total last fragment length:	112253	# ignores clipping
SN	bases mapped:	603	# ignores clipping
SN	bases mapped (cigar):	603	# more accurate
SN	bases trimmed:	0
SN	bases duplicated:	0
SN	mismatches:	9	# from NM fields
SN	error rate:	1.492537e-02	# mismatches / bases mapped (cigar)
SN	average length:	150
SN	average first fragment length:	151
SN	average last fragment length:	149
SN	maximum length:	151
SN	maximum first fragment length:	151
SN	maximum last fragment length:	151
SN	average quality:	36.2
SN	insert size average:	282.5
SN	insert size standard deviation:	26.5
SN	inward oriented pairs:	2
SN	outward oriented pairs:	0
SN	pairs with other orientation:	0
SN	pairs on different chromosomes:	0
SN	percentage of properly paired reads (%):	0.3
# First Fragment Qualities. Use `grep ^FFQ | cut -f 2-` to extract this part.
# Columns correspond to qualities and rows to cycles. First column is the cycle number.
FFQ	1	0	0	4	0	0	0	0	0	0	0	0	0	7	0	0	0	0	0	0	0	0	0	0	0	0	0	0	18	0	0	0	0	725	0	0	0	0	0	0	0	0	0	0
FFQ	2	0	0	0	0	0	0	0	0	0	0	0	0	11	0	0	0	0	0	0	0	0	0	0	0	0	0	0	20	0	0	0	0	723	0	0	0	0	0	0	0	0	0	0
FFQ	3	0	0	0	0	0	0	0	0	0	0	0	0	12	0	0	0	0	0	0	0	0	0	0	0	0	0	0	16	0	0	0	0	153	0	0	0	0	573	0	0	0	0	0
FFQ	4	0	0	0	0	0	0	0	0	0	0	0	0	13	0	0	0	0	0	0	0	0	0	4	0	0	0	0	13	0	0	0	0	59	0	0	0	0	665	0	0	0	0	0
FFQ	5	0	0	0	0	0	0	0	0	0	0	0	0	7	0	0	0	0	0	0	0	0	0	1	0	0	0	0	13	0	0	0	0	34	0	0	0	0	699	0	0	0	0	0
FFQ	6	0	0	0	0	0	0	0	0	0	0	0	0	8	0	0	0	0	0	0	0	0	0	2	0	0	0	0	5	0	0	0	0	34	0	0	0	0	84	0	0	0	621	0
FFQ	7	0	0	0	0	0	0	0	0	0	0	0	0	12	0	0	0	0	0	0	0	0	0	2	0	0	0	0	8	0	0	0	0	27	0	0	0	0	70	0	0	0	635	0
FFQ	8	0	0	0	0	0	0	0	0	0	0	0	0	3	0	0	0	0	0	0	0	0	0	3	0	0	0	0	9	0	0	0	0	23	0	0	0	0	66	0	0	0	650	0
FFQ	9	0	0	0	0	0	0	0	0	0	0	0	0	5	0	0	0	0	0	0	0	0	0	6	0	0	0	0	3	0	0	0	0	23	0	0	0	0	65	0	0	0	652	0
FFQ	10	0	0	0	0	0	0	0	0	0	0	0	0	5	0	0	0	0	0	0	0	0	0	5	0	0	0	0	8	0	0	0	0	26	0	0	0	0	63	0	0	0	647	0
FFQ	11	0	0	0	0	0	0	0	0	0	0	0	0	1	0	0	0	0	0	0	0	0	0	4	0	0	0	0	4	0	0	0	0	23	0	0	0	0	57	0	0	0	665	0
FFQ	12	0	0	0	0	0	0	0	0	0	0	0	0	6	0	0	0	0	0	0	0	0	0	5	0	0	0	0	6	0	0	0	0	26	0	0	0	0	65	0	0	0	646	0
FFQ	13	0	0	0	0	0	0	0	0	0	0	0	0	3	0	0	0	0	0	0	0	0	0	5	0	0	0	0	9	0	0	0	0	23	0	0	0	0	68	0	0	0	646	0
FFQ	14	0	0	0	0	0	0	0	0	0	0	0	0	5	0	0	0	0	0	0	0	0	0	2	0	0	0	0	9	0	0	0	0	20	0	0	0	0	82	0	0	0	636	0
FFQ	15	0	0	0	0	0	0	0	0	0	0	0	0	8	0	0	0	0	0	0	0	0	0	1	0	0	0	0	7	0	0	0	0	32	0	0	0	0	64	0	0	0	642	0
FFQ	16	0	0	0	0	0	0	0	0	0	0	0	0	6	0	0	0	0	0	0	0	0	0	5	0	0	0	0	8	0	0	0	0	25	0	0	0	0	64	0	0	0	646	0
FFQ	17	0	0	0	0	0	0	0	0	0	0	0	0	6	0	0	0	0	0	0	0	0	0	4	0	0	0	0	7	0	0	0	0	24	0	0	0	0	69	0	0	0	644	0
FFQ	18	0	0	0	0	0	0	0	0	0	0	0	0	3	0	0	0	0	0	0	0	0	0	3	0	0	0	0	12	0	0	0	0	15	0	0	0	0	74	0	0	0	647	0
FFQ	19	0	0	0	0	0	0	0	0	0	0	0	0	1	0	0	0	0	0	0	0	0	0	7	0	0	0	0	12	0	0	0	0	25	0	0	0	0	56	0	0	0	653	0
FFQ	20	0	0	0	0	0	0	0	0	0	0	0	0	6	0	0	0	0	0	0	0	0	0	10	0	0	0	0	9	0	0	0	0	19	0	0	0	0	60	0	0	0	650	0
FFQ	21	0	0	0	0	0	0	0	0	0	0	0	0	6	0	0	0	0	0	0	0	0	0	3	0	0	0	0	12	0	0	0	0	34	0	0	0	0	56	0	0	0	643	0
FFQ	22	0	0	0	0	0	0	0	0	0	0	0	0	6	0	0	0	0	0	0	0	0	0	3	0	0	0	0	9	0	0	0	0	26	0	0	0	0	70	0	0	0	640	0
FFQ	23	0	0	0	0	0	0	0	0	0	0	0	0	6	0	0	0	0	0	0	0	0	0	11	0	0	0	0	8	0	0	0	0	22	0	0	0	0	72	0	0	0	635	0
FFQ	24	0	0	0	0	0	0	0	0	0	0	0	0	17	0	0	0	0	0	0	0	0	0	7	0	0	0	0	17	0	0	0	0	24	0	0	0	0	64	0	0	0	625	0
FFQ	25	0	0	0	0	0	0	0	0	0	0	0	0	14	0	0	0	0	0	0	0	0	0	6	0	0	0	0	14	0	0	0	0	30	0	0	0	0	66	0	0	0	624	0
FFQ	26	0	0	0	0	0	0	0	0	0	0	0	0	12	0	0	0	0	0	0	0	0	0	8	0	0	0	0	10	0	0	0	0	24	0	0	0	0	74	0	0	0	626	0
FFQ	27	0	0	1	0	0	0	0	0	0	0	0	0	16	0	0	0	0	0	0	0	0	0	9	0	0	0	0	17	0	0	0	0	18	0	0	0	0	73	0	0	0	620	0
FFQ	28	0	0	2	0	0	0	0	0	0	0	0	0	7	0	0	0	0	0	0	0	0	0	8	0	0	0	0	10	0	0	0	0	25	0	0	0	0	76	0	0	0	626	0
FFQ	29	0	0	1	0	0	0	0	0	0	0	0	0	19	0	0	0	0	0	0	0	0	0	7	0	0	0	0	17	0	0	0	0	18	0	0	0	0	67	0	0	0	625	0
FFQ	30	0	0	0	0	0	0	0	0	0	0	0	0	18	0	0	0	0	0	0	0	0	0	11	0	0	0	0	10	0	0	0	0	22	0	0	0	0	69	0	0	0	624	0
FFQ	31	0	0	0	0	0	0	0	0	0	0	0	0	19	0	0	0	0	0	0	0	0	0	10	0	0	0	0	17	0	0	0	0	28	0	0	0	0	65	0	0	0	615	0
FFQ	32	0	0	0	0	0	0	0	0	0	0	0	0	15	0	0	0	0	0	0	0	0	0	11	0	0	0	0	12	0	0	0	0	25	0	0	0	0	62	0	0	0	629	0
FFQ	33	0	0	0	0	0	0	0	0	0	0	0	0	12	0	0	0	0	0	0	0	0	0	14	0	0	0	0	17	0	0	0	0	22	0	0	0	0	79	0	0	0	610	0
FFQ	34	0	0	0	0	0	0	0	0	0	0	0	0	11	0	0	0	0	0	0	0	0	0	16	0	0	0	0	14	0	0	0	0	27	0	0	0	0	68	0	0	0	618	0
FFQ	35	0	0	0	0	0	0	0	0	0	0	0	0	19	0	0	0	0	0	0	0	0	0	9	0	0	0	0	12	0	0	0	0	16	0	0	0	0	69	0	0	0	629	0
FFQ	36	0	0	1	0	0	0	0	0	0	0	0	0	20	0	0	0	0	0	0	0	0	0	12	0	0	0	0	16	0	0	0	0	26	0	0	0	0	74	0	0	0	605	0
FFQ	37	0	0	0	0	0	0	0	0	0	0	0	0	20	0	0	0	0	0	0	0	0	0	13	0	0	0	0	12	0	0	0	0	28	0	0	0	0	60	0	0	0	621	0
FFQ	38	0	0	0	0	0	0	0	0	0	0	0	0	20	0	0	0	0	0	0	0	0	0	9	0	0	0	0	17	0	0	0	0	25	0	0	0	0	74	0	0	0	609	0
FFQ	39	0	0	1	0	0	0	0	0	0	0	0	0	25	0	0	0	0	0	0	0	0	0	9	0	0	0	0	14	0	0	0	0	22	0	0	0	0	75	0	0	0	608	0
FFQ	40	0	0	1	0	0	0	0	0	0	0	0	0	22	0	0	0	0	0	0	0	0	0	12	0	0	0	0	16	0	0	0	0	34	0	0	0	0	61	0	0	0	608	0
FFQ	41	0	0	0	0	0	0	0	0	0	0	0	0	23	0	0	0	0	0	0	0	0	0	19	0	0	0	0	16	0	0	0	0	31	0	0	0	0	72	0	0	0	593	0
FFQ	42	0	0	0	0	0	0	0	0	0	0	0	0	20	0	0	0	0	0	0	0	0	0	21	0	0	0	0	14	0	0	0	0	33	0	0	0	0	71	0	0	0	595	0
FFQ	43	0	0	0	0	0	0	0	0	0	0	0	0	19	0	0	0	0	0	0	0	0	0	16	0	0	0	0	23	0	0	0	0	27	0	0	0	0	61	0	0	0	608	0
FFQ	44	0	0	2	0	0	0	0	0	0	0	0	0	24	0	0	0	0	0	0	0	0	0	9	0	0	0	0	28	0	0	0	0	19	0	0	0	0	80	0	0	0	592	0
FFQ	45	0	0	0	0	0	0	0	0	0	0	0	0	19	0	0	0	0	0	0	0	0	0	18	0	0	0	0	21	0	0	0	0	23	0	0	0	0	74	0	0	0	599	0
FFQ	46	0	0	2	0	0	0	0	0	0	0	0	0	23	0	0	0	0	0	0	0	0	0	19	0	0	0	0	15	0	0	0	0	24	0	0	0	0	71	0	0	0	600	0
FFQ	47	0	0	2	0	0	0	0	0	0	0	0	0	16	0	0	0	0	0	0	0	0	0	17	0	0	0	0	23	0	0	0	0	26	0	0	0	0	71	0	0	0	599	0
FFQ	48	0	0	1	0	0	0	0	0	0	0	0	0	22	0	0	0	0	0	0	0	0	0	16	0	0	0	0	16	0	0	0	0	25	0	0	0	0	93	0	0	0	581	0
FFQ	49	0	0	0	0	0	0	0	0	0	0	0	0	24	0	0	0	0	0	0	0	0	0	14	0	0	0	0	17	0	0	0	0	25	0	0	0	0	74	0	0	0	600	0
FFQ	50	0	0	0	0	0	0	0	0	0	0	0	0	23	0	0	0	0	0	0	0	0	0	16	0	0	0	0	21	0	0	0	0	25	0	0	0	0	84	0	0	0	585	0
FFQ	51	0	0	0	0	0	0	0	0	0	0	0	0	27	0	0	0	0	0	0	0	0	0	15	0	0	0	0	17	0	0	0	0	25	0	0	0	0	77	0	0	0	593	0
FFQ	52	0	0	0	0	0	0	0	0	0	0	0	0	31	0	0	0	0	0	0	0	0	0	10	0	0	0	0	19	0	0	0	0	30	0	0	0	0	74	0	0	0	590	0
FFQ	53	0	0	0	0	0	0	0	0	0	0	0	0	28	0	0	0	0	0	0	0	0	0	25	0	0	0	0	18	0	0	0	0	26	0	0	0	0	90	0	0	0	567	0
FFQ	54	0	0	0	0	0	0	0	0	0	0	0	0	35	0	0	0	0	0	0	0	0	0	16	0	0	0	0	21	0	0	0	0	28	0	0	0	0	80	0	0	0	574	0
FFQ	55	0	0	0	0	0	0	0	0	0	0	0	0	27	0	0	0	0	0	0	0	0	0	19	0	0	0	0	22	0	0	0	0	33	0	0	0	0	84	0	0	0	569	0
FFQ	56	0	0	0	0	0	0	0	0	0	0	0	0	30	0	0	0	0	0	0	0	0	0	16	0	0	0	0	24	0	0	0	0	28	0	0	0	0	85	0	0	0	571	0
FFQ	57	0	0	0	0	0	0	0	0	0	0	0	0	30	0	0	0	0	0	0	0	0	0	15	0	0	0	0	23	0	0	0	0	33	0	0	0	0	97	0	0	0	556	0
FFQ	58	0	0	0	0	0	0	0	0	0	0	0	0	29	0	0	0	0	0	0	0	0	0	20	0	0	0	0	27	0	0	0	0	34	0	0	0	0	94	0	0	0	550	0
FFQ	59	0	0	0	0	0	0	0	0	0	0	0	0	28	0	0	0	0	0	0	0	0	0	23	0	0	0	0	18	0	0	0	0	21	0	0	0	0	93	0	0	0	571	0
FFQ	60	0	0	0	0	0	0	0	0	0	0	0	0	31	0	0	0	0	0	0	0	0	0	21	0	0	0	0	22	0	0	0	0	35	0	0	0	0	87	0	0	0	558	0
FFQ	61	0	0	0	0	0	0	0	0	0	0	0	0	31	0	0	0	0	0	0	0	0	0	27	0	0	0	0	21	0	0	0	0	24	0	0	0	0	85	0	0	0	566	0
FFQ	62	0	0	0	0	0	0	0	0	0	0	0	0	42	0	0	0	0	0	0	0	0	0	16	0	0	0	0	24	0	0	0	0	36	0	0	0	0	75	0	0	0	561	0
FFQ	63	0	0	0	0	0	0	0	0	0	0	0	0	35	0	0	0	0	0	0	0	0	0	26	0	0	0	0	21	0	0	0	0	35	0	0	0	0	78	0	0	0	559	0
FFQ	64	0	0	0	0	0	0	0	0	0	0	0	0	41	0	0	0	0	0	0	0	0	0	23	0	0	0	0	22	0	0	0	0	35	0	0	0	0	82	0	0	0	551	0
FFQ	65	0	0	0	0	0	0	0	0	0	0	0	0	38	0	0	0	0	0	0	0	0	0	16	0	0	0	0	31	0	0	0	0	37	0	0	0	0	102	0	0	0	530	0
FFQ	66	0	0	0	0	0	0	0	0	0	0	0	0	33	0	0	0	0	0	0	0	0	0	26	0	0	0	0	26	0	0	0	0	46	0	0	0	0	87	0	0	0	536	0
FFQ	67	0	0	0	0	0	0	0	0	0	0	0	0	33	0	0	0	0	0	0	0	0	0	22	0	0	0	0	22	0	0	0	0	40	0	0	0	0	82	0	0	0	555	0
FFQ	68	0	0	0	0	0	0	0	0	0	0	0	0	28	0	0	0	0	0	0	0	0	0	21	0	0	0	0	31	0	0	0	0	34	0	0	0	0	94	0	0	0	546	0
FFQ	69	0	0	0	0	0	0	0	0	0	0	0	0	34	0	0	0	0	0	0	0	0	0	22	0	0	0	0	24	0	0	0	0	37	0	0	0	0	99	0	0	0	538	0
FFQ	70	0	0	0	0	0	0	0	0	0	0	0	0	39	0	0	0	0	0	0	0	0	0	19	0	0	0	0	23	0	0	0	0	35	0	0	0	0	109	0	0	0	529	0
FFQ	71	0	0	0	0	0	0	0	0	0	0	0	0	37	0	0	0	0	0	0	0	0	0	21	0	0	0	0	29	0	0	0	0	38	0	0	0	0	85	0	0	0	544	0
FFQ	72	0	0	0	0	0	0	0	0	0	0	0	0	36	0	0	0	0	0	0	0	0	0	21	0	0	0	0	28	0	0	0	0	39	0	0	0	0	90	0	0	0	540	0
FFQ	73	0	0	0	0	0	0	0	0	0	0	0	0	38	0	0	0	0	0	0	0	0	0	22	0	0	0	0	19	0	0	0	0	28	0	0	0	0	85	0	0	0	562	0
FFQ	74	0	0	0	0	0	0	0	0	0	0	0	0	46	0	0	0	0	0	0	0	0	0	30	0	0	0	0	24	0	0	0	0	43	0	0	0	0	90	0	0	0	521	0
FFQ	75	0	0	0	0	0	0	0	0	0	0	0	0	49	0	0	0	0	0	0	0	0	0	31	0	0	0	0	22	0	0	0	0	48	0	0	0	0	69	0	0	0	535	0
FFQ	76	0	0	0	0	0	0	0	0	0	0	0	0	49	0	0	0	0	0	0	0	0	0	38	0	0	0	0	30	0	0	0	0	43	0	0	0	0	79	0	0	0	515	0
FFQ	77	0	0	0	0	0	0	0	0	0	0	0	0	38	0	0	0	0	0	0	0	0	0	45	0	0	0	0	43	0	0	0	0	67	0	0	0	0	149	0	0	0	412	0
FFQ	78	0	0	0	0	0	0	0	0	0	0	0	0	44	0	0	0	0	0	0	0	0	0	36	0	0	0	0	30	0	0	0	0	54	0	0	0	0	110	0	0	0	480	0
FFQ	79	0	0	0	0	0	0	0	0	0	0	0	0	47	0	0	0	0	0	0	0	0	0	36	0	0	0	0	35	0	0	0	0	35	0	0	0	0	84	0	0	0	517	0
FFQ	80	0	0	0	0	0	0	0	0	0	0	0	0	52	0	0	0	0	0	0	0	0	0	32	0	0	0	0	28	0	0	0	0	36	0	0	0	0	84	0	0	0	522	0
FFQ	81	0	0	0	0	0	0	0	0	0	0	0	0	50	0	0	0	0	0	0	0	0	0	27	0	0	0	0	21	0	0	0	0	50	0	0	0	0	92	0	0	0	514	0
FFQ	82	0	0	0	0	0	0	0	0	0	0	0	0	44	0	0	0	0	0	0	0	0	0	28	0	0	0	0	20	0	0	0	0	40	0	0	0	0	84	0	0	0	538	0
FFQ	83	0	0	0	0	0	0	0	0	0	0	0	0	52	0	0	0	0	0	0	0	0	0	24	0	0	0	0	26	0	0	0	0	41	0	0	0	0	71	0	0	0	540	0
FFQ	84	0	0	0	0	0	0	0	0	0	0	0	0	42	0	0	0	0	0	0	0	0	0	32	0	0	0	0	25	0	0	0	0	46	0	0	0	0	95	0	0	0	514	0
FFQ	85	0	0	0	0	0	0	0	0	0	0	0	0	51	0	0	0	0	0	0	0	0	0	27	0	0	0	0	30	0	0	0	0	32	0	0	0	0	85	0	0	0	529	0
FFQ	86	0	0	0	0	0	0	0	0	0	0	0	0	49	0	0	0	0	0	0	0	0	0	24	0	0	0	0	28	0	0	0	0	55	0	0	0	0	86	0	0	0	512	0
FFQ	87	0	0	0	0	0	0	0	0	0	0	0	0	52	0	0	0	0	0	0	0	0	0	27	0	0	0	0	29	0	0	0	0	39	0	0	0	0	89	0	0	0	518	0
FFQ	88	0	0	0	0	0	0	0	0	0	0	0	0	56	0	0	0	0	0	0	0	0	0	29	0	0	0	0	27	0	0	0	0	45	0	0	0	0	57	0	0	0	540	0
FFQ	89	0	0	0	0	0	0	0	0	0	0	0	0	47	0	0	0	0	0	0	0	0	0	34	0	0	0	0	21	0	0	0	0	43	0	0	0	0	86	0	0	0	523	0
FFQ	90	0	0	0	0	0	0	0	0	0	0	0	0	60	0	0	0	0	0	0	0	0	0	24	0	0	0	0	31	0	0	0	0	44	0	0	0	0	74	0	0	0	521	0
FFQ	91	0	0	0	0	0	0	0	0	0	0	0	0	58	0	0	0	0	0	0	0	0	0	37	0	0	0	0	23	0	0	0	0	42	0	0	0	0	70	0	0	0	524	0
FFQ	92	0	0	0	0	0	0	0	0	0	0	0	0	65	0	0	0	0	0	0	0	0	0	23	0	0	0	0	28	0	0	0	0	43	0	0	0	0	95	0	0	0	500	0
FFQ	93	0	0	0	0	0	0	0	0	0	0	0	0	48	0	0	0	0	0	0	0	0	0	43	0	0	0	0	25	0	0	0	0	38	0	0	0	0	86	0	0	0	514	0
FFQ	94	0	0	0	0	0	0	0	0	0	0	0	0	56	0	0	0	0	0	0	0	0	0	47	0	0	0	0	23	0	0	0	0	49	0	0	0	0	84	0	0	0	495	0
FFQ	95	0	0	0	0	0	0	0	0	0	0	0	0	41	0	0	0	0	0	0	0	0	0	38	0	0	0	0	30	0	0	0	0	55	0	0	0	0	100	0	0	0	490	0
FFQ	96	0	0	0	0	0	0	0	0	0	0	0	0	47	0	0	0	0	0	0	0	0	0	39	0	0	0	0	23	0	0	0	0	51	0	0	0	0	92	0	0	0	502	0
FFQ	97	0	0	0	0	0	0	0	0	0	0	0	0	49	0	0	0	0	0	0	0	0	0	27	0	0	0	0	24	0	0	0	0	51	0	0	0	0	92	0	0	0	511	0
FFQ	98	0	0	0	0	0	0	0	0	0	0	0	0	62	0	0	0	0	0	0	0	0	0	35	0	0	0	0	34	0	0	0	0	32	0	0	0	0	92	0	0	0	499	0
FFQ	99	0	0	0	0	0	0	0	0	0	0	0	0	58	0	0	0	0	0	0	0	0	0	34	0	0	0	0	16	0	0	0	0	47	0	0	0	0	100	0	0	0	499	0
FFQ	100	0	0	0	0	0	0	0	0	0	0	0	0	49	0	0	0	0	0	0	0	0	0	46	0	0	0	0	26	0	0	0	0	57	0	0	0	0	96	0	0	0	480	0
FFQ	101	0	0	0	0	0	0	0	0	0	0	0	0	53	0	0	0	0	0	0	0	0	0	31	0	0	0	0	15	0	0	0	0	52	0	0	0	0	83	0	0	0	520	0
FFQ	102	0	0	0	0	0	0	0	0	0	0	0	0	66	0	0	0	0	0	0	0	0	0	37	0	0	0	0	22	0	0	0	0	46	0	0	0	0	75	0	0	0	508	0
FFQ	103	0	0	0	0	0	0	0	0	0	0	0	0	59	0	0	0	0	0	0	0	0	0	41	0	0	0	0	24	0	0	0	0	46	0	0	0	0	79	0	0	0	505	0
FFQ	104	0	0	0	0	0	0	0	0	0	0	0	0	61	0	0	0	0	0	0	0	0	0	45	0	0	0	0	29	0	0	0	0	42	0	0	0	0	90	0	0	0	487	0
FFQ	105	0	0	0	0	0	0	0	0	0	0	0	0	70	0	0	0	0	0	0	0	0	0	39	0	0	0	0	21	0	0	0	0	49	0	0	0	0	93	0	0	0	482	0
FFQ	106	0	0	0	0	0	0	0	0	0	0	0	0	51	0	0	0	0	0	0	0	0	0	47	0	0	0	0	28	0	0	0	0	50	0	0	0	0	99	0	0	0	479	0
FFQ	107	0	0	0	0	0	0	0	0	0	0	0	0	68	0	0	0	0	0	0	0	0	0	31	0	0	0	0	26	0	0	0	0	44	0	0	0	0	84	0	0	0	501	0
FFQ	108	0	0	0	0	0	0	0	0	0	0	0	0	68	0	0	0	0	0	0	0	0	0	40	0	0	0	0	24	0	0	0	0	48	0	0	0	0	99	0	0	0	475	0
FFQ	109	0	0	0	0	0	0	0	0	0	0	0	0	64	0	0	0	0	0	0	0	0	0	38	0	0	0	0	22	0	0	0	0	56	0	0	0	0	94	0	0	0	480	0
FFQ	110	0	0	0	0	0	0	0	0	0	0	0	0	53	0	0	0	0	0	0	0	0	0	48	0	0	0	0	21	0	0	0	0	60	0	0	0	0	89	0	0	0	483	0
FFQ	111	0	0	0	0	0	0	0	0	0	0	0	0	48	0	0	0	0	0	0	0	0	0	48	0	0	0	0	20	0	0	0	0	46	0	0	0	0	104	0	0	0	487	0
FFQ	112	0	0	0	0	0	0	0	0	0	0	0	0	45	0	0	0	0	0	0	0	0	0	43	0	0	0	0	24	0	0	0	0	41	0	0	0	0	100	0	0	0	500	0
FFQ	113	0	0	0	0	0	0	0	0	0	0	0	0	46	0	0	0	0	0	0	0	0	0	55	0	0	0	0	33	0	0	0	0	45	0	0	0	0	92	0	0	0	482	0
FFQ	114	0	0	0	0	0	0	0	0	0	0	0	0	55	0	0	0	0	0	0	0	0	0	33	0	0	0	0	24	0	0	0	0	54	0	0	0	0	101	0	0	0	486	0
FFQ	115	0	0	0	0	0	0	0	0	0	0	0	0	60	0	0	0	0	0	0	0	0	0	31	0	0	0	0	18	0	0	0	0	49	0	0	0	0	99	0	0	0	496	0
FFQ	116	0	0	0	0	0	0	0	0	0	0	0	0	56	0	0	0	0	0	0	0	0	0	34	0	0	0	0	21	0	0	0	0	60	0	0	0	0	84	0	0	0	498	0
FFQ	117	0	0	0	0	0	0	0	0	0	0	0	0	66	0	0	0	0	0	0	0	0	0	32	0	0	0	0	30	0	0	0	0	47	0	0	0	0	101	0	0	0	477	0
FFQ	118	0	0	0	0	0	0	0	0	0	0	0	0	63	0	0	0	0	0	0	0	0	0	36	0	0	0	0	16	0	0	0	0	62	0	0	0	0	101	0	0	0	475	0
FFQ	119	0	0	0	0	0	0	0	0	0	0	0	0	64	0	0	0	0	0	0	0	0	0	38	0	0	0	0	33	0	0	0	0	46	0	0	0	0	77	0	0	0	495	0
FFQ	120	0	0	0	0	0	0	0	0	0	0	0	0	49	0	0	0	0	0	0	0	0	0	47	0	0	0	0	16	0	0	0	0	55	0	0	0	0	118	0	0	0	468	0
FFQ	121	0	0	0	0	0	0	0	0	0	0	0	0	66	0	0	0	0	0	0	0	0	0	30	0	0	0	0	31	0	0	0	0	46	0	0	0	0	103	0	0	0	477	0
FFQ	122	0	0	0	0	0	0	0	0	0	0	0	0	58	0	0	0	0	0	0	0	0	0	45	0	0	0	0	28	0	0	0	0	49	0	0	0	0	107	0	0	0	466	0
FFQ	123	0	0	0	0	0	0	0	0	0	0	0	0	73	0	0	0	0	0	0	0	0	0	42	0	0	0	0	26	0	0	0	0	50	0	0	0	0	88	0	0	0	474	0
FFQ	124	0	0	0	0	0	0	0	0	0	0	0	0	65	0	0	0	0	0	0	0	0	0	41	0	0	0	0	30	0	0	0	0	50	0	0	0	0	107	0	0	0	460	0
FFQ	125	0	0	0	0	0	0	0	0	0	0	0	0	71	0	0	0	0	0	0	0	0	0	48	0	0	0	0	27	0	0	0	0	49	0	0	0	0	101	0	0	0	457	0
FFQ	126	0	0	0	0	0	0	0	0	0	0	0	0	53	0	0	0	0	0	0	0	0	0	50	0	0	0	0	30	0	0	0	0	56	0	0	0	0	88	0	0	0	476	0
FFQ	127	0	0	0	0	0	0	0	0	0	0	0	0	63	0	0	0	0	0	0	0	0	0	54	0	0	0	0	31	0	0	0	0	45	0	0	0	0	112	0	0	0	448	0
FFQ	128	0	0	0	0	0	0	0	0	0	0	0	0	79	0	0	0	0	0	0	0	0	0	43	0	0	0	0	21	0	0	0	0	56	0	0	0	0	116	0	0	0	438	0
FFQ	129	0	0	0	0	0	0	0	0	0	0	0	0	62	0	0	0	0	0	0	0	0	0	43	0	0	0	0	26	0	0	0	0	68	0	0	0	0	109	0	0	0	445	0
FFQ	130	0	0	0	0	0	0	0	0	0	0	0	0	70	0	0	0	0	0	0	0	0	0	40	0	0	0	0	25	0	0	0	0	48	0	0	0	0	136	0	0	0	434	0
FFQ	131	0	0	0	0	0	0	0	0	0	0	0	0	56	0	0	0	0	0	0	0	0	0	52	0	0	0	0	33	0	0	0	0	60	0	0	0	0	110	0	0	0	442	0
FFQ	132	0	0	0	0	0	0	0	0	0	0	0	0	60	0	0	0	0	0	0	0	0	0	44	0	0	0	0	29	0	0	0	0	56	0	0	0	0	116	0	0	0	448	0
FFQ	133	0	0	0	0	0	0	0	0	0	0	0	0	64	0	0	0	0	0	0	0	0	0	59	0	0	0	0	27	0	0	0	0	57	0	0	0	0	121	0	0	0	425	0
FFQ	134	0	0	0	0	0	0	0	0	0	0	0	0	84	0	0	0	0	0	0	0	0	0	43	0	0	0	0	24	0	0	0	0	59	0	0	0	0	109	0	0	0	434	0
FFQ	135	0	0	0	0	0	0	0	0	0	0	0	0	67	0	0	0	0	0	0	0	0	0	60	0	0	0	0	27	0	0	0	0	68	0	0	0	0	122	0	0	0	409	0
FFQ	136	0	0	0	0	0	0	0	0	0	0	0	0	63	0	0	0	0	0	0	0	0	0	52	0	0	0	0	24	0	0	0	0	73	0	0	0	0	148	0	0	0	393	0
FFQ	137	0	0	0	0	0	0	0	0	0	0	0	0	71	0	0	0	0	0	0	0	0	0	49	0	0	0	0	25	0	0	0	0	60	0	0	0	0	131	0	0	0	415	0
FFQ	138	0	0	0	0	0	0	0	0	0	0	0	0	67	0	0	0	0	0	0	0	0	0	49	0	0	0	0	29	0	0	0	0	67	0	0	0	0	135	0	0	0	404	0
FFQ	139	0	0	0	0	0	0	0	0	0	0	0	0	54	0	0	0	0	0	0	0	0	0	59	0	0	0	0	32	0	0	0	0	58	0	0	0	0	135	0	0	0	413	0
FFQ	140	0	0	0	0	0	0	0	0	0	0	0	0	67	0	0	0	0	0	0	0	0	0	47	0	0	0	0	30	0	0	0	0	61	0	0	0	0	134	0	0	0	409	0
FFQ	141	0	0	0	0	0	0	0	0	0	0	0	0	59	0	0	0	0	0	0	0	0	0	46	0	0	0	0	30	0	0	0	0	65	0	0	0	0	145	0	0	0	403	0
FFQ	142	0	0	0	0	0	0	0	0	0	0	0	0	64	0	0	0	0	0	0	0	0	0	45	0	0	0	0	32	0	0	0	0	63	0	0	0	0	150	0	0	0	394	0
FFQ	143	0	0	0	0	0	0	0	0	0	0	0	0	66	0	0	0	0	0	0	0	0	0	52	0	0	0	0	33	0	0	0	0	54	0	0	0	0	131	0	0	0	411	0
FFQ	144	0	0	0	0	0	0	0	0	0	0	0	0	64	0	0	0	0	0	0	0	0	0	57	0	0	0	0	33	0	0	0	0	43	0	0	0	0	147	0	0	0	401	0
FFQ	145	0	0	0	0	0	0	0	0	0	0	0	0	71	0	0	0	0	0	0	0	0	0	46	0	0	0	0	42	0	0	0	0	54	0	0	0	0	128	0	0	0	401	0
FFQ	146	0	0	1	0	0	0	0	0	2	0	0	0	66	0	0	0	0	0	0	0	0	0	41	0	0	0	0	35	0	0	0	0	60	0	0	0	0	128	0	0	0	409	0
FFQ	147	0	0	0	0	0	0	0	0	0	0	0	0	63	0	0	0	0	0	0	0	0	0	42	0	0	0	0	35	0	0	0	0	60	0	0	0	0	146	0	0	0	392	0
FFQ	148	0	0	0	0	0	0	0	0	1	0	0	0	73	0	0	0	0	0	0	0	0	0	38	0	0	0	0	37	0	0	0	0	55	0	0	0	0	144	0	0	0	385	0
FFQ	149	0	0	0	0	0	0	0	0	0	0	0	0	64	0	0	0	0	0	0	0	0	0	51	0	0	0	0	26	0	0	0	0	71	0	0	0	0	140	0	0	0	369	0
FFQ	150	0	0	0	0	0	0	0	0	1	0	0	0	52	0	0	0	0	0	0	0	0	0	36	0	0	0	0	27	0	0	0	0	66	0	0	0	0	130	0	0	0	391	0
FFQ	151	0	0	0	0	0	0	0	0	0	0	0	0	0	0	0	0	0	0	0	0	0	0	72	0	0	0	0	56	0	0	0	0	91	0	0	0	0	154	0	0	0	257	0
# Last Fragment Qualities. Use `grep ^LFQ | cut -f 2-` to extract this part.
# Columns correspond to qualities and rows to cycles. First column is the cycle number.
LFQ	1	0	0	13	0	0	0	0	0	0	0	0	0	20	0	0	0	0	0	0	0	0	0	0	0	0	0	0	30	0	0	0	0	691	0	0	0	0	0	0	0	0	0	0
LFQ	2	0	0	0	0	0	0	0	0	0	0	0	0	18	0	0	0	0	0	0	0	0	0	0	0	0	0	0	32	0	0	0	0	704	0	0	0	0	0	0	0	0	0	0
LFQ	3	0	0	0	0	0	0	0	0	0	0	0	0	40	0	0	0	0	0	0	0	0	0	0	0	0	0	0	33	0	0	0	0	238	0	0	0	0	443	0	0	0	0	0
LFQ	4	0	0	0	0	0	0	0	0	0	0	0	0	25	0	0	0	0	0	0	0	0	0	2	0	0	0	0	27	0	0	0	0	103	0	0	0	0	597	0	0	0	0	0
LFQ	5	0	0	0	0	0	0	0	0	0	0	0	0	15	0	0	0	0	0	0	0	0	0	3	0	0	0	0	15	0	0	0	0	63	0	0	0	0	658	0	0	0	0	0
LFQ	6	0	0	0	0	0	0	0	0	0	0	0	0	17	0	0	0	0	0	0	0	0	0	6	0	0	0	0	7	0	0	0	0	39	0	0	0	0	101	0	0	0	584	0
LFQ	7	0	0	0	0	0	0	0	0	0	0	0	0	18	0	0	0	0	0	0	0	0	0	8	0	0	0	0	12	0	0	0	0	41	0	0	0	0	98	0	0	0	577	0
LFQ	8	0	0	0	0	0	0	0	0	0	0	0	0	20	0	0	0	0	0	0	0	0	0	15	0	0	0	0	18	0	0	0	0	43	0	0	0	0	104	0	0	0	554	0
LFQ	9	0	0	1	0	0	0	0	0	0	0	0	0	20	0	0	0	0	0	0	0	0	0	16	0	0	0	0	7	0	0	0	0	39	0	0	0	0	102	0	0	0	569	0
LFQ	10	0	0	0	0	0	0	0	0	0	0	0	0	19	0	0	0	0	0	0	0	0	0	11	0	0	0	0	7	0	0	0	0	44	0	0	0	0	107	0	0	0	566	0
LFQ	11	0	0	0	0	0	0	0	0	0	0	0	0	10	0	0	0	0	0	0	0	0	0	15	0	0	0	0	8	0	0	0	0	30	0	0	0	0	103	0	0	0	588	0
LFQ	12	0	0	1	0	0	0	0	0	0	0	0	0	14	0	0	0	0	0	0	0	0	0	9	0	0	0	0	11	0	0	0	0	26	0	0	0	0	76	0	0	0	617	0
LFQ	13	0	0	0	0	0	0	0	0	0	0	0	0	21	0	0	0	0	0	0	0	0	0	10	0	0	0	0	11	0	0	0	0	36	0	0	0	0	84	0	0	0	592	0
LFQ	14	0	0	0	0	0	0	0	0	0	0	0	0	24	0	0	0	0	0	0	0	0	0	11	0	0	0	0	7	0	0	0	0	30	0	0	0	0	83	0	0	0	599	0
LFQ	15	0	0	0	0	0	0	0	0	0	0	0	0	18	0	0	0	0	0	0	0	0	0	11	0	0	0	0	17	0	0	0	0	30	0	0	0	0	106	0	0	0	572	0
LFQ	16	0	0	0	0	0	0	0	0	0	0	0	0	24	0	0	0	0	0	0	0	0	0	14	0	0	0	0	24	0	0	0	0	33	0	0	0	0	84	0	0	0	575	0
LFQ	17	0	0	0	0	0	0	0	0	0	0	0	0	18	0	0	0	0	0	0	0	0	0	13	0	0	0	0	14	0	0	0	0	35	0	0	0	0	105	0	0	0	569	0
LFQ	18	0	0	0	0	0	0	0	0	0	0	0	0	30	0	0	0	0	0	0	0	0	0	14	0	0	0	0	23	0	0	0	0	28	0	0	0	0	123	0	0	0	536	0
LFQ	19	0	0	0	0	0	0	0	0	0	0	0	0	21	0	0	0	0	0	0	0	0	0	15	0	0	0	0	13	0	0	0	0	28	0	0	0	0	90	0	0	0	587	0
LFQ	20	0	0	0	0	0	0	0	0	0	0	0	0	26	0	0	0	0	0	0	0	0	0	15	0	0	0	0	27	0	0	0	0	27	0	0	0	0	97	0	0	0	562	0
LFQ	21	0	0	0	0	0	0	0	0	0	0	0	0	22	0	0	0	0	0	0	0	0	0	16	0	0	0	0	16	0	0	0	0	20	0	0	0	0	106	0	0	0	574	0
LFQ	22	0	0	1	0	0	0	0	0	0	0	0	0	27	0	0	0	0	0	0	0	0	0	16	0	0	0	0	17	0	0	0	0	31	0	0	0	0	115	0	0	0	547	0
LFQ	23	0	0	0	0	0	0	0	0	0	0	0	0	25	0	0	0	0	0	0	0	0	0	22	0	0	0	0	26	0	0	0	0	39	0	0	0	0	113	0	0	0	529	0
LFQ	24	0	0	0	0	0	0	0	0	0	0	0	0	24	0	0	0	0	0	0	0	0	0	16	0	0	0	0	17	0	0	0	0	18	0	0	0	0	96	0	0	0	583	0
LFQ	25	0	0	1	0	0	0	0	0	0	0	0	0	21	0	0	0	0	0	0	0	0	0	10	0	0	0	0	29	0	0	0	0	29	0	0	0	0	124	0	0	0	540	0
LFQ	26	0	0	0	0	0	0	0	0	0	0	0	0	34	0	0	0	0	0	0	0	0	0	12	0	0	0	0	19	0	0	0	0	39	0	0	0	0	98	0	0	0	552	0
LFQ	27	0	0	6	0	0	0	0	0	0	0	0	0	32	0	0	0	0	0	0	0	0	0	22	0	0	0	0	25	0	0	0	0	29	0	0	0	0	98	0	0	0	542	0
LFQ	28	0	0	0	0	0	0	0	0	0	0	0	0	34	0	0	0	0	0	0	0	0	0	21	0	0	0	0	28	0	0	0	0	36	0	0	0	0	102	0	0	0	533	0
LFQ	29	0	0	0	0	0	0	0	0	0	0	0	0	24	0	0	0	0	0	0	0	0	0	27	0	0	0	0	22	0	0	0	0	48	0	0	0	0	116	0	0	0	517	0
LFQ	30	0	0	0	0	0	0	0	0	0	0	0	0	42	0	0	0	0	0	0	0	0	0	18	0	0	0	0	26	0	0	0	0	43	0	0	0	0	108	0	0	0	517	0
LFQ	31	0	0	0	0	0	0	0	0	0	0	0	0	41	0	0	0	0	0	0	0	0	0	15	0	0	0	0	27	0	0	0	0	35	0	0	0	0	103	0	0	0	533	0
LFQ	32	0	0	1	0	0	0	0	0	0	0	0	0	44	0	0	0	0	0	0	0	0	0	19	0	0	0	0	36	0	0	0	0	37	0	0	0	0	83	0	0	0	534	0
LFQ	33	0	0	0	0	0	0	0	0	0	0	0	0	40	0	0	0	0	0	0	0	0	0	21	0	0	0	0	21	0	0	0	0	36	0	0	0	0	101	0	0	0	535	0
LFQ	34	0	0	0	0	0	0	0	0	0	0	0	0	42	0	0	0	0	0	0	0	0	0	28	0	0	0	0	21	0	0	0	0	40	0	0	0	0	98	0	0	0	525	0
LFQ	35	0	0	0	0	0	0	0	0	0	0	0	0	45	0	0	0	0	0	0	0	0	0	26	0	0	0	0	28	0	0	0	0	42	0	0	0	0	118	0	0	0	495	0
LFQ	36	0	0	0	0	0	0	0	0	0	0	0	0	47	0	0	0	0	0	0	0	0	0	34	0	0	0	0	30	0	0	0	0	49	0	0	0	0	113	0	0	0	481	0
LFQ	37	0	0	0	0	0	0	0	0	0	0	0	0	45	0	0	0	0	0	0	0	0	0	18	0	0	0	0	33	0	0	0	0	51	0	0	0	0	132	0	0	0	475	0
LFQ	38	0	0	1	0	0	0	0	0	0	0	0	0	60	0	0	0	0	0	0	0	0	0	18	0	0	0	0	32	0	0	0	0	46	0	0	0	0	119	0	0	0	478	0
LFQ	39	0	0	0	0	0	0	0	0	0	0	0	0	43	0	0	0	0	0	0	0	0	0	25	0	0	0	0	31	0	0	0	0	49	0	0	0	0	131	0	0	0	475	0
LFQ	40	0	0	0	0	0	0	0	0	0	0	0	0	59	0	0	0	0	0	0	0	0	0	32	0	0	0	0	32	0	0	0	0	52	0	0	0	0	124	0	0	0	455	0
LFQ	41	0	0	0	0	0	0	0	0	0	0	0	0	54	0	0	0	0	0	0	0	0	0	31	0	0	0	0	40	0	0	0	0	43	0	0	0	0	119	0	0	0	467	0
LFQ	42	0	0	1	0	0	0	0	0	0	0	0	0	61	0	0	0	0	0	0	0	0	0	34	0	0	0	0	42	0	0	0	0	48	0	0	0	0	125	0	0	0	443	0
LFQ	43	0	0	0	0	0	0	0	0	0	0	0	0	44	0	0	0	0	0	0	0	0	0	38	0	0	0	0	32	0	0	0	0	57	0	0	0	0	116	0	0	0	467	0
LFQ	44	0	0	0	0	0	0	0	0	0	0	0	0	54	0	0	0	0	0	0	0	0	0	30	0	0	0	0	35	0	0	0	0	48	0	0	0	0	110	0	0	0	477	0
LFQ	45	0	0	0	0	0	0	0	0	0	0	0	0	55	0	0	0	0	0	0	0	0	0	35	0	0	0	0	31	0	0	0	0	62	0	0	0	0	111	0	0	0	460	0
LFQ	46	0	0	1	0	0	0	0	0	0	0	0	0	66	0	0	0	0	0	0	0	0	0	32	0	0	0	0	37	0	0	0	0	64	0	0	0	0	120	0	0	0	434	0
LFQ	47	0	0	0	0	0	0	0	0	0	0	0	0	66	0	0	0	0	0	0	0	0	0	32	0	0	0	0	37	0	0	0	0	62	0	0	0	0	114	0	0	0	443	0
LFQ	48	0	0	1	0	0	0	0	0	0	0	0	0	51	0	0	0	0	0	0	0	0	0	31	0	0	0	0	54	0	0	0	0	64	0	0	0	0	130	0	0	0	423	0
LFQ	49	0	0	0	0	0	0	0	0	0	0	0	0	66	0	0	0	0	0	0	0	0	0	37	0	0	0	0	29	0	0	0	0	77	0	0	0	0	103	0	0	0	442	0
LFQ	50	0	0	0	0	0	0	0	0	0	0	0	0	77	0	0	0	0	0	0	0	0	0	26	0	0	0	0	40	0	0	0	0	61	0	0	0	0	120	0	0	0	430	0
LFQ	51	0	0	0	0	0	0	0	0	0	0	0	0	64	0	0	0	0	0	0	0	0	0	43	0	0	0	0	41	0	0	0	0	55	0	0	0	0	113	0	0	0	438	0
LFQ	52	0	0	2	0	0	0	0	0	0	0	0	0	51	0	0	0	0	0	0	0	0	0	47	0	0	0	0	45	0	0	0	0	62	0	0	0	0	114	0	0	0	433	0
LFQ	53	0	0	0	0	0	0	0	0	0	0	0	0	68	0	0	0	0	0	0	0	0	0	36	0	0	0	0	45	0	0	0	0	41	0	0	0	0	123	0	0	0	441	0
LFQ	54	0	0	0	0	0	0	0	0	0	0	0	0	54	0	0	0	0	0	0	0	0	0	38	0	0	0	0	41	0	0	0	0	72	0	0	0	0	129	0	0	0	420	0
LFQ	55	0	0	0	0	0	0	0	0	0	0	0	0	71	0	0	0	0	0	0	0	0	0	37	0	0	0	0	40	0	0	0	0	73	0	0	0	0	119	0	0	0	414	0
LFQ	56	0	0	0	0	0	0	0	0	0	0	0	0	64	0	0	0	0	0	0	0	0	0	32	0	0	0	0	45	0	0	0	0	52	0	0	0	0	125	0	0	0	436	0
LFQ	57	0	0	0	0	0	0	0	0	0	0	0	0	65	0	0	0	0	0	0	0	0	0	32	0	0	0	0	37	0	0	0	0	64	0	0	0	0	101	0	0	0	455	0
LFQ	58	0	0	0	0	0	0	0	0	0	0	0	0	70	0	0	0	0	0	0	0	0	0	32	0	0	0	0	45	0	0	0	0	53	0	0	0	0	92	0	0	0	462	0
LFQ	59	0	0	0	0	0	0	0	0	0	0	0	0	63	0	0	0	0	0	0	0	0	0	39	0	0	0	0	40	0	0	0	0	62	0	0	0	0	122	0	0	0	428	0
LFQ	60	0	0	1	0	0	0	0	0	0	0	0	0	66	0	0	0	0	0	0	0	0	0	37	0	0	0	0	42	0	0	0	0	54	0	0	0	0	103	0	0	0	451	0
LFQ	61	0	0	0	0	0	0	0	0	0	0	0	0	69	0	0	0	0	0	0	0	0	0	28	0	0	0	0	43	0	0	0	0	76	0	0	0	0	99	0	0	0	439	0
LFQ	62	0	0	0	0	0	0	0	0	0	0	0	0	79	0	0	0	0	0	0	0	0	0	42	0	0	0	0	37	0	0	0	0	56	0	0	0	0	128	0	0	0	412	0
LFQ	63	0	0	0	0	0	0	0	0	0	0	0	0	71	0	0	0	0	0	0	0	0	0	46	0	0	0	0	38	0	0	0	0	71	0	0	0	0	103	0	0	0	425	0
LFQ	64	0	0	0	0	0	0	0	0	0	0	0	0	83	0	0	0	0	0	0	0	0	0	31	0	0	0	0	47	0	0	0	0	54	0	0	0	0	102	0	0	0	437	0
LFQ	65	0	0	0	0	0	0	0	0	0	0	0	0	63	0	0	0	0	0	0	0	0	0	45	0	0	0	0	38	0	0	0	0	62	0	0	0	0	116	0	0	0	430	0
LFQ	66	0	0	0	0	0	0	0	0	0	0	0	0	73	0	0	0	0	0	0	0	0	0	44	0	0	0	0	37	0	0	0	0	70	0	0	0	0	97	0	0	0	433	0
LFQ	67	0	0	0	0	0	0	0	0	0	0	0	0	65	0	0	0	0	0	0	0	0	0	44	0	0	0	0	39	0	0	0	0	72	0	0	0	0	112	0	0	0	422	0
LFQ	68	0	0	0	0	0	0	0	0	0	0	0	0	67	0	0	0	0	0	0	0	0	0	44	0	0	0	0	44	0	0	0	0	76	0	0	0	0	109	0	0	0	414	0
LFQ	69	0	0	0	0	0	0	0	0	0	0	0	0	73	0	0	0	0	0	0	0	0	0	38	0	0	0	0	34	0	0	0	0	60	0	0	0	0	102	0	0	0	447	0
LFQ	70	0	0	0	0	0	0	0	0	0	0	0	0	62	0	0	0	0	0	0	0	0	0	57	0	0	0	0	35	0	0	0	0	59	0	0	0	0	114	0	0	0	427	0
LFQ	71	0	0	0	0	0	0	0	0	0	0	0	0	64	0	0	0	0	0	0	0	0	0	51	0	0	0	0	35	0	0	0	0	56	0	0	0	0	117	0	0	0	431	0
LFQ	72	0	0	0	0	0	0	0	0	0	0	0	0	79	0	0	0	0	0	0	0	0	0	47	0	0	0	0	34	0	0	0	0	59	0	0	0	0	109	0	0	0	426	0
LFQ	73	0	0	0	0	0	0	0	0	0	0	0	0	70	0	0	0	0	0	0	0	0	0	43	0	0	0	0	39	0	0	0	0	59	0	0	0	0	102	0	0	0	441	0
LFQ	74	0	0	0	0	0	0	0	0	0	0	0	0	83	0	0	0	0	0	0	0	0	0	53	0	0	0	0	20	0	0	0	0	63	0	0	0	0	112	0	0	0	423	0
LFQ	75	0	0	0	0	0	0	0	0	0	0	0	0	75	0	0	0	0	0	0	0	0	0	50	0	0	0	0	39	0	0	0	0	63	0	0	0	0	123	0	0	0	404	0
LFQ	76	0	0	0	0	0	0	0	0	0	0	0	0	62	0	0	0	0	0	0	0	0	0	62	0	0	0	0	39	0	0	0	0	63	0	0	0	0	112	0	0	0	416	0
LFQ	77	0	0	0	0	0	0	0	0	0	0	0	0	72	0	0	0	0	0	0	0	0	0	68	0	0	0	0	26	0	0	0	0	106	0	0	0	0	167	0	0	0	315	0
LFQ	78	0	0	0	0	0	0	0	0	0	0	0	0	71	0	0	0	0	0	0	0	0	0	53	0	0	0	0	27	0	0	0	0	81	0	0	0	0	137	0	0	0	385	0
LFQ	79	0	0	0	0	0	0	0	0	0	0	0	0	63	0	0	0	0	0	0	0	0	0	57	0	0	0	0	19	0	0	0	0	75	0	0	0	0	129	0	0	0	411	0
LFQ	80	0	0	0	0	0	0	0	0	0	0	0	0	70	0	0	0	0	0	0	0	0	0	47	0	0	0	0	31	0	0	0	0	69	0	0	0	0	115	0	0	0	422	0
LFQ	81	0	0	0	0	0	0	0	0	0	0	0	0	68	0	0	0	0	0	0	0	0	0	39	0	0	0	0	33	0	0	0	0	58	0	0	0	0	108	0	0	0	448	0
LFQ	82	0	0	0	0	0	0	0	0	0	0	0	0	87	0	0	0	0	0	0	0	0	0	43	0	0	0	0	25	0	0	0	0	54	0	0	0	0	113	0	0	0	432	0
LFQ	83	0	0	0	0	0	0	0	0	0	0	0	0	73	0	0	0	0	0	0	0	0	0	47	0	0	0	0	28	0	0	0	0	62	0	0	0	0	105	0	0	0	439	0
LFQ	84	0	0	0	0	0	0	0	0	0	0	0	0	72	0	0	0	0	0	0	0	0	0	42	0	0	0	0	27	0	0	0	0	60	0	0	0	0	111	0	0	0	442	0
LFQ	85	0	0	0	0	0	0	0	0	0	0	0	0	67	0	0	0	0	0	0	0	0	0	52	0	0	0	0	32	0	0	0	0	50	0	0	0	0	105	0	0	0	448	0
LFQ	86	0	0	0	0	0	0	0	0	0	0	0	0	73	0	0	0	0	0	0	0	0	0	42	0	0	0	0	26	0	0	0	0	54	0	0	0	0	101	0	0	0	458	0
LFQ	87	0	0	0	0	0	0	0	0	0	0	0	0	68	0	0	0	0	0	0	0	0	0	46	0	0	0	0	33	0	0	0	0	58	0	0	0	0	115	0	0	0	434	0
LFQ	88	0	0	0	0	0	0	0	0	0	0	0	0	69	0	0	0	0	0	0	0	0	0	47	0	0	0	0	26	0	0	0	0	62	0	0	0	0	96	0	0	0	454	0
LFQ	89	0	0	0	0	0	0	0	0	0	0	0	0	77	0	0	0	0	0	0	0	0	0	51	0	0	0	0	25	0	0	0	0	55	0	0	0	0	108	0	0	0	438	0
LFQ	90	0	0	0	0	0	0	0	0	0	0	0	0	67	0	0	0	0	0	0	0	0	0	51	0	0	0	0	30	0	0	0	0	66	0	0	0	0	110	0	0	0	430	0
LFQ	91	0	0	0	0	0	0	0	0	0	0	0	0	64	0	0	0	0	0	0	0	0	0	47	0	0	0	0	35	0	0	0	0	66	0	0	0	0	108	0	0	0	434	0
LFQ	92	0	0	0	0	0	0	0	0	0	0	0	0	66	0	0	0	0	0	0	0	0	0	52	0	0	0	0	33	0	0	0	0	55	0	0	0	0	109	0	0	0	439	0
LFQ	93	0	0	0	0	0	0	0	0	0	0	0	0	72	0	0	0	0	0	0	0	0	0	51	0	0	0	0	33	0	0	0	0	63	0	0	0	0	111	0	0	0	424	0
LFQ	94	0	0	1	0	0	0	0	0	0	0	0	0	62	0	0	0	0	0	0	0	0	0	42	0	0	0	0	44	0	0	0	0	61	0	0	0	0	109	0	0	0	435	0
LFQ	95	0	0	0	0	0	0	0	0	0	0	0	0	79	0	0	0	0	0	0	0	0	0	40	0	0	0	0	32	0	0	0	0	44	0	0	0	0	131	0	0	0	428	0
LFQ	96	0	0	0	0	0	0	0	0	0	0	0	0	80	0	0	0	0	0	0	0	0	0	56	0	0	0	0	34	0	0	0	0	59	0	0	0	0	120	0	0	0	405	0
LFQ	97	0	0	0	0	0	0	0	0	0	0	0	0	67	0	0	0	0	0	0	0	0	0	51	0	0	0	0	33	0	0	0	0	81	0	0	0	0	111	0	0	0	411	0
LFQ	98	0	0	0	0	0	0	0	0	0	0	0	0	78	0	0	0	0	0	0	0	0	0	52	0	0	0	0	26	0	0	0	0	50	0	0	0	0	111	0	0	0	437	0
LFQ	99	0	0	0	0	0	0	0	0	0	0	0	0	78	0	0	0	0	0	0	0	0	0	54	0	0	0	0	29	0	0	0	0	69	0	0	0	0	111	0	0	0	413	0
LFQ	100	0	0	0	0	0	0	0	0	0	0	0	0	79	0	0	0	0	0	0	0	0	0	54	0	0	0	0	43	0	0	0	0	65	0	0	0	0	125	0	0	0	388	0
LFQ	101	0	0	0	0	0	0	0	0	0	0	0	0	89	0	0	0	0	0	0	0	0	0	56	0	0	0	0	33	0	0	0	0	72	0	0	0	0	90	0	0	0	413	0
LFQ	102	0	0	0	0	0	0	0	0	0	0	0	0	77	0	0	0	0	0	0	0	0	0	47	0	0	0	0	32	0	0	0	0	75	0	0	0	0	97	0	0	0	425	0
LFQ	103	0	0	0	0	0	0	0	0	0	0	0	0	96	0	0	0	0	0	0	0	0	0	46	0	0	0	0	29	0	0	0	0	61	0	0	0	0	120	0	0	0	401	0
LFQ	104	0	0	0	0	0	0	0	0	0	0	0	0	83	0	0	0	0	0	0	0	0	0	53	0	0	0	0	28	0	0	0	0	60	0	0	0	0	113	0	0	0	416	0
LFQ	105	0	0	0	0	0	0	0	0	0	0	0	0	73	0	0	0	0	0	0	0	0	0	57	0	0	0	0	39	0	0	0	0	71	0	0	0	0	117	0	0	0	396	0
LFQ	106	0	0	1	0	0	0	0	0	0	0	0	0	77	0	0	0	0	0	0	0	0	0	49	0	0	0	0	33	0	0	0	0	66	0	0	0	0	134	0	0	0	391	0
LFQ	107	0	0	0	0	0	0	0	0	0	0	0	0	68	0	0	0	0	0	0	0	0	0	53	0	0	0	0	29	0	0	0	0	85	0	0	0	0	128	0	0	0	388	0
LFQ	108	0	0	0	0	0	0	0	0	0	0	0	0	81	0	0	0	0	0	0	0	0	0	58	0	0	0	0	38	0	0	0	0	60	0	0	0	0	155	0	0	0	359	0
LFQ	109	0	0	0	0	0	0	0	0	0	0	0	0	77	0	0	0	0	0	0	0	0	0	56	0	0	0	0	24	0	0	0	0	76	0	0	0	0	147	0	0	0	371	0
LFQ	110	0	0	3	0	0	0	0	0	0	0	0	0	79	0	0	0	0	0	0	0	0	0	63	0	0	0	0	29	0	0	0	0	70	0	0	0	0	150	0	0	0	355	0
LFQ	111	0	0	0	0	0	0	0	0	0	0	0	0	93	0	0	0	0	0	0	0	0	0	51	0	0	0	0	42	0	0	0	0	66	0	0	0	0	136	0	0	0	361	0
LFQ	112	0	0	0	0	0	0	0	0	0	0	0	0	82	0	0	0	0	0	0	0	0	0	60	0	0	0	0	41	0	0	0	0	51	0	0	0	0	166	0	0	0	348	0
LFQ	113	0	0	0	0	0	0	0	0	0	0	0	0	81	0	0	0	0	0	0	0	0	0	46	0	0	0	0	38	0	0	0	0	75	0	0	0	0	143	0	0	0	365	0
LFQ	114	0	0	0	0	0	0	0	0	0	0	0	0	89	0	0	0	0	0	0	0	0	0	43	0	0	0	0	37	0	0	0	0	54	0	0	0	0	159	0	0	0	364	0
LFQ	115	0	0	0	0	0	0	0	0	0	0	0	0	76	0	0	0	0	0	0	0	0	0	59	0	0	0	0	46	0	0	0	0	57	0	0	0	0	136	0	0	0	370	0
LFQ	116	0	0	0	0	0	0	0	0	0	0	0	0	94	0	0	0	0	0	0	0	0	0	41	0	0	0	0	30	0	0	0	0	73	0	0	0	0	165	0	0	0	341	0
LFQ	117	0	0	1	0	0	0	0	0	0	0	0	0	80	0	0	0	0	0	0	0	0	0	48	0	0	0	0	42	0	0	0	0	80	0	0	0	0	137	0	0	0	355	0
LFQ	118	0	0	0	0	0	0	0	0	0	0	0	0	91	0	0	0	0	0	0	0	0	0	58	0	0	0	0	40	0	0	0	0	49	0	0	0	0	148	0	0	0	356	0
LFQ	119	0	0	1	0	0	0	0	0	0	0	0	0	86	0	0	0	0	0	0	0	0	0	58	0	0	0	0	45	0	0	0	0	64	0	0	0	0	141	0	0	0	345	0
LFQ	120	0	0	0	0	0	0	0	0	0	0	0	0	93	0	0	0	0	0	0	0	0	0	54	0	0	0	0	53	0	0	0	0	69	0	0	0	0	150	0	0	0	319	0
LFQ	121	0	0	0	0	0	0	0	0	0	0	0	0	104	0	0	0	0	0	0	0	0	0	49	0	0	0	0	40	0	0	0	0	55	0	0	0	0	173	0	0	0	316	0
LFQ	122	0	0	0	0	0	0	0	0	0	0	0	0	107	0	0	0	0	0	0	0	0	0	39	0	0	0	0	53	0	0	0	0	66	0	0	0	0	142	0	0	0	329	0
LFQ	123	0	0	0	0	0	0	0	0	0	0	0	0	112	0	0	0	0	0	0	0	0	0	37	0	0	0	0	44	0	0	0	0	56	0	0	0	0	174	0	0	0	311	0
LFQ	124	0	0	1	0	0	0	0	0	4	0	0	0	108	0	0	0	0	0	0	0	0	0	41	0	0	0	0	40	0	0	0	0	66	0	0	0	0	152	0	0	0	322	0
LFQ	125	0	0	0	0	0	0	0	0	4	0	0	0	117	0	0	0	0	0	0	0	0	0	46	0	0	0	0	31	0	0	0	0	50	0	0	0	0	150	0	0	0	335	0
LFQ	126	0	0	0	0	0	0	0	0	11	0	0	0	104	0	0	0	0	0	0	0	0	0	49	0	0	0	0	52	0	0	0	0	72	0	0	0	0	144	0	0	0	301	0
LFQ	127	0	0	0	0	0	0	0	0	10	0	0	0	104	0	0	0	0	0	0	0	0	0	50	0	0	0	0	30	0	0	0	0	65	0	0	0	0	174	0	0	0	299	0
LFQ	128	0	0	0	0	0	0	0	0	6	0	0	0	92	0	0	0	0	0	0	0	0	0	45	0	0	0	0	43	0	0	0	0	62	0	0	0	0	167	0	0	0	315	0
LFQ	129	0	0	0	0	0	0	0	0	18	0	0	0	89	0	0	0	0	0	0	0	0	0	54	0	0	0	0	56	0	0	0	0	69	0	0	0	0	132	0	0	0	308	0
LFQ	130	0	0	0	0	0	0	0	0	33	0	0	0	73	0	0	0	0	0	0	0	0	0	42	0	0	0	0	48	0	0	0	0	86	0	0	0	0	161	0	0	0	283	0
LFQ	131	0	0	0	0	0	0	0	0	45	0	0	0	86	0	0	0	0	0	0	0	0	0	35	0	0	0	0	40	0	0	0	0	78	0	0	0	0	141	0	0	0	301	0
LFQ	132	0	0	0	0	0	0	0	0	38	0	0	0	73	0	0	0	0	0	0	0	0	0	61	0	0	0	0	46	0	0	0	0	74	0	0	0	0	141	0	0	0	292	0
LFQ	133	0	0	0	0	0	0	0	0	40	0	0	0	63	0	0	0	0	0	0	0	0	0	50	0	0	0	0	29	0	0	0	0	105	0	0	0	0	135	0	0	0	303	0
LFQ	134	0	0	0	0	0	0	0	0	62	0	0	0	47	0	0	0	0	0	0	0	0	0	41	0	0	0	0	46	0	0	0	0	110	0	0	0	0	133	0	0	0	283	0
LFQ	135	0	0	0	0	0	0	0	0	55	0	0	0	66	0	0	0	0	0	0	0	0	0	49	0	0	0	0	43	0	0	0	0	93	0	0	0	0	112	0	0	0	303	0
LFQ	136	0	0	0	0	0	0	0	0	50	0	0	0	66	0	0	0	0	0	0	0	0	0	54	0	0	0	0	43	0	0	0	0	84	0	0	0	0	134	0	0	0	290	0
LFQ	137	0	0	0	0	0	0	0	0	59	0	0	0	78	0	0	0	0	0	0	0	0	0	38	0	0	0	0	47	0	0	0	0	91	0	0	0	0	120	0	0	0	287	0
LFQ	138	0	0	0	0	0	0	0	0	50	0	0	0	73	0	0	0	0	0	0	0	0	0	37	0	0	0	0	46	0	0	0	0	107	0	0	0	0	129	0	0	0	276	0
LFQ	139	0	0	0	0	0	0	0	0	44	0	0	0	60	0	0	0	0	0	0	0	0	0	52	0	0	0	0	48	0	0	0	0	101	0	0	0	0	143	0	0	0	268	0
LFQ	140	0	0	0	0	0	0	0	0	43	0	0	0	77	0	0	0	0	0	0	0	0	0	55	0	0	0	0	53	0	0	0	0	95	0	0	0	0	134	0	0	0	255	0
LFQ	141	0	0	0	0	0	0	0	0	49	0	0	0	68	0	0	0	0	0	0	0	0	0	46	0	0	0	0	60	0	0	0	0	108	0	0	0	0	117	0	0	0	264	0
LFQ	142	0	0	0	0	0	0	0	0	51	0	0	0	84	0	0	0	0	0	0	0	0	0	50	0	0	0	0	62	0	0	0	0	100	0	0	0	0	98	0	0	0	265	0
LFQ	143	0	0	0	0	0	0	0	0	31	0	0	0	74	0	0	0	0	0	0	0	0	0	59	0	0	0	0	65	0	0	0	0	111	0	0	0	0	93	0	0	0	274	0
LFQ	144	0	0	0	0	0	0	0	0	52	0	0	0	67	0	0	0	0	0	0	0	0	0	53	0	0	0	0	65	0	0	0	0	94	0	0	0	0	120	0	0	0	254	0
LFQ	145	0	0	0	0	0	0	0	0	45	0	0	0	79	0	0	0	0	0	0	0	0	0	38	0	0	0	0	56	0	0	0	0	93	0	0	0	0	125	0	0	0	264	0
LFQ	146	0	0	1	0	0	0	0	0	43	0	0	0	73	0	0	0	0	0	0	0	0	0	57	0	0	0	0	53	0	0	0	0	81	0	0	0	0	121	0	0	0	265	0
LFQ	147	0	0	0	0	0	0	0	0	45	0	0	0	68	0	0	0	0	0	0	0	0	0	48	0	0	0	0	53	0	0	0	0	102	0	0	0	0	114	0	0	0	260	0
LFQ	148	0	0	0	0	0	0	0	0	35	0	0	0	74	0	0	0	0	0	0	0	0	0	52	0	0	0	0	64	0	0	0	0	97	0	0	0	0	112	0	0	0	249	0
LFQ	149	0	0	0	0	0	0	0	0	30	0	0	0	78	0	0	0	0	0	0	0	0	0	49	0	0	0	0	57	0	0	0	0	88	0	0	0	0	110	0	0	0	246	0
LFQ	150	0	0	0	0	0	0	0	0	19	0	0	0	45	0	0	0	0	0	0	0	0	0	53	0	0	0	0	76	0	0	0	0	103	0	0	0	0	111	0	0	0	219	0
LFQ	151	0	0	0	0	0	0	0	0	0	0	0	0	0	0	0	0	0	0	0	0	0	0	74	0	0	0	0	83	0	0	0	0	87	0	0	0	0	110	0	0	0	127	0
# GC Content of first fragments. Use `grep ^GCF | cut -f 2-` to extract this part.
GCF	0.25	2
GCF	1.51	1
GCF	3.02	0
GCF	4.02	1
GCF	7.29	0
GCF	10.30	1
GCF	14.82	0
GCF	19.35	1
GCF	20.35	0
GCF	22.11	1
GCF	23.37	0
GCF	23.87	1
GCF	25.13	0
GCF	26.38	4
GCF	26.88	5
GCF	27.39	4
GCF	27.89	1
GCF	28.39	0
GCF	29.15	1
GCF	30.15	0
GCF	31.16	1
GCF	31.91	3
GCF	32.41	4
GCF	33.17	3
GCF	33.92	5
GCF	34.92	4
GCF	35.93	5
GCF	36.43	7
GCF	37.19	2
GCF	37.94	14
GCF	38.44	4
GCF	39.20	3
GCF	39.95	2
GCF	40.45	8
GCF	41.21	9
GCF	41.96	8
GCF	42.46	11
GCF	42.96	6
GCF	43.47	9
GCF	43.97	10
GCF	44.47	6
GCF	44.97	12
GCF	45.73	8
GCF	46.48	17
GCF	46.98	7
GCF	47.49	4
GCF	47.99	6
GCF	48.49	3
GCF	48.99	6
GCF	49.50	15
GCF	50.00	17
GCF	50.75	13
GCF	51.51	8
GCF	52.01	7
GCF	52.51	8
GCF	53.02	3
GCF	53.52	9
GCF	54.02	6
GCF	54.52	10
GCF	55.03	4
GCF	55.53	2
GCF	56.03	6
GCF	56.53	5
GCF	57.04	10
GCF	58.04	16
GCF	59.05	14
GCF	59.55	21
GCF	60.05	17
GCF	60.55	20
GCF	61.06	28
GCF	61.56	30
GCF	62.06	29
GCF	62.56	32
GCF	63.07	30
GCF	63.57	20
GCF	64.07	23
GCF	64.57	26
GCF	65.08	25
GCF	65.58	13
GCF	66.08	21
GCF	66.58	19
GCF	67.09	22
GCF	67.59	23
GCF	68.09	13
GCF	68.59	15
GCF	69.10	14
GCF	69.85	10
GCF	70.60	11
GCF	71.11	12
GCF	72.11	5
GCF	73.12	6
GCF	73.62	1
GCF	74.12	2
GCF	74.62	5
GCF	75.13	6
GCF	75.63	2
GCF	76.13	4
GCF	76.88	1
GCF	77.64	0
GCF	78.14	3
GCF	78.89	0
GCF	79.65	1
GCF	80.15	3
GCF	81.41	0
GCF	82.91	1
GCF	83.67	0
GCF	84.17	1
GCF	85.68	0
GCF	87.19	1
GCF	88.69	0
GCF	90.20	1
GCF	91.71	0
GCF	93.47	1
# GC Content of last fragments. Use `grep ^GCL | cut -f 2-` to extract this part.
GCL	0.25	5
GCL	1.01	0
GCL	2.01	2
GCL	8.79	0
GCL	15.33	1
GCL	18.34	0
GCL	21.36	2
GCL	21.86	1
GCL	22.61	0
GCL	23.37	1
GCL	23.87	0
GCL	24.37	1
GCL	24.87	3
GCL	25.38	2
GCL	26.38	0
GCL	27.64	1
GCL	28.89	0
GCL	29.90	2
GCL	30.40	0
GCL	30.90	2
GCL	31.41	3
GCL	31.91	6
GCL	32.41	4
GCL	32.91	2
GCL	33.67	1
GCL	34.42	6
GCL	35.18	5
GCL	36.18	8
GCL	36.93	6
GCL	37.69	5
GCL	38.44	6
GCL	39.20	5
GCL	39.95	3
GCL	40.45	4
GCL	40.95	11
GCL	41.46	13
GCL	41.96	7
GCL	42.46	11
GCL	42.96	7
GCL	43.47	8
GCL	43.97	7
GCL	44.47	9
GCL	44.97	11
GCL	45.73	12
GCL	46.48	7
GCL	46.98	9
GCL	47.49	8
GCL	47.99	6
GCL	48.49	5
GCL	48.99	14
GCL	49.50	7
GCL	50.25	9
GCL	51.01	5
GCL	51.76	9
GCL	52.51	6
GCL	53.02	3
GCL	53.52	11
GCL	54.02	7
GCL	54.52	9
GCL	55.03	11
GCL	55.53	8
GCL	56.03	10
GCL	56.53	18
GCL	57.04	13
GCL	57.54	14
GCL	58.04	8
GCL	58.54	6
GCL	59.05	10
GCL	59.55	19
GCL	60.05	20
GCL	60.55	19
GCL	61.06	16
GCL	61.56	26
GCL	62.06	31
GCL	62.56	19
GCL	63.07	10
GCL	64.07	22
GCL	65.08	18
GCL	65.58	17
GCL	66.08	23
GCL	66.58	21
GCL	67.09	11
GCL	67.59	10
GCL	68.09	14
GCL	68.59	10
GCL	69.10	15
GCL	69.60	14
GCL	70.35	16
GCL	71.11	8
GCL	71.61	9
GCL	72.11	10
GCL	72.86	6
GCL	73.62	7
GCL	74.12	10
GCL	74.62	6
GCL	75.13	3
GCL	75.63	7
GCL	76.13	0
GCL	76.63	3
GCL	77.14	7
GCL	77.89	6
GCL	78.64	3
GCL	79.15	2
GCL	79.90	5
GCL	80.90	3
GCL	81.66	1
GCL	82.16	0
GCL	82.66	2
GCL	83.17	4
GCL	83.92	1
GCL	84.92	0
GCL	85.68	1
GCL	86.18	0
GCL	86.68	1
GCL	87.44	4
GCL	88.19	1
GCL	88.69	2
GCL	89.20	1
GCL	89.70	2
GCL	90.70	1
GCL	92.21	0
GCL	93.47	1
GCL	95.98	0
GCL	98.24	1
# ACGT content per cycle. Use `grep ^GCC | cut -f 2-` to extract this part. The columns are: cycle; A,C,G,T base counts as a percentage of all A/C/G/T bases [%]; and N and O counts as a percentage of all A/C/G/T bases [%]
GCC	1	17.37	31.72	39.30	11.60	1.14	0.00
GCC	2	21.35	27.25	28.58	22.81	0.00	0.00
GCC	3	23.01	32.03	24.73	20.23	0.00	0.00
GCC	4	24.67	28.25	27.92	19.16	0.00	0.00
GCC	5	23.67	28.51	28.98	18.83	0.00	0.00
GCC	6	26.26	25.73	27.65	20.36	0.00	0.00
GCC	7	20.49	27.65	28.71	23.14	0.00	0.00
GCC	8	21.95	28.78	27.52	21.75	0.00	0.00
GCC	9	21.50	27.87	26.54	24.09	0.07	0.00
GCC	10	26.92	24.93	26.59	21.55	0.00	0.00
GCC	11	21.02	32.03	26.53	20.42	0.00	0.00
GCC	12	21.04	27.74	29.73	21.50	0.07	0.00
GCC	13	22.02	28.71	29.58	19.69	0.00	0.00
GCC	14	20.76	27.72	28.32	23.21	0.00	0.00
GCC	15	21.29	30.64	28.78	19.30	0.00	0.00
GCC	16	21.42	28.91	28.05	21.62	0.00	0.00
GCC	17	20.95	27.39	30.97	20.69	0.00	0.00
GCC	18	20.62	26.86	29.11	23.41	0.00	0.00
GCC	19	21.88	27.06	27.92	23.14	0.00	0.00
GCC	20	22.21	27.52	31.50	18.77	0.00	0.00
GCC	21	20.42	29.91	27.32	22.35	0.00	0.00
GCC	22	24.22	27.94	28.60	19.24	0.07	0.00
GCC	23	21.22	29.24	27.45	22.08	0.00	0.00
GCC	24	22.02	28.12	30.31	19.56	0.00	0.00
GCC	25	21.83	29.60	27.07	21.50	0.07	0.00
GCC	26	23.08	26.53	28.51	21.88	0.00	0.00
GCC	27	22.98	26.45	27.91	22.65	0.47	0.00
GCC	28	23.44	28.75	24.77	23.04	0.13	0.00
GCC	29	24.82	29.46	28.00	17.72	0.07	0.00
GCC	30	22.02	29.91	26.72	21.35	0.00	0.00
GCC	31	23.01	28.32	29.58	19.10	0.00	0.00
GCC	32	24.42	25.55	28.87	21.17	0.07	0.00
GCC	33	22.35	28.98	28.38	20.29	0.00	0.00
GCC	34	21.42	28.98	27.98	21.62	0.00	0.00
GCC	35	23.14	26.99	29.31	20.56	0.00	0.00
GCC	36	25.35	27.67	25.61	21.37	0.07	0.00
GCC	37	22.35	28.32	30.11	19.23	0.00	0.00
GCC	38	21.77	27.01	29.86	21.37	0.07	0.00
GCC	39	24.09	29.66	27.60	18.65	0.07	0.00
GCC	40	21.70	26.21	28.47	23.62	0.07	0.00
GCC	41	24.47	25.80	27.52	22.21	0.00	0.00
GCC	42	23.49	26.14	26.74	23.62	0.07	0.00
GCC	43	23.54	25.99	29.11	21.35	0.00	0.00
GCC	44	21.71	28.29	30.41	19.59	0.13	0.00
GCC	45	23.61	28.51	27.06	20.82	0.00	0.00
GCC	46	23.99	26.31	29.63	20.07	0.20	0.00
GCC	47	22.24	29.48	28.29	19.99	0.13	0.00
GCC	48	23.84	25.17	27.89	23.11	0.13	0.00
GCC	49	20.29	30.24	29.77	19.69	0.00	0.00
GCC	50	22.94	28.78	25.99	22.28	0.00	0.00
GCC	51	21.95	28.25	30.97	18.83	0.00	0.00
GCC	52	22.84	27.56	29.55	20.05	0.13	0.00
GCC	53	21.22	27.98	29.58	21.22	0.00	0.00
GCC	54	20.89	27.25	29.64	22.21	0.00	0.00
GCC	55	20.56	29.58	28.85	21.02	0.00	0.00
GCC	56	22.35	29.44	28.45	19.76	0.00	0.00
GCC	57	22.55	28.18	28.65	20.62	0.00	0.00
GCC	58	22.75	29.71	27.06	20.49	0.00	0.00
GCC	59	22.41	30.17	28.12	19.30	0.00	0.00
GCC	60	21.63	28.40	27.54	22.43	0.07	0.00
GCC	61	23.74	28.45	30.84	16.98	0.00	0.00
GCC	62	23.01	28.58	28.78	19.63	0.00	0.00
GCC	63	20.82	30.17	28.78	20.23	0.00	0.00
GCC	64	23.47	26.53	30.44	19.56	0.00	0.00
GCC	65	21.29	27.85	30.90	19.96	0.00	0.00
GCC	66	23.41	27.59	27.92	21.09	0.00	0.00
GCC	67	21.95	29.71	29.58	18.77	0.00	0.00
GCC	68	22.41	26.72	29.97	20.89	0.00	0.00
GCC	69	22.68	27.92	29.51	19.89	0.00	0.00
GCC	70	24.27	27.72	28.05	19.96	0.00	0.00
GCC	71	21.35	28.78	28.32	21.55	0.00	0.00
GCC	72	22.08	27.32	29.58	21.02	0.00	0.00
GCC	73	19.83	30.64	29.24	20.29	0.00	0.00
GCC	74	24.07	26.99	28.71	20.23	0.00	0.00
GCC	75	22.21	27.52	29.31	20.95	0.00	0.00
GCC	76	22.28	28.25	26.92	22.55	0.00	0.00
GCC	77	19.36	29.24	31.63	19.76	0.00	0.00
GCC	78	23.34	27.19	28.38	21.09	0.00	0.00
GCC	79	20.16	28.18	29.51	22.15	0.00	0.00
GCC	80	22.21	28.91	28.38	20.49	0.00	0.00
GCC	81	22.75	28.12	29.44	19.69	0.00	0.00
GCC	82	22.02	28.51	28.85	20.62	0.00	0.00
GCC	83	22.02	30.37	29.18	18.44	0.00	0.00
GCC	84	20.76	28.58	29.31	21.35	0.00	0.00
GCC	85	20.62	26.79	30.24	22.35	0.00	0.00
GCC	86	23.01	28.32	29.05	19.63	0.00	0.00
GCC	87	23.94	26.66	30.24	19.16	0.00	0.00
GCC	88	20.76	30.97	28.58	19.69	0.00	0.00
GCC	89	23.54	26.06	30.17	20.23	0.00	0.00
GCC	90	24.01	28.71	28.25	19.03	0.00	0.00
GCC	91	21.09	28.25	29.38	21.29	0.00	0.00
GCC	92	21.55	29.38	28.71	20.36	0.00	0.00
GCC	93	23.28	27.45	29.18	20.09	0.00	0.00
GCC	94	20.17	27.14	29.53	23.16	0.07	0.00
GCC	95	20.62	30.37	27.72	21.29	0.00	0.00
GCC	96	24.47	28.05	28.78	18.70	0.00	0.00
GCC	97	22.61	30.24	28.12	19.03	0.00	0.00
GCC	98	22.48	27.72	29.84	19.96	0.00	0.00
GCC	99	21.35	26.99	29.84	21.82	0.00	0.00
GCC	100	20.95	27.98	28.51	22.55	0.00	0.00
GCC	101	22.36	27.80	28.67	21.17	0.00	0.00
GCC	102	22.83	28.00	28.20	20.97	0.00	0.00
GCC	103	21.17	25.61	30.72	22.50	0.00	0.00
GCC	104	21.04	29.73	27.87	21.37	0.00	0.00
GCC	105	20.31	30.06	29.60	20.04	0.00	0.00
GCC	106	20.08	27.39	29.19	23.34	0.07	0.00
GCC	107	20.47	26.91	30.30	22.33	0.00	0.00
GCC	108	23.79	26.11	27.18	22.92	0.00	0.00
GCC	109	21.33	29.63	28.44	20.60	0.00	0.00
GCC	110	23.07	27.20	27.27	22.47	0.20	0.00
GCC	111	21.37	29.09	27.70	21.84	0.00	0.00
GCC	112	21.39	27.25	30.31	21.05	0.00	0.00
GCC	113	19.32	29.05	30.45	21.19	0.00	0.00
GCC	114	22.01	28.62	28.22	21.15	0.00	0.00
GCC	115	20.44	30.33	28.39	20.84	0.00	0.00
GCC	116	21.71	28.66	29.33	20.31	0.00	0.00
GCC	117	23.75	25.42	28.83	22.01	0.07	0.00
GCC	118	21.00	29.57	26.56	22.88	0.00	0.00
GCC	119	21.58	27.82	28.75	21.85	0.07	0.00
GCC	120	23.61	27.36	27.57	21.46	0.00	0.00
GCC	121	22.28	30.67	27.25	19.80	0.00	0.00
GCC	122	22.10	26.19	30.29	21.42	0.00	0.00
GCC	123	23.34	27.30	27.10	22.26	0.00	0.00
GCC	124	22.01	27.79	29.61	20.59	0.07	0.00
GCC	125	21.47	28.80	28.06	21.67	0.00	0.00
GCC	126	24.76	27.05	27.12	21.06	0.00	0.00
GCC	127	22.22	26.33	30.71	20.74	0.00	0.00
GCC	128	26.23	26.30	26.23	21.24	0.00	0.00
GCC	129	22.72	29.82	27.11	20.35	0.00	0.00
GCC	130	23.26	27.52	28.60	20.62	0.00	0.00
GCC	131	20.55	27.99	30.43	21.03	0.00	0.00
GCC	132	21.65	26.05	31.39	20.91	0.00	0.00
GCC	133	21.31	30.04	30.58	18.06	0.00	0.00
GCC	134	20.61	26.78	31.66	20.95	0.00	0.00
GCC	135	21.30	28.63	27.54	22.52	0.00	0.00
GCC	136	23.74	28.77	26.87	20.62	0.00	0.00
GCC	137	22.43	29.50	28.48	19.58	0.00	0.00
GCC	138	24.37	26.62	27.77	21.24	0.00	0.00
GCC	139	22.09	29.58	28.49	19.84	0.00	0.00
GCC	140	22.60	24.32	29.93	23.15	0.00	0.00
GCC	141	21.71	30.27	27.19	20.82	0.00	0.00
GCC	142	22.77	29.70	25.45	22.09	0.00	0.00
GCC	143	22.15	30.40	26.89	20.56	0.00	0.00
GCC	144	23.59	26.00	29.52	20.90	0.00	0.00
GCC	145	19.28	26.70	30.51	23.51	0.00	0.00
GCC	146	24.20	27.75	29.64	18.41	0.14	0.00
GCC	147	24.02	26.82	27.80	21.36	0.00	0.00
GCC	148	21.19	28.60	29.03	21.19	0.00	0.00
GCC	149	21.61	28.21	29.37	20.81	0.00	0.00
GCC	150	21.75	29.12	28.74	20.39	0.00	0.00
GCC	151	19.89	31.32	31.41	17.37	0.00	0.00
# ACGT content per cycle, read oriented. Use `grep ^GCT | cut -f 2-` to extract this part. The columns are: cycle; A,C,G,T base counts as a percentage of all A/C/G/T bases [%]
GCT	1	17.37	31.59	39.44	11.60
GCT	2	21.49	27.25	28.58	22.68
GCT	3	22.94	31.96	24.80	20.29
GCT	4	24.54	28.25	27.92	19.30
GCT	5	23.67	28.65	28.85	18.83
GCT	6	26.39	25.73	27.65	20.23
GCT	7	20.56	27.59	28.78	23.08
GCT	8	21.88	28.71	27.59	21.82
GCT	9	21.37	27.87	26.54	24.22
GCT	10	26.92	24.93	26.59	21.55
GCT	11	21.02	32.03	26.53	20.42
GCT	12	21.04	27.74	29.73	21.50
GCT	13	22.02	28.58	29.71	19.69
GCT	14	20.76	27.72	28.32	23.21
GCT	15	21.22	30.70	28.71	19.36
GCT	16	21.49	28.85	28.12	21.55
GCT	17	20.95	27.39	30.97	20.69
GCT	18	20.69	26.79	29.18	23.34
GCT	19	21.88	27.06	27.92	23.14
GCT	20	22.21	27.52	31.50	18.77
GCT	21	20.42	29.91	27.32	22.35
GCT	22	24.29	28.00	28.53	19.18
GCT	23	21.22	29.38	27.32	22.08
GCT	24	22.02	28.12	30.31	19.56
GCT	25	21.90	29.53	27.14	21.43
GCT	26	23.08	26.66	28.38	21.88
GCT	27	22.92	26.38	27.98	22.72
GCT	28	23.57	28.75	24.77	22.91
GCT	29	24.82	29.60	27.87	17.72
GCT	30	22.15	29.91	26.72	21.22
GCT	31	23.08	28.38	29.51	19.03
GCT	32	24.42	25.55	28.87	21.17
GCT	33	22.48	28.98	28.38	20.16
GCT	34	21.49	29.05	27.92	21.55
GCT	35	23.21	27.06	29.24	20.49
GCT	36	25.35	27.67	25.61	21.37
GCT	37	22.35	28.32	30.11	19.23
GCT	38	21.83	27.07	29.79	21.30
GCT	39	23.95	29.66	27.60	18.78
GCT	40	21.77	26.14	28.53	23.56
GCT	41	24.47	25.80	27.52	22.21
GCT	42	23.56	26.08	26.81	23.56
GCT	43	23.47	25.93	29.18	21.42
GCT	44	21.65	28.22	30.48	19.65
GCT	45	23.47	28.51	27.06	20.95
GCT	46	23.99	26.18	29.77	20.07
GCT	47	22.31	29.55	28.22	19.92
GCT	48	23.84	25.17	27.89	23.11
GCT	49	20.36	30.17	29.84	19.63
GCT	50	22.81	28.78	25.99	22.41
GCT	51	21.95	28.25	30.97	18.83
GCT	52	22.84	27.42	29.68	20.05
GCT	53	21.22	27.98	29.58	21.22
GCT	54	20.95	27.32	29.58	22.15
GCT	55	20.49	29.51	28.91	21.09
GCT	56	22.28	29.51	28.38	19.83
GCT	57	22.61	28.12	28.71	20.56
GCT	58	22.75	29.71	27.06	20.49
GCT	59	22.35	30.11	28.18	19.36
GCT	60	21.63	28.40	27.54	22.43
GCT	61	23.81	28.51	30.77	16.91
GCT	62	23.08	28.51	28.85	19.56
GCT	63	20.82	30.17	28.78	20.23
GCT	64	23.54	26.59	30.37	19.50
GCT	65	21.29	27.85	30.90	19.96
GCT	66	23.54	27.59	27.92	20.95
GCT	67	21.95	29.71	29.58	18.77
GCT	68	22.48	26.79	29.91	20.82
GCT	69	22.55	27.92	29.51	20.03
GCT	70	24.27	27.72	28.05	19.96
GCT	71	21.35	28.91	28.18	21.55
GCT	72	22.15	27.25	29.64	20.95
GCT	73	19.83	30.64	29.24	20.29
GCT	74	24.07	27.12	28.58	20.23
GCT	75	22.15	27.45	29.38	21.02
GCT	76	22.28	28.25	26.92	22.55
GCT	77	19.36	29.24	31.63	19.76
GCT	78	23.34	27.06	28.51	21.09
GCT	79	20.23	28.12	29.58	22.08
GCT	80	22.08	28.91	28.38	20.62
GCT	81	22.75	28.12	29.44	19.69
GCT	82	21.95	28.45	28.91	20.69
GCT	83	22.02	30.37	29.18	18.44
GCT	84	20.89	28.58	29.31	21.22
GCT	85	20.56	26.86	30.17	22.41
GCT	86	22.94	28.38	28.98	19.69
GCT	87	23.81	26.66	30.24	19.30
GCT	88	20.89	30.97	28.58	19.56
GCT	89	23.47	26.13	30.11	20.29
GCT	90	24.01	28.71	28.25	19.03
GCT	91	21.22	28.25	29.38	21.15
GCT	92	21.62	29.44	28.65	20.29
GCT	93	23.21	27.39	29.24	20.16
GCT	94	20.11	27.21	29.46	23.22
GCT	95	20.76	30.37	27.72	21.15
GCT	96	24.60	28.05	28.78	18.57
GCT	97	22.61	30.24	28.12	19.03
GCT	98	22.48	27.72	29.84	19.96
GCT	99	21.29	26.92	29.91	21.88
GCT	100	21.02	27.92	28.58	22.48
GCT	101	22.23	27.80	28.67	21.30
GCT	102	22.69	28.00	28.20	21.10
GCT	103	21.10	25.55	30.79	22.56
GCT	104	21.10	29.79	27.80	21.30
GCT	105	20.44	30.06	29.60	19.91
GCT	106	20.21	27.39	29.19	23.20
GCT	107	20.47	26.91	30.30	22.33
GCT	108	23.79	26.11	27.18	22.92
GCT	109	21.33	29.63	28.44	20.60
GCT	110	23.00	27.27	27.20	22.53
GCT	111	21.44	29.16	27.63	21.77
GCT	112	21.39	27.25	30.31	21.05
GCT	113	19.39	29.11	30.38	21.12
GCT	114	22.15	28.62	28.22	21.01
GCT	115	20.44	30.33	28.39	20.84
GCT	116	21.64	28.72	29.26	20.37
GCT	117	23.68	25.48	28.76	22.07
GCT	118	21.00	29.43	26.69	22.88
GCT	119	21.65	27.88	28.69	21.78
GCT	120	23.54	27.43	27.50	21.53
GCT	121	22.15	30.67	27.25	19.93
GCT	122	22.03	26.26	30.22	21.49
GCT	123	23.40	27.37	27.03	22.19
GCT	124	21.94	27.86	29.54	20.66
GCT	125	21.47	28.80	28.06	21.67
GCT	126	24.90	27.05	27.12	20.93
GCT	127	22.22	26.33	30.71	20.74
GCT	128	26.37	26.30	26.23	21.11
GCT	129	22.85	29.82	27.11	20.22
GCT	130	23.39	27.52	28.60	20.49
GCT	131	20.55	28.13	30.29	21.03
GCT	132	21.79	26.05	31.39	20.77
GCT	133	21.31	30.04	30.58	18.06
GCT	134	20.54	26.85	31.59	21.02
GCT	135	21.37	28.56	27.61	22.46
GCT	136	23.88	28.77	26.87	20.49
GCT	137	22.50	29.57	28.42	19.51
GCT	138	24.51	26.62	27.77	21.10
GCT	139	22.02	29.52	28.56	19.90
GCT	140	22.67	24.38	29.86	23.08
GCT	141	21.58	30.27	27.19	20.96
GCT	142	22.70	29.63	25.51	22.15
GCT	143	22.08	30.33	26.96	20.63
GCT	144	23.52	26.07	29.45	20.97
GCT	145	19.21	26.63	30.58	23.58
GCT	146	24.06	27.75	29.64	18.55
GCT	147	23.95	26.89	27.73	21.43
GCT	148	21.26	28.67	28.95	21.12
GCT	149	21.75	28.21	29.37	20.67
GCT	150	21.75	29.12	28.74	20.39
GCT	151	19.98	31.41	31.32	17.28
# ACGT content per cycle for first fragments. Use `grep ^FBC | cut -f 2-` to extract this part. The columns are: cycle; A,C,G,T base counts as a percentage of all A/C/G/T bases [%]; and N and O counts as a percentage of all A/C/G/T bases [%]
FBC	1	16.67	33.60	37.87	11.87	0.53	0.00
FBC	2	21.35	26.26	30.11	22.28	0.00	0.00
FBC	3	24.14	31.96	22.02	21.88	0.00	0.00
FBC	4	24.40	27.19	32.23	16.18	0.00	0.00
FBC	5	24.80	27.45	28.25	19.50	0.00	0.00
FBC	6	24.27	26.39	30.11	19.23	0.00	0.00
FBC	7	19.76	28.12	28.12	24.01	0.00	0.00
FBC	8	21.88	28.51	27.19	22.41	0.00	0.00
FBC	9	19.63	29.44	27.32	23.61	0.00	0.00
FBC	10	27.72	25.07	25.99	21.22	0.00	0.00
FBC	11	20.56	29.84	27.98	21.62	0.00	0.00
FBC	12	20.82	28.38	28.91	21.88	0.00	0.00
FBC	13	21.09	28.25	31.30	19.36	0.00	0.00
FBC	14	22.55	25.20	29.58	22.68	0.00	0.00
FBC	15	20.56	29.97	29.44	20.03	0.00	0.00
FBC	16	21.35	27.32	29.05	22.28	0.00	0.00
FBC	17	20.42	26.13	32.49	20.95	0.00	0.00
FBC	18	21.75	25.99	28.25	24.01	0.00	0.00
FBC	19	23.34	27.06	27.59	22.02	0.00	0.00
FBC	20	23.08	27.06	32.23	17.64	0.00	0.00
FBC	21	18.17	30.11	28.25	23.47	0.00	0.00
FBC	22	25.60	25.86	28.12	20.42	0.00	0.00
FBC	23	20.29	29.44	27.45	22.81	0.00	0.00
FBC	24	22.28	28.38	30.37	18.97	0.00	0.00
FBC	25	23.47	28.51	26.53	21.49	0.00	0.00
FBC	26	24.27	27.32	28.78	19.63	0.00	0.00
FBC	27	22.18	23.64	28.29	25.90	0.13	0.00
FBC	28	22.61	30.59	24.47	22.34	0.27	0.00
FBC	29	24.44	29.88	28.29	17.40	0.13	0.00
FBC	30	23.08	32.49	22.94	21.49	0.00	0.00
FBC	31	21.22	27.19	29.97	21.62	0.00	0.00
FBC	32	23.47	23.87	30.37	22.28	0.00	0.00
FBC	33	22.02	27.72	28.12	22.15	0.00	0.00
FBC	34	22.81	29.58	26.92	20.69	0.00	0.00
FBC	35	22.41	25.07	29.71	22.81	0.00	0.00
FBC	36	24.57	28.42	24.70	22.31	0.13	0.00
FBC	37	22.15	28.65	28.51	20.69	0.00	0.00
FBC	38	22.28	25.86	30.37	21.49	0.00	0.00
FBC	39	23.11	29.08	28.42	19.39	0.13	0.00
FBC	40	21.12	25.50	28.82	24.57	0.13	0.00
FBC	41	26.53	23.34	27.72	22.41	0.00	0.00
FBC	42	22.81	26.92	25.99	24.27	0.00	0.00
FBC	43	23.61	24.93	28.12	23.34	0.00	0.00
FBC	44	21.68	25.93	31.25	21.14	0.27	0.00
FBC	45	24.14	27.72	26.92	21.22	0.00	0.00
FBC	46	22.07	26.20	30.72	21.01	0.27	0.00
FBC	47	22.07	28.86	28.72	20.35	0.27	0.00
FBC	48	22.31	25.50	26.03	26.16	0.13	0.00
FBC	49	18.44	31.30	28.25	22.02	0.00	0.00
FBC	50	24.27	28.38	26.39	20.95	0.00	0.00
FBC	51	22.81	28.12	28.78	20.29	0.00	0.00
FBC	52	22.68	27.19	31.83	18.30	0.00	0.00
FBC	53	20.82	27.45	30.24	21.49	0.00	0.00
FBC	54	21.22	27.72	27.59	23.47	0.00	0.00
FBC	55	21.35	29.97	27.06	21.62	0.00	0.00
FBC	56	22.68	29.18	27.98	20.16	0.00	0.00
FBC	57	20.56	28.25	28.65	22.55	0.00	0.00
FBC	58	21.88	30.77	25.20	22.15	0.00	0.00
FBC	59	22.28	30.77	27.59	19.36	0.00	0.00
FBC	60	21.22	28.51	25.07	25.20	0.00	0.00
FBC	61	23.47	27.19	30.64	18.70	0.00	0.00
FBC	62	24.67	27.45	29.84	18.04	0.00	0.00
FBC	63	19.89	29.84	29.71	20.56	0.00	0.00
FBC	64	23.47	27.72	28.38	20.42	0.00	0.00
FBC	65	21.35	27.45	29.44	21.75	0.00	0.00
FBC	66	24.67	26.13	26.39	22.81	0.00	0.00
FBC	67	20.42	30.90	28.65	20.03	0.00	0.00
FBC	68	24.14	26.13	29.31	20.42	0.00	0.00
FBC	69	22.94	27.45	26.79	22.81	0.00	0.00
FBC	70	26.13	26.39	27.32	20.16	0.00	0.00
FBC	71	21.62	27.98	27.98	22.41	0.00	0.00
FBC	72	22.68	29.18	25.73	22.41	0.00	0.00
FBC	73	18.17	29.97	28.25	23.61	0.00	0.00
FBC	74	22.81	26.92	28.91	21.35	0.00	0.00
FBC	75	19.89	27.98	31.70	20.42	0.00	0.00
FBC	76	21.88	29.18	25.46	23.47	0.00	0.00
FBC	77	19.76	29.44	30.37	20.42	0.00	0.00
FBC	78	22.15	25.99	28.91	22.94	0.00	0.00
FBC	79	19.23	30.11	28.65	22.02	0.00	0.00
FBC	80	19.89	29.44	29.18	21.49	0.00	0.00
FBC	81	22.81	29.31	28.12	19.76	0.00	0.00
FBC	82	22.68	28.51	26.39	22.41	0.00	0.00
FBC	83	20.69	29.31	29.44	20.56	0.00	0.00
FBC	84	21.09	27.45	28.51	22.94	0.00	0.00
FBC	85	19.63	23.61	33.29	23.47	0.00	0.00
FBC	86	23.47	27.32	28.91	20.29	0.00	0.00
FBC	87	23.47	27.06	31.03	18.44	0.00	0.00
FBC	88	22.41	30.77	27.19	19.63	0.00	0.00
FBC	89	25.20	26.13	27.32	21.35	0.00	0.00
FBC	90	23.74	28.38	30.11	17.77	0.00	0.00
FBC	91	19.76	29.31	29.05	21.88	0.00	0.00
FBC	92	21.49	29.18	27.19	22.15	0.00	0.00
FBC	93	23.74	26.39	30.24	19.63	0.00	0.00
FBC	94	21.09	27.45	27.85	23.61	0.00	0.00
FBC	95	19.50	30.90	26.26	23.34	0.00	0.00
FBC	96	25.86	28.25	26.66	19.23	0.00	0.00
FBC	97	20.82	29.71	28.51	20.95	0.00	0.00
FBC	98	24.27	24.80	28.65	22.28	0.00	0.00
FBC	99	19.89	28.91	28.12	23.08	0.00	0.00
FBC	100	21.22	27.72	28.38	22.68	0.00	0.00
FBC	101	22.68	28.78	29.05	19.50	0.00	0.00
FBC	102	22.41	29.31	27.32	20.95	0.00	0.00
FBC	103	19.89	25.33	31.96	22.81	0.00	0.00
FBC	104	23.34	27.98	25.46	23.21	0.00	0.00
FBC	105	20.56	30.37	28.91	20.16	0.00	0.00
FBC	106	18.97	25.99	30.77	24.27	0.00	0.00
FBC	107	21.35	28.78	26.66	23.21	0.00	0.00
FBC	108	24.80	24.80	27.32	23.08	0.00	0.00
FBC	109	20.69	28.38	28.51	22.41	0.00	0.00
FBC	110	22.94	27.98	26.53	22.55	0.00	0.00
FBC	111	20.19	29.48	27.09	23.24	0.00	0.00
FBC	112	20.58	26.43	30.68	22.31	0.00	0.00
FBC	113	20.19	28.15	28.55	23.11	0.00	0.00
FBC	114	23.51	28.82	26.69	20.98	0.00	0.00
FBC	115	20.72	30.68	26.69	21.91	0.00	0.00
FBC	116	21.65	27.36	29.88	21.12	0.00	0.00
FBC	117	26.43	24.70	25.63	23.24	0.00	0.00
FBC	118	20.72	29.48	26.69	23.11	0.00	0.00
FBC	119	20.85	28.15	27.62	23.37	0.00	0.00
FBC	120	22.44	29.75	25.63	22.18	0.00	0.00
FBC	121	21.65	32.67	26.03	19.65	0.00	0.00
FBC	122	23.90	27.76	28.02	20.32	0.00	0.00
FBC	123	23.37	27.36	25.90	23.37	0.00	0.00
FBC	124	22.84	27.09	29.88	20.19	0.00	0.00
FBC	125	22.18	27.89	26.43	23.51	0.00	0.00
FBC	126	22.71	27.49	28.82	20.98	0.00	0.00
FBC	127	22.18	27.76	29.35	20.72	0.00	0.00
FBC	128	27.09	24.83	25.90	22.18	0.00	0.00
FBC	129	21.12	28.29	27.36	23.24	0.00	0.00
FBC	130	25.37	26.83	27.36	20.45	0.00	0.00
FBC	131	18.19	27.76	32.40	21.65	0.00	0.00
FBC	132	20.72	27.89	30.28	21.12	0.00	0.00
FBC	133	21.65	30.81	29.75	17.80	0.00	0.00
FBC	134	21.25	27.22	32.67	18.86	0.00	0.00
FBC	135	21.51	26.69	28.42	23.37	0.00	0.00
FBC	136	24.30	27.09	26.56	22.05	0.00	0.00
FBC	137	22.90	29.69	26.10	21.30	0.00	0.00
FBC	138	24.90	24.90	28.23	21.97	0.00	0.00
FBC	139	20.37	30.23	28.50	20.91	0.00	0.00
FBC	140	22.59	23.40	29.55	24.47	0.00	0.00
FBC	141	20.32	29.81	25.80	24.06	0.00	0.00
FBC	142	22.19	29.95	24.73	23.13	0.00	0.00
FBC	143	22.09	29.99	26.64	21.29	0.00	0.00
FBC	144	22.15	26.71	28.46	22.68	0.00	0.00
FBC	145	17.39	25.88	31.40	25.34	0.00	0.00
FBC	146	24.16	26.72	29.69	19.43	0.13	0.00
FBC	147	22.90	26.56	27.51	23.04	0.00	0.00
FBC	148	20.33	28.51	28.10	23.06	0.00	0.00
FBC	149	20.25	28.29	29.26	22.19	0.00	0.00
FBC	150	21.48	28.45	29.45	20.63	0.00	0.00
FBC	151	18.89	32.38	29.84	18.89	0.00	0.00
# ACGT raw counters for first fragments. Use `grep ^FTC | cut -f 2-` to extract this part. The columns are: A,C,G,T,N base counters
FTC	25088	31746	32200	24463	19
# ACGT content per cycle for last fragments. Use `grep ^LBC | cut -f 2-` to extract this part. The columns are: cycle; A,C,G,T base counts as a percentage of all A/C/G/T bases [%]; and N and O counts as a percentage of all A/C/G/T bases [%]
LBC	1	18.08	29.82	40.76	11.34	1.75	0.00
LBC	2	21.35	28.25	27.06	23.34	0.00	0.00
LBC	3	21.88	32.10	27.45	18.57	0.00	0.00
LBC	4	24.93	29.31	23.61	22.15	0.00	0.00
LBC	5	22.55	29.58	29.71	18.17	0.00	0.00
LBC	6	28.25	25.07	25.20	21.49	0.00	0.00
LBC	7	21.22	27.19	29.31	22.28	0.00	0.00
LBC	8	22.02	29.05	27.85	21.09	0.00	0.00
LBC	9	23.37	26.29	25.76	24.57	0.13	0.00
LBC	10	26.13	24.80	27.19	21.88	0.00	0.00
LBC	11	21.49	34.22	25.07	19.23	0.00	0.00
LBC	12	21.25	27.09	30.54	21.12	0.13	0.00
LBC	13	22.94	29.18	27.85	20.03	0.00	0.00
LBC	14	18.97	30.24	27.06	23.74	0.00	0.00
LBC	15	22.02	31.30	28.12	18.57	0.00	0.00
LBC	16	21.49	30.50	27.06	20.95	0.00	0.00
LBC	17	21.49	28.65	29.44	20.42	0.00	0.00
LBC	18	19.50	27.72	29.97	22.81	0.00	0.00
LBC	19	20.42	27.06	28.25	24.27	0.00	0.00
LBC	20	21.35	27.98	30.77	19.89	0.00	0.00
LBC	21	22.68	29.71	26.39	21.22	0.00	0.00
LBC	22	22.84	30.01	29.08	18.06	0.13	0.00
LBC	23	22.15	29.05	27.45	21.35	0.00	0.00
LBC	24	21.75	27.85	30.24	20.16	0.00	0.00
LBC	25	20.19	30.68	27.62	21.51	0.13	0.00
LBC	26	21.88	25.73	28.25	24.14	0.00	0.00
LBC	27	23.80	29.28	27.54	19.39	0.80	0.00
LBC	28	24.27	26.92	25.07	23.74	0.00	0.00
LBC	29	25.20	29.05	27.72	18.04	0.00	0.00
LBC	30	20.95	27.32	30.50	21.22	0.00	0.00
LBC	31	24.80	29.44	29.18	16.58	0.00	0.00
LBC	32	25.37	27.22	27.36	20.05	0.13	0.00
LBC	33	22.68	30.24	28.65	18.44	0.00	0.00
LBC	34	20.03	28.38	29.05	22.55	0.00	0.00
LBC	35	23.87	28.91	28.91	18.30	0.00	0.00
LBC	36	26.13	26.92	26.53	20.42	0.00	0.00
LBC	37	22.55	27.98	31.70	17.77	0.00	0.00
LBC	38	21.25	28.15	29.35	21.25	0.13	0.00
LBC	39	25.07	30.24	26.79	17.90	0.00	0.00
LBC	40	22.28	26.92	28.12	22.68	0.00	0.00
LBC	41	22.41	28.25	27.32	22.02	0.00	0.00
LBC	42	24.17	25.37	27.49	22.97	0.13	0.00
LBC	43	23.47	27.06	30.11	19.36	0.00	0.00
LBC	44	21.75	30.64	29.58	18.04	0.00	0.00
LBC	45	23.08	29.31	27.19	20.42	0.00	0.00
LBC	46	25.90	26.43	28.55	19.12	0.13	0.00
LBC	47	22.41	30.11	27.85	19.63	0.00	0.00
LBC	48	25.37	24.83	29.75	20.05	0.13	0.00
LBC	49	22.15	29.18	31.30	17.37	0.00	0.00
LBC	50	21.62	29.18	25.60	23.61	0.00	0.00
LBC	51	21.09	28.38	33.16	17.37	0.00	0.00
LBC	52	23.01	27.93	27.26	21.81	0.27	0.00
LBC	53	21.62	28.51	28.91	20.95	0.00	0.00
LBC	54	20.56	26.79	31.70	20.95	0.00	0.00
LBC	55	19.76	29.18	30.64	20.42	0.00	0.00
LBC	56	22.02	29.71	28.91	19.36	0.00	0.00
LBC	57	24.54	28.12	28.65	18.70	0.00	0.00
LBC	58	23.61	28.65	28.91	18.83	0.00	0.00
LBC	59	22.55	29.58	28.65	19.23	0.00	0.00
LBC	60	22.05	28.29	30.01	19.65	0.13	0.00
LBC	61	24.01	29.71	31.03	15.25	0.00	0.00
LBC	62	21.35	29.71	27.72	21.22	0.00	0.00
LBC	63	21.75	30.50	27.85	19.89	0.00	0.00
LBC	64	23.47	25.33	32.49	18.70	0.00	0.00
LBC	65	21.22	28.25	32.36	18.17	0.00	0.00
LBC	66	22.15	29.05	29.44	19.36	0.00	0.00
LBC	67	23.47	28.51	30.50	17.51	0.00	0.00
LBC	68	20.69	27.32	30.64	21.35	0.00	0.00
LBC	69	22.41	28.38	32.23	16.98	0.00	0.00
LBC	70	22.41	29.05	28.78	19.76	0.00	0.00
LBC	71	21.09	29.58	28.65	20.69	0.00	0.00
LBC	72	21.49	25.46	33.42	19.63	0.00	0.00
LBC	73	21.49	31.30	30.24	16.98	0.00	0.00
LBC	74	25.33	27.06	28.51	19.10	0.00	0.00
LBC	75	24.54	27.06	26.92	21.49	0.00	0.00
LBC	76	22.68	27.32	28.38	21.62	0.00	0.00
LBC	77	18.97	29.05	32.89	19.10	0.00	0.00
LBC	78	24.54	28.38	27.85	19.23	0.00	0.00
LBC	79	21.09	26.26	30.37	22.28	0.00	0.00
LBC	80	24.54	28.38	27.59	19.50	0.00	0.00
LBC	81	22.68	26.92	30.77	19.63	0.00	0.00
LBC	82	21.35	28.51	31.30	18.83	0.00	0.00
LBC	83	23.34	31.43	28.91	16.31	0.00	0.00
LBC	84	20.42	29.71	30.11	19.76	0.00	0.00
LBC	85	21.62	29.97	27.19	21.22	0.00	0.00
LBC	86	22.55	29.31	29.18	18.97	0.00	0.00
LBC	87	24.40	26.26	29.44	19.89	0.00	0.00
LBC	88	19.10	31.17	29.97	19.76	0.00	0.00
LBC	89	21.88	25.99	33.02	19.10	0.00	0.00
LBC	90	24.27	29.05	26.39	20.29	0.00	0.00
LBC	91	22.41	27.19	29.71	20.69	0.00	0.00
LBC	92	21.62	29.58	30.24	18.57	0.00	0.00
LBC	93	22.81	28.51	28.12	20.56	0.00	0.00
LBC	94	19.26	26.83	31.21	22.71	0.13	0.00
LBC	95	21.75	29.84	29.18	19.23	0.00	0.00
LBC	96	23.08	27.85	30.90	18.17	0.00	0.00
LBC	97	24.40	30.77	27.72	17.11	0.00	0.00
LBC	98	20.69	30.64	31.03	17.64	0.00	0.00
LBC	99	22.81	25.07	31.56	20.56	0.00	0.00
LBC	100	20.69	28.25	28.65	22.41	0.00	0.00
LBC	101	22.05	26.83	28.29	22.84	0.00	0.00
LBC	102	23.24	26.69	29.08	20.98	0.00	0.00
LBC	103	22.44	25.90	29.48	22.18	0.00	0.00
LBC	104	18.73	31.47	30.28	19.52	0.00	0.00
LBC	105	20.05	29.75	30.28	19.92	0.00	0.00
LBC	106	21.20	28.80	27.60	22.40	0.13	0.00
LBC	107	19.57	25.03	33.95	21.44	0.00	0.00
LBC	108	22.77	27.43	27.03	22.77	0.00	0.00
LBC	109	21.97	30.89	28.36	18.77	0.00	0.00
LBC	110	23.19	26.41	28.02	22.39	0.40	0.00
LBC	111	22.56	28.70	28.30	20.43	0.00	0.00
LBC	112	22.19	28.07	29.95	19.79	0.00	0.00
LBC	113	18.45	29.95	32.35	19.25	0.00	0.00
LBC	114	20.51	28.42	29.76	21.31	0.00	0.00
LBC	115	20.16	29.97	30.11	19.76	0.00	0.00
LBC	116	21.77	29.97	28.76	19.49	0.00	0.00
LBC	117	21.02	26.15	32.08	20.75	0.13	0.00
LBC	118	21.29	29.65	26.42	22.64	0.00	0.00
LBC	119	22.33	27.47	29.91	20.30	0.14	0.00
LBC	120	24.80	24.93	29.54	20.73	0.00	0.00
LBC	121	22.93	28.63	28.49	19.95	0.00	0.00
LBC	122	20.24	24.59	32.61	22.55	0.00	0.00
LBC	123	23.30	27.25	28.34	21.12	0.00	0.00
LBC	124	21.15	28.51	29.33	21.01	0.14	0.00
LBC	125	20.74	29.74	29.74	19.78	0.00	0.00
LBC	126	26.88	26.60	25.38	21.15	0.00	0.00
LBC	127	22.27	24.86	32.10	20.77	0.00	0.00
LBC	128	25.34	27.81	26.58	20.27	0.00	0.00
LBC	129	24.38	31.40	26.86	17.36	0.00	0.00
LBC	130	21.07	28.24	29.89	20.80	0.00	0.00
LBC	131	23.00	28.24	28.37	20.39	0.00	0.00
LBC	132	22.62	24.14	32.55	20.69	0.00	0.00
LBC	133	20.97	29.24	31.45	18.34	0.00	0.00
LBC	134	19.94	26.32	30.61	23.13	0.00	0.00
LBC	135	21.08	30.65	26.63	21.64	0.00	0.00
LBC	136	23.16	30.51	27.18	19.14	0.00	0.00
LBC	137	21.94	29.31	30.97	17.78	0.00	0.00
LBC	138	23.82	28.41	27.30	20.47	0.00	0.00
LBC	139	23.88	28.91	28.49	18.72	0.00	0.00
LBC	140	22.61	25.28	30.34	21.77	0.00	0.00
LBC	141	23.17	30.76	28.65	17.42	0.00	0.00
LBC	142	23.38	29.44	26.20	20.99	0.00	0.00
LBC	143	22.21	30.83	27.16	19.80	0.00	0.00
LBC	144	25.11	25.25	30.64	19.01	0.00	0.00
LBC	145	21.29	27.57	29.57	21.57	0.00	0.00
LBC	146	24.24	28.86	29.58	17.32	0.14	0.00
LBC	147	25.22	27.10	28.12	19.57	0.00	0.00
LBC	148	22.11	28.70	30.01	19.18	0.00	0.00
LBC	149	23.10	28.12	29.48	19.30	0.00	0.00
LBC	150	22.04	29.87	27.96	20.13	0.00	0.00
LBC	151	21.21	29.94	33.47	15.38	0.00	0.00
# ACGT raw counters for last fragments. Use `grep ^LTC | cut -f 2-` to extract this part. The columns are: A,C,G,T,N base counters
LTC	25102	31854	32695	22562	40
# Insert sizes. Use `grep ^IS | cut -f 2-` to extract this part. The columns are: insert size, pairs total, inward oriented pairs, outward oriented pairs, other pairs
IS	0	0	0	0	0
IS	1	0	0	0	0
IS	2	0	0	0	0
IS	3	0	0	0	0
IS	4	0	0	0	0
IS	5	0	0	0	0
IS	6	0	0	0	0
IS	7	0	0	0	0
IS	8	0	0	0	0
IS	9	0	0	0	0
IS	10	0	0	0	0
IS	11	0	0	0	0
IS	12	0	0	0	0
IS	13	0	0	0	0
IS	14	0	0	0	0
IS	15	0	0	0	0
IS	16	0	0	0	0
IS	17	0	0	0	0
IS	18	0	0	0	0
IS	19	0	0	0	0
IS	20	0	0	0	0
IS	21	0	0	0	0
IS	22	0	0	0	0
IS	23	0	0	0	0
IS	24	0	0	0	0
IS	25	0	0	0	0
IS	26	0	0	0	0
IS	27	0	0	0	0
IS	28	0	0	0	0
IS	29	0	0	0	0
IS	30	0	0	0	0
IS	31	0	0	0	0
IS	32	0	0	0	0
IS	33	0	0	0	0
IS	34	0	0	0	0
IS	35	0	0	0	0
IS	36	0	0	0	0
IS	37	0	0	0	0
IS	38	0	0	0	0
IS	39	0	0	0	0
IS	40	0	0	0	0
IS	41	0	0	0	0
IS	42	0	0	0	0
IS	43	0	0	0	0
IS	44	0	0	0	0
IS	45	0	0	0	0
IS	46	0	0	0	0
IS	47	0	0	0	0
IS	48	0	0	0	0
IS	49	0	0	0	0
IS	50	0	0	0	0
IS	51	0	0	0	0
IS	52	0	0	0	0
IS	53	0	0	0	0
IS	54	0	0	0	0
IS	55	0	0	0	0
IS	56	0	0	0	0
IS	57	0	0	0	0
IS	58	0	0	0	0
IS	59	0	0	0	0
IS	60	0	0	0	0
IS	61	0	0	0	0
IS	62	0	0	0	0
IS	63	0	0	0	0
IS	64	0	0	0	0
IS	65	0	0	0	0
IS	66	0	0	0	0
IS	67	0	0	0	0
IS	68	0	0	0	0
IS	69	0	0	0	0
IS	70	0	0	0	0
IS	71	0	0	0	0
IS	72	0	0	0	0
IS	73	0	0	0	0
IS	74	0	0	0	0
IS	75	0	0	0	0
IS	76	0	0	0	0
IS	77	0	0	0	0
IS	78	0	0	0	0
IS	79	0	0	0	0
IS	80	0	0	0	0
IS	81	0	0	0	0
IS	82	0	0	0	0
IS	83	0	0	0	0
IS	84	0	0	0	0
IS	85	0	0	0	0
IS	86	0	0	0	0
IS	87	0	0	0	0
IS	88	0	0	0	0
IS	89	0	0	0	0
IS	90	0	0	0	0
IS	91	0	0	0	0
IS	92	0	0	0	0
IS	93	0	0	0	0
IS	94	0	0	0	0
IS	95	0	0	0	0
IS	96	0	0	0	0
IS	97	0	0	0	0
IS	98	0	0	0	0
IS	99	0	0	0	0
IS	100	0	0	0	0
IS	101	0	0	0	0
IS	102	0	0	0	0
IS	103	0	0	0	0
IS	104	0	0	0	0
IS	105	0	0	0	0
IS	106	0	0	0	0
IS	107	0	0	0	0
IS	108	0	0	0	0
IS	109	0	0	0	0
IS	110	0	0	0	0
IS	111	0	0	0	0
IS	112	0	0	0	0
IS	113	0	0	0	0
IS	114	0	0	0	0
IS	115	0	0	0	0
IS	116	0	0	0	0
IS	117	0	0	0	0
IS	118	0	0	0	0
IS	119	0	0	0	0
IS	120	0	0	0	0
IS	121	0	0	0	0
IS	122	0	0	0	0
IS	123	0	0	0	0
IS	124	0	0	0	0
IS	125	0	0	0	0
IS	126	0	0	0	0
IS	127	0	0	0	0
IS	128	0	0	0	0
IS	129	0	0	0	0
IS	130	0	0	0	0
IS	131	0	0	0	0
IS	132	0	0	0	0
IS	133	0	0	0	0
IS	134	0	0	0	0
IS	135	0	0	0	0
IS	136	0	0	0	0
IS	137	0	0	0	0
IS	138	0	0	0	0
IS	139	0	0	0	0
IS	140	0	0	0	0
IS	141	0	0	0	0
IS	142	0	0	0	0
IS	143	0	0	0	0
IS	144	0	0	0	0
IS	145	0	0	0	0
IS	146	0	0	0	0
IS	147	0	0	0	0
IS	148	0	0	0	0
IS	149	0	0	0	0
IS	150	0	0	0	0
IS	151	0	0	0	0
IS	152	0	0	0	0
IS	153	0	0	0	0
IS	154	0	0	0	0
IS	155	0	0	0	0
IS	156	0	0	0	0
IS	157	0	0	0	0
IS	158	0	0	0	0
IS	159	0	0	0	0
IS	160	0	0	0	0
IS	161	0	0	0	0
IS	162	0	0	0	0
IS	163	0	0	0	0
IS	164	0	0	0	0
IS	165	0	0	0	0
IS	166	0	0	0	0
IS	167	0	0	0	0
IS	168	0	0	0	0
IS	169	0	0	0	0
IS	170	0	0	0	0
IS	171	0	0	0	0
IS	172	0	0	0	0
IS	173	0	0	0	0
IS	174	0	0	0	0
IS	175	0	0	0	0
IS	176	0	0	0	0
IS	177	0	0	0	0
IS	178	0	0	0	0
IS	179	0	0	0	0
IS	180	0	0	0	0
IS	181	0	0	0	0
IS	182	0	0	0	0
IS	183	0	0	0	0
IS	184	0	0	0	0
IS	185	0	0	0	0
IS	186	0	0	0	0
IS	187	0	0	0	0
IS	188	0	0	0	0
IS	189	0	0	0	0
IS	190	0	0	0	0
IS	191	0	0	0	0
IS	192	0	0	0	0
IS	193	0	0	0	0
IS	194	0	0	0	0
IS	195	0	0	0	0
IS	196	0	0	0	0
IS	197	0	0	0	0
IS	198	0	0	0	0
IS	199	0	0	0	0
IS	200	0	0	0	0
IS	201	0	0	0	0
IS	202	0	0	0	0
IS	203	0	0	0	0
IS	204	0	0	0	0
IS	205	0	0	0	0
IS	206	0	0	0	0
IS	207	0	0	0	0
IS	208	0	0	0	0
IS	209	0	0	0	0
IS	210	0	0	0	0
IS	211	0	0	0	0
IS	212	0	0	0	0
IS	213	0	0	0	0
IS	214	0	0	0	0
IS	215	0	0	0	0
IS	216	0	0	0	0
IS	217	0	0	0	0
IS	218	0	0	0	0
IS	219	0	0	0	0
IS	220	0	0	0	0
IS	221	0	0	0	0
IS	222	0	0	0	0
IS	223	0	0	0	0
IS	224	0	0	0	0
IS	225	0	0	0	0
IS	226	0	0	0	0
IS	227	0	0	0	0
IS	228	0	0	0	0
IS	229	0	0	0	0
IS	230	0	0	0	0
IS	231	0	0	0	0
IS	232	0	0	0	0
IS	233	0	0	0	0
IS	234	0	0	0	0
IS	235	0	0	0	0
IS	236	0	0	0	0
IS	237	0	0	0	0
IS	238	0	0	0	0
IS	239	0	0	0	0
IS	240	0	0	0	0
IS	241	0	0	0	0
IS	242	0	0	0	0
IS	243	0	0	0	0
IS	244	0	0	0	0
IS	245	0	0	0	0
IS	246	0	0	0	0
IS	247	0	0	0	0
IS	248	0	0	0	0
IS	249	0	0	0	0
IS	250	0	0	0	0
IS	251	0	0	0	0
IS	252	0	0	0	0
IS	253	0	0	0	0
IS	254	0	0	0	0
IS	255	0	0	0	0
IS	256	1	1	0	0
IS	257	0	0	0	0
IS	258	0	0	0	0
IS	259	0	0	0	0
IS	260	0	0	0	0
IS	261	0	0	0	0
IS	262	0	0	0	0
IS	263	0	0	0	0
IS	264	0	0	0	0
IS	265	0	0	0	0
IS	266	0	0	0	0
IS	267	0	0	0	0
IS	268	0	0	0	0
IS	269	0	0	0	0
IS	270	0	0	0	0
IS	271	0	0	0	0
IS	272	0	0	0	0
IS	273	0	0	0	0
IS	274	0	0	0	0
IS	275	0	0	0	0
IS	276	0	0	0	0
IS	277	0	0	0	0
IS	278	0	0	0	0
IS	279	0	0	0	0
IS	280	0	0	0	0
IS	281	0	0	0	0
IS	282	0	0	0	0
IS	283	0	0	0	0
IS	284	0	0	0	0
IS	285	0	0	0	0
IS	286	0	0	0	0
IS	287	0	0	0	0
IS	288	0	0	0	0
IS	289	0	0	0	0
IS	290	0	0	0	0
IS	291	0	0	0	0
IS	292	0	0	0	0
IS	293	0	0	0	0
IS	294	0	0	0	0
IS	295	0	0	0	0
IS	296	0	0	0	0
IS	297	0	0	0	0
IS	298	0	0	0	0
IS	299	0	0	0	0
IS	300	0	0	0	0
IS	301	0	0	0	0
IS	302	0	0	0	0
IS	303	0	0	0	0
IS	304	0	0	0	0
IS	305	0	0	0	0
IS	306	0	0	0	0
IS	307	0	0	0	0
IS	308	0	0	0	0
IS	309	1	1	0	0
# Read lengths. Use `grep ^RL | cut -f 2-` to extract this part. The columns are: read length, count
RL	100	1
RL	105	2
RL	109	2
RL	110	1
RL	111	1
RL	113	2
RL	114	2
RL	116	1
RL	117	1
RL	118	2
RL	119	2
RL	120	1
RL	121	1
RL	122	2
RL	124	1
RL	126	1
RL	127	2
RL	128	4
RL	131	1
RL	133	3
RL	134	1
RL	136	3
RL	137	2
RL	138	2
RL	139	7
RL	141	2
RL	142	4
RL	143	4
RL	144	8
RL	145	6
RL	146	8
RL	147	12
RL	148	37
RL	149	50
RL	150	218
RL	151	1111
# Read lengths - first fragments. Use `grep ^FRL | cut -f 2-` to extract this part. The columns are: read length, count
FRL	110	1
FRL	136	2
FRL	139	3
FRL	142	1
FRL	143	2
FRL	144	3
FRL	146	4
FRL	147	5
FRL	148	12
FRL	149	18
FRL	150	73
FRL	151	630
# Read lengths - last fragments. Use `grep ^LRL | cut -f 2-` to extract this part. The columns are: read length, count
LRL	100	1
LRL	105	2
LRL	109	2
LRL	111	1
LRL	113	2
LRL	114	2
LRL	116	1
LRL	117	1
LRL	118	2
LRL	119	2
LRL	120	1
LRL	121	1
LRL	122	2
LRL	124	1
LRL	126	1
LRL	127	2
LRL	128	4
LRL	131	1
LRL	133	3
LRL	134	1
LRL	136	1
LRL	137	2
LRL	138	2
LRL	139	4
LRL	141	2
LRL	142	3
LRL	143	2
LRL	144	5
LRL	145	6
LRL	146	4
LRL	147	7
LRL	148	25
LRL	149	32
LRL	150	145
LRL	151	481
# Mapping qualities for reads !(UNMAP|SECOND|SUPPL|QCFAIL|DUP). Use `grep ^MAPQ | cut -f 2-` to extract this part. The columns are: mapq, count
MAPQ	42	4
# Indel distribution. Use `grep ^ID | cut -f 2-` to extract this part. The columns are: length, number of insertions, number of deletions
# Indels per cycle. Use `grep ^IC | cut -f 2-` to extract this part. The columns are: cycle, number of insertions (fwd), .. (rev) , number of deletions (fwd), .. (rev)
# Coverage distribution. Use `grep ^COV | cut -f 2-` to extract this part.
COV	[1-1]	1	513
COV	[2-2]	2	45
# GC-depth. Use `grep ^GCD | cut -f 2-` to extract this part. The columns are: GC%, unique sequence percentiles, 10th, 25th, 50th, 75th and 90th depth percentile
GCD	0.0	66.667	0.000	0.000	0.000	0.000	0.000
GCD	0.7	100.000	0.015	0.015	0.015	0.015	0.015
