# This file was produced by samtools stats (1.21+htslib-1.21) and can be plotted using plot-bamstats
# This file contains statistics for all reads.
# The command line was:  stats NC.Staphy2.9B_l100_d_sorted.bam
# CHK, Checksum	[2]Read Names	[3]Sequences	[4]Qualities
# CHK, CRC32 of reads which passed filtering followed by addition (32bit overflow)
CHK	1b984e4e	9616abf6	7071881e
# Summary Numbers. Use `grep ^SN | cut -f 2-` to extract this part.
SN	raw total sequences:	1	# excluding supplementary and secondary reads
SN	filtered sequences:	0
SN	sequences:	1
SN	is sorted:	1
SN	1st fragments:	0
SN	last fragments:	1
SN	reads mapped:	1
SN	reads mapped and paired:	0	# paired-end technology bit set + both mates mapped
SN	reads unmapped:	0
SN	reads properly paired:	0	# proper-pair bit set
SN	reads paired:	1	# paired-end technology bit set
SN	reads duplicated:	0	# PCR or optical duplicate bit set
SN	reads MQ0:	0	# mapped and MQ=0
SN	reads QC failed:	0
SN	non-primary alignments:	0
SN	supplementary alignments:	0
SN	total length:	151	# ignores clipping
SN	total first fragment length:	0	# ignores clipping
SN	total last fragment length:	151	# ignores clipping
SN	bases mapped:	151	# ignores clipping
SN	bases mapped (cigar):	151	# more accurate
SN	bases trimmed:	0
SN	bases duplicated:	0
SN	mismatches:	4	# from NM fields
SN	error rate:	2.649007e-02	# mismatches / bases mapped (cigar)
SN	average length:	151
SN	average first fragment length:	0
SN	average last fragment length:	151
SN	maximum length:	151
SN	maximum first fragment length:	0
SN	maximum last fragment length:	151
SN	average quality:	39.7
SN	insert size average:	0.0
SN	insert size standard deviation:	0.0
SN	inward oriented pairs:	0
SN	outward oriented pairs:	0
SN	pairs with other orientation:	0
SN	pairs on different chromosomes:	0
SN	percentage of properly paired reads (%):	0.0
# First Fragment Qualities. Use `grep ^FFQ | cut -f 2-` to extract this part.
# Columns correspond to qualities and rows to cycles. First column is the cycle number.
# Last Fragment Qualities. Use `grep ^LFQ | cut -f 2-` to extract this part.
# Columns correspond to qualities and rows to cycles. First column is the cycle number.
LFQ	1	0	0	0	0	0	0	0	0	0	0	0	0	0	0	0	0	0	0	0	0	0	0	0	0	0	0	0	0	0	0	0	0	1	0	0	0	0	0	0	0	0	0	0
LFQ	2	0	0	0	0	0	0	0	0	0	0	0	0	0	0	0	0	0	0	0	0	0	0	0	0	0	0	0	0	0	0	0	0	1	0	0	0	0	0	0	0	0	0	0
LFQ	3	0	0	0	0	0	0	0	0	0	0	0	0	0	0	0	0	0	0	0	0	0	0	0	0	0	0	0	0	0	0	0	0	0	0	0	0	0	1	0	0	0	0	0
LFQ	4	0	0	0	0	0	0	0	0	0	0	0	0	0	0	0	0	0	0	0	0	0	0	0	0	0	0	0	0	0	0	0	0	0	0	0	0	0	1	0	0	0	0	0
LFQ	5	0	0	0	0	0	0	0	0	0	0	0	0	0	0	0	0	0	0	0	0	0	0	0	0	0	0	0	0	0	0	0	0	0	0	0	0	0	1	0	0	0	0	0
LFQ	6	0	0	0	0	0	0	0	0	0	0	0	0	0	0	0	0	0	0	0	0	0	0	0	0	0	0	0	0	0	0	0	0	0	0	0	0	0	0	0	0	0	1	0
LFQ	7	0	0	0	0	0	0	0	0	0	0	0	0	0	0	0	0	0	0	0	0	0	0	0	0	0	0	0	0	0	0	0	0	0	0	0	0	0	0	0	0	0	1	0
LFQ	8	0	0	0	0	0	0	0	0	0	0	0	0	0	0	0	0	0	0	0	0	0	0	0	0	0	0	0	0	0	0	0	0	0	0	0	0	0	0	0	0	0	1	0
LFQ	9	0	0	0	0	0	0	0	0	0	0	0	0	0	0	0	0	0	0	0	0	0	0	0	0	0	0	0	0	0	0	0	0	0	0	0	0	0	0	0	0	0	1	0
LFQ	10	0	0	0	0	0	0	0	0	0	0	0	0	0	0	0	0	0	0	0	0	0	0	0	0	0	0	0	0	0	0	0	0	0	0	0	0	0	0	0	0	0	1	0
LFQ	11	0	0	0	0	0	0	0	0	0	0	0	0	0	0	0	0	0	0	0	0	0	0	0	0	0	0	0	0	0	0	0	0	0	0	0	0	0	0	0	0	0	1	0
LFQ	12	0	0	0	0	0	0	0	0	0	0	0	0	0	0	0	0	0	0	0	0	0	0	0	0	0	0	0	0	0	0	0	0	0	0	0	0	0	0	0	0	0	1	0
LFQ	13	0	0	0	0	0	0	0	0	0	0	0	0	0	0	0	0	0	0	0	0	0	0	0	0	0	0	0	0	0	0	0	0	0	0	0	0	0	1	0	0	0	0	0
LFQ	14	0	0	0	0	0	0	0	0	0	0	0	0	0	0	0	0	0	0	0	0	0	0	0	0	0	0	0	0	0	0	0	0	0	0	0	0	0	0	0	0	0	1	0
LFQ	15	0	0	0	0	0	0	0	0	0	0	0	0	0	0	0	0	0	0	0	0	0	0	0	0	0	0	0	0	0	0	0	0	0	0	0	0	0	0	0	0	0	1	0
LFQ	16	0	0	0	0	0	0	0	0	0	0	0	0	0	0	0	0	0	0	0	0	0	0	0	0	0	0	0	0	0	0	0	0	0	0	0	0	0	0	0	0	0	1	0
LFQ	17	0	0	0	0	0	0	0	0	0	0	0	0	0	0	0	0	0	0	0	0	0	0	0	0	0	0	0	0	0	0	0	0	0	0	0	0	0	0	0	0	0	1	0
LFQ	18	0	0	0	0	0	0	0	0	0	0	0	0	0	0	0	0	0	0	0	0	0	0	0	0	0	0	0	0	0	0	0	0	0	0	0	0	0	0	0	0	0	1	0
LFQ	19	0	0	0	0	0	0	0	0	0	0	0	0	0	0	0	0	0	0	0	0	0	0	0	0	0	0	0	0	0	0	0	0	0	0	0	0	0	0	0	0	0	1	0
LFQ	20	0	0	0	0	0	0	0	0	0	0	0	0	0	0	0	0	0	0	0	0	0	0	0	0	0	0	0	0	0	0	0	0	0	0	0	0	0	0	0	0	0	1	0
LFQ	21	0	0	0	0	0	0	0	0	0	0	0	0	0	0	0	0	0	0	0	0	0	0	0	0	0	0	0	0	0	0	0	0	0	0	0	0	0	0	0	0	0	1	0
LFQ	22	0	0	0	0	0	0	0	0	0	0	0	0	0	0	0	0	0	0	0	0	0	0	0	0	0	0	0	0	0	0	0	0	0	0	0	0	0	0	0	0	0	1	0
LFQ	23	0	0	0	0	0	0	0	0	0	0	0	0	0	0	0	0	0	0	0	0	0	0	0	0	0	0	0	0	0	0	0	0	0	0	0	0	0	0	0	0	0	1	0
LFQ	24	0	0	0	0	0	0	0	0	0	0	0	0	0	0	0	0	0	0	0	0	0	0	0	0	0	0	0	0	0	0	0	0	0	0	0	0	0	0	0	0	0	1	0
LFQ	25	0	0	0	0	0	0	0	0	0	0	0	0	0	0	0	0	0	0	0	0	0	0	0	0	0	0	0	0	0	0	0	0	0	0	0	0	0	0	0	0	0	1	0
LFQ	26	0	0	0	0	0	0	0	0	0	0	0	0	0	0	0	0	0	0	0	0	0	0	0	0	0	0	0	0	0	0	0	0	0	0	0	0	0	0	0	0	0	1	0
LFQ	27	0	0	0	0	0	0	0	0	0	0	0	0	0	0	0	0	0	0	0	0	0	0	0	0	0	0	0	0	0	0	0	0	0	0	0	0	0	0	0	0	0	1	0
LFQ	28	0	0	0	0	0	0	0	0	0	0	0	0	0	0	0	0	0	0	0	0	0	0	0	0	0	0	0	0	0	0	0	0	0	0	0	0	0	0	0	0	0	1	0
LFQ	29	0	0	0	0	0	0	0	0	0	0	0	0	0	0	0	0	0	0	0	0	0	0	0	0	0	0	0	0	0	0	0	0	0	0	0	0	0	0	0	0	0	1	0
LFQ	30	0	0	0	0	0	0	0	0	0	0	0	0	0	0	0	0	0	0	0	0	0	0	0	0	0	0	0	0	0	0	0	0	0	0	0	0	0	0	0	0	0	1	0
LFQ	31	0	0	0	0	0	0	0	0	0	0	0	0	0	0	0	0	0	0	0	0	0	0	0	0	0	0	0	0	0	0	0	0	0	0	0	0	0	0	0	0	0	1	0
LFQ	32	0	0	0	0	0	0	0	0	0	0	0	0	0	0	0	0	0	0	0	0	0	0	0	0	0	0	0	0	0	0	0	0	0	0	0	0	0	0	0	0	0	1	0
LFQ	33	0	0	0	0	0	0	0	0	0	0	0	0	0	0	0	0	0	0	0	0	0	0	0	0	0	0	0	0	0	0	0	0	0	0	0	0	0	0	0	0	0	1	0
LFQ	34	0	0	0	0	0	0	0	0	0	0	0	0	0	0	0	0	0	0	0	0	0	0	0	0	0	0	0	0	0	0	0	0	0	0	0	0	0	0	0	0	0	1	0
LFQ	35	0	0	0	0	0	0	0	0	0	0	0	0	0	0	0	0	0	0	0	0	0	0	0	0	0	0	0	0	0	0	0	0	0	0	0	0	0	0	0	0	0	1	0
LFQ	36	0	0	0	0	0	0	0	0	0	0	0	0	0	0	0	0	0	0	0	0	0	0	0	0	0	0	0	0	0	0	0	0	0	0	0	0	0	0	0	0	0	1	0
LFQ	37	0	0	0	0	0	0	0	0	0	0	0	0	0	0	0	0	0	0	0	0	0	0	0	0	0	0	0	0	0	0	0	0	0	0	0	0	0	0	0	0	0	1	0
LFQ	38	0	0	0	0	0	0	0	0	0	0	0	0	0	0	0	0	0	0	0	0	0	0	0	0	0	0	0	0	0	0	0	0	0	0	0	0	0	0	0	0	0	1	0
LFQ	39	0	0	0	0	0	0	0	0	0	0	0	0	0	0	0	0	0	0	0	0	0	0	0	0	0	0	0	0	0	0	0	0	0	0	0	0	0	0	0	0	0	1	0
LFQ	40	0	0	0	0	0	0	0	0	0	0	0	0	0	0	0	0	0	0	0	0	0	0	0	0	0	0	0	0	0	0	0	0	0	0	0	0	0	0	0	0	0	1	0
LFQ	41	0	0	0	0	0	0	0	0	0	0	0	0	0	0	0	0	0	0	0	0	0	0	0	0	0	0	0	0	0	0	0	0	0	0	0	0	0	0	0	0	0	1	0
LFQ	42	0	0	0	0	0	0	0	0	0	0	0	0	0	0	0	0	0	0	0	0	0	0	0	0	0	0	0	0	0	0	0	0	0	0	0	0	0	0	0	0	0	1	0
LFQ	43	0	0	0	0	0	0	0	0	0	0	0	0	0	0	0	0	0	0	0	0	0	0	0	0	0	0	0	0	0	0	0	0	0	0	0	0	0	0	0	0	0	1	0
LFQ	44	0	0	0	0	0	0	0	0	0	0	0	0	0	0	0	0	0	0	0	0	0	0	0	0	0	0	0	0	0	0	0	0	0	0	0	0	0	0	0	0	0	1	0
LFQ	45	0	0	0	0	0	0	0	0	0	0	0	0	0	0	0	0	0	0	0	0	0	0	0	0	0	0	0	0	0	0	0	0	0	0	0	0	0	0	0	0	0	1	0
LFQ	46	0	0	0	0	0	0	0	0	0	0	0	0	0	0	0	0	0	0	0	0	0	0	0	0	0	0	0	0	0	0	0	0	0	0	0	0	0	0	0	0	0	1	0
LFQ	47	0	0	0	0	0	0	0	0	0	0	0	0	0	0	0	0	0	0	0	0	0	0	0	0	0	0	0	0	0	0	0	0	0	0	0	0	0	0	0	0	0	1	0
LFQ	48	0	0	0	0	0	0	0	0	0	0	0	0	0	0	0	0	0	0	0	0	0	0	0	0	0	0	0	0	0	0	0	0	0	0	0	0	0	1	0	0	0	0	0
LFQ	49	0	0	0	0	0	0	0	0	0	0	0	0	0	0	0	0	0	0	0	0	0	0	0	0	0	0	0	0	0	0	0	0	0	0	0	0	0	0	0	0	0	1	0
LFQ	50	0	0	0	0	0	0	0	0	0	0	0	0	0	0	0	0	0	0	0	0	0	0	0	0	0	0	0	0	0	0	0	0	0	0	0	0	0	0	0	0	0	1	0
LFQ	51	0	0	0	0	0	0	0	0	0	0	0	0	0	0	0	0	0	0	0	0	0	0	0	0	0	0	0	0	0	0	0	0	0	0	0	0	0	0	0	0	0	1	0
LFQ	52	0	0	0	0	0	0	0	0	0	0	0	0	0	0	0	0	0	0	0	0	0	0	0	0	0	0	0	0	0	0	0	0	1	0	0	0	0	0	0	0	0	0	0
LFQ	53	0	0	0	0	0	0	0	0	0	0	0	0	0	0	0	0	0	0	0	0	0	0	0	0	0	0	0	0	0	0	0	0	0	0	0	0	0	0	0	0	0	1	0
LFQ	54	0	0	0	0	0	0	0	0	0	0	0	0	0	0	0	0	0	0	0	0	0	0	0	0	0	0	0	0	0	0	0	0	0	0	0	0	0	0	0	0	0	1	0
LFQ	55	0	0	0	0	0	0	0	0	0	0	0	0	0	0	0	0	0	0	0	0	0	0	0	0	0	0	0	0	0	0	0	0	0	0	0	0	0	0	0	0	0	1	0
LFQ	56	0	0	0	0	0	0	0	0	0	0	0	0	0	0	0	0	0	0	0	0	0	0	0	0	0	0	0	0	0	0	0	0	0	0	0	0	0	0	0	0	0	1	0
LFQ	57	0	0	0	0	0	0	0	0	0	0	0	0	0	0	0	0	0	0	0	0	0	0	0	0	0	0	0	0	0	0	0	0	0	0	0	0	0	1	0	0	0	0	0
LFQ	58	0	0	0	0	0	0	0	0	0	0	0	0	0	0	0	0	0	0	0	0	0	0	0	0	0	0	0	0	0	0	0	0	0	0	0	0	0	0	0	0	0	1	0
LFQ	59	0	0	0	0	0	0	0	0	0	0	0	0	0	0	0	0	0	0	0	0	0	0	0	0	0	0	0	0	0	0	0	0	0	0	0	0	0	0	0	0	0	1	0
LFQ	60	0	0	0	0	0	0	0	0	0	0	0	0	0	0	0	0	0	0	0	0	0	0	0	0	0	0	0	0	0	0	0	0	0	0	0	0	0	0	0	0	0	1	0
LFQ	61	0	0	0	0	0	0	0	0	0	0	0	0	0	0	0	0	0	0	0	0	0	0	0	0	0	0	0	0	0	0	0	0	0	0	0	0	0	0	0	0	0	1	0
LFQ	62	0	0	0	0	0	0	0	0	0	0	0	0	0	0	0	0	0	0	0	0	0	0	0	0	0	0	0	0	0	0	0	0	0	0	0	0	0	0	0	0	0	1	0
LFQ	63	0	0	0	0	0	0	0	0	0	0	0	0	0	0	0	0	0	0	0	0	0	0	0	0	0	0	0	0	0	0	0	0	0	0	0	0	0	0	0	0	0	1	0
LFQ	64	0	0	0	0	0	0	0	0	0	0	0	0	0	0	0	0	0	0	0	0	0	0	0	0	0	0	0	0	0	0	0	0	0	0	0	0	0	0	0	0	0	1	0
LFQ	65	0	0	0	0	0	0	0	0	0	0	0	0	0	0	0	0	0	0	0	0	0	0	0	0	0	0	0	0	0	0	0	0	0	0	0	0	0	0	0	0	0	1	0
LFQ	66	0	0	0	0	0	0	0	0	0	0	0	0	0	0	0	0	0	0	0	0	0	0	0	0	0	0	0	0	0	0	0	0	0	0	0	0	0	1	0	0	0	0	0
LFQ	67	0	0	0	0	0	0	0	0	0	0	0	0	0	0	0	0	0	0	0	0	0	0	0	0	0	0	0	0	0	0	0	0	0	0	0	0	0	0	0	0	0	1	0
LFQ	68	0	0	0	0	0	0	0	0	0	0	0	0	0	0	0	0	0	0	0	0	0	0	0	0	0	0	0	0	0	0	0	0	0	0	0	0	0	0	0	0	0	1	0
LFQ	69	0	0	0	0	0	0	0	0	0	0	0	0	0	0	0	0	0	0	0	0	0	0	0	0	0	0	0	0	0	0	0	0	0	0	0	0	0	0	0	0	0	1	0
LFQ	70	0	0	0	0	0	0	0	0	0	0	0	0	0	0	0	0	0	0	0	0	0	0	0	0	0	0	0	0	0	0	0	0	0	0	0	0	0	0	0	0	0	1	0
LFQ	71	0	0	0	0	0	0	0	0	0	0	0	0	0	0	0	0	0	0	0	0	0	0	0	0	0	0	0	0	0	0	0	0	0	0	0	0	0	0	0	0	0	1	0
LFQ	72	0	0	0	0	0	0	0	0	0	0	0	0	0	0	0	0	0	0	0	0	0	0	0	0	0	0	0	0	0	0	0	0	0	0	0	0	0	0	0	0	0	1	0
LFQ	73	0	0	0	0	0	0	0	0	0	0	0	0	0	0	0	0	0	0	0	0	0	0	0	0	0	0	0	0	0	0	0	0	0	0	0	0	0	0	0	0	0	1	0
LFQ	74	0	0	0	0	0	0	0	0	0	0	0	0	0	0	0	0	0	0	0	0	0	0	0	0	0	0	0	0	0	0	0	0	0	0	0	0	0	0	0	0	0	1	0
LFQ	75	0	0	0	0	0	0	0	0	0	0	0	0	0	0	0	0	0	0	0	0	0	0	0	0	0	0	0	0	0	0	0	0	0	0	0	0	0	0	0	0	0	1	0
LFQ	76	0	0	0	0	0	0	0	0	0	0	0	0	0	0	0	0	0	0	0	0	0	0	0	0	0	0	0	0	0	0	0	0	0	0	0	0	0	0	0	0	0	1	0
LFQ	77	0	0	0	0	0	0	0	0	0	0	0	0	0	0	0	0	0	0	0	0	0	0	0	0	0	0	0	0	0	0	0	0	0	0	0	0	0	0	0	0	0	1	0
LFQ	78	0	0	0	0	0	0	0	0	0	0	0	0	0	0	0	0	0	0	0	0	0	0	0	0	0	0	0	0	0	0	0	0	0	0	0	0	0	0	0	0	0	1	0
LFQ	79	0	0	0	0	0	0	0	0	0	0	0	0	0	0	0	0	0	0	0	0	0	0	0	0	0	0	0	0	0	0	0	0	0	0	0	0	0	0	0	0	0	1	0
LFQ	80	0	0	0	0	0	0	0	0	0	0	0	0	0	0	0	0	0	0	0	0	0	0	0	0	0	0	0	0	0	0	0	0	0	0	0	0	0	0	0	0	0	1	0
LFQ	81	0	0	0	0	0	0	0	0	0	0	0	0	0	0	0	0	0	0	0	0	0	0	0	0	0	0	0	0	0	0	0	0	0	0	0	0	0	0	0	0	0	1	0
LFQ	82	0	0	0	0	0	0	0	0	0	0	0	0	0	0	0	0	0	0	0	0	0	0	0	0	0	0	0	0	0	0	0	0	0	0	0	0	0	0	0	0	0	1	0
LFQ	83	0	0	0	0	0	0	0	0	0	0	0	0	0	0	0	0	0	0	0	0	0	0	0	0	0	0	0	0	0	0	0	0	0	0	0	0	0	0	0	0	0	1	0
LFQ	84	0	0	0	0	0	0	0	0	0	0	0	0	0	0	0	0	0	0	0	0	0	0	0	0	0	0	0	0	0	0	0	0	0	0	0	0	0	0	0	0	0	1	0
LFQ	85	0	0	0	0	0	0	0	0	0	0	0	0	0	0	0	0	0	0	0	0	0	0	0	0	0	0	0	0	0	0	0	0	0	0	0	0	0	0	0	0	0	1	0
LFQ	86	0	0	0	0	0	0	0	0	0	0	0	0	0	0	0	0	0	0	0	0	0	0	0	0	0	0	0	0	0	0	0	0	0	0	0	0	0	0	0	0	0	1	0
LFQ	87	0	0	0	0	0	0	0	0	0	0	0	0	0	0	0	0	0	0	0	0	0	0	0	0	0	0	0	0	0	0	0	0	0	0	0	0	0	0	0	0	0	1	0
LFQ	88	0	0	0	0	0	0	0	0	0	0	0	0	0	0	0	0	0	0	0	0	0	0	0	0	0	0	0	0	0	0	0	0	0	0	0	0	0	1	0	0	0	0	0
LFQ	89	0	0	0	0	0	0	0	0	0	0	0	0	0	0	0	0	0	0	0	0	0	0	0	0	0	0	0	0	0	0	0	0	0	0	0	0	0	0	0	0	0	1	0
LFQ	90	0	0	0	0	0	0	0	0	0	0	0	0	0	0	0	0	0	0	0	0	0	0	0	0	0	0	0	0	0	0	0	0	0	0	0	0	0	0	0	0	0	1	0
LFQ	91	0	0	0	0	0	0	0	0	0	0	0	0	0	0	0	0	0	0	0	0	0	0	0	0	0	0	0	0	0	0	0	0	0	0	0	0	0	0	0	0	0	1	0
LFQ	92	0	0	0	0	0	0	0	0	0	0	0	0	0	0	0	0	0	0	0	0	0	0	0	0	0	0	0	0	0	0	0	0	0	0	0	0	0	0	0	0	0	1	0
LFQ	93	0	0	0	0	0	0	0	0	0	0	0	0	0	0	0	0	0	0	0	0	0	0	0	0	0	0	0	0	0	0	0	0	0	0	0	0	0	0	0	0	0	1	0
LFQ	94	0	0	0	0	0	0	0	0	0	0	0	0	0	0	0	0	0	0	0	0	0	0	0	0	0	0	0	0	0	0	0	0	0	0	0	0	0	0	0	0	0	1	0
LFQ	95	0	0	0	0	0	0	0	0	0	0	0	0	0	0	0	0	0	0	0	0	0	0	0	0	0	0	0	0	0	0	0	0	0	0	0	0	0	0	0	0	0	1	0
LFQ	96	0	0	0	0	0	0	0	0	0	0	0	0	0	0	0	0	0	0	0	0	0	0	0	0	0	0	0	0	0	0	0	0	0	0	0	0	0	0	0	0	0	1	0
LFQ	97	0	0	0	0	0	0	0	0	0	0	0	0	0	0	0	0	0	0	0	0	0	0	0	0	0	0	0	0	0	0	0	0	0	0	0	0	0	1	0	0	0	0	0
LFQ	98	0	0	0	0	0	0	0	0	0	0	0	0	0	0	0	0	0	0	0	0	0	0	0	0	0	0	0	0	0	0	0	0	0	0	0	0	0	0	0	0	0	1	0
LFQ	99	0	0	0	0	0	0	0	0	0	0	0	0	0	0	0	0	0	0	0	0	0	0	0	0	0	0	0	0	0	0	0	0	0	0	0	0	0	0	0	0	0	1	0
LFQ	100	0	0	0	0	0	0	0	0	0	0	0	0	0	0	0	0	0	0	0	0	0	0	0	0	0	0	0	0	0	0	0	0	0	0	0	0	0	0	0	0	0	1	0
LFQ	101	0	0	0	0	0	0	0	0	0	0	0	0	0	0	0	0	0	0	0	0	0	0	0	0	0	0	0	0	0	0	0	0	0	0	0	0	0	0	0	0	0	1	0
LFQ	102	0	0	0	0	0	0	0	0	0	0	0	0	0	0	0	0	0	0	0	0	0	0	0	0	0	0	0	0	0	0	0	0	0	0	0	0	0	0	0	0	0	1	0
LFQ	103	0	0	0	0	0	0	0	0	0	0	0	0	0	0	0	0	0	0	0	0	0	0	0	0	0	0	0	0	0	0	0	0	0	0	0	0	0	0	0	0	0	1	0
LFQ	104	0	0	0	0	0	0	0	0	0	0	0	0	0	0	0	0	0	0	0	0	0	0	0	0	0	0	0	0	0	0	0	0	0	0	0	0	0	0	0	0	0	1	0
LFQ	105	0	0	0	0	0	0	0	0	0	0	0	0	0	0	0	0	0	0	0	0	0	0	0	0	0	0	0	0	0	0	0	0	0	0	0	0	0	0	0	0	0	1	0
LFQ	106	0	0	0	0	0	0	0	0	0	0	0	0	0	0	0	0	0	0	0	0	0	0	0	0	0	0	0	0	0	0	0	0	0	0	0	0	0	0	0	0	0	1	0
LFQ	107	0	0	0	0	0	0	0	0	0	0	0	0	0	0	0	0	0	0	0	0	0	0	0	0	0	0	0	0	0	0	0	0	0	0	0	0	0	0	0	0	0	1	0
LFQ	108	0	0	0	0	0	0	0	0	0	0	0	0	0	0	0	0	0	0	0	0	0	0	0	0	0	0	0	0	0	0	0	0	0	0	0	0	0	0	0	0	0	1	0
LFQ	109	0	0	0	0	0	0	0	0	0	0	0	0	0	0	0	0	0	0	0	0	0	0	0	0	0	0	0	0	0	0	0	0	0	0	0	0	0	0	0	0	0	1	0
LFQ	110	0	0	0	0	0	0	0	0	0	0	0	0	0	0	0	0	0	0	0	0	0	0	0	0	0	0	0	0	0	0	0	0	0	0	0	0	0	0	0	0	0	1	0
LFQ	111	0	0	0	0	0	0	0	0	0	0	0	0	0	0	0	0	0	0	0	0	0	0	0	0	0	0	0	0	0	0	0	0	0	0	0	0	0	0	0	0	0	1	0
LFQ	112	0	0	0	0	0	0	0	0	0	0	0	0	0	0	0	0	0	0	0	0	0	0	0	0	0	0	0	0	0	0	0	0	0	0	0	0	0	0	0	0	0	1	0
LFQ	113	0	0	0	0	0	0	0	0	0	0	0	0	0	0	0	0	0	0	0	0	0	0	0	0	0	0	0	0	0	0	0	0	0	0	0	0	0	0	0	0	0	1	0
LFQ	114	0	0	0	0	0	0	0	0	0	0	0	0	0	0	0	0	0	0	0	0	0	0	0	0	0	0	0	0	0	0	0	0	0	0	0	0	0	0	0	0	0	1	0
LFQ	115	0	0	0	0	0	0	0	0	0	0	0	0	0	0	0	0	0	0	0	0	0	0	0	0	0	0	0	0	0	0	0	0	0	0	0	0	0	0	0	0	0	1	0
LFQ	116	0	0	0	0	0	0	0	0	0	0	0	0	0	0	0	0	0	0	0	0	0	0	0	0	0	0	0	0	0	0	0	0	0	0	0	0	0	0	0	0	0	1	0
LFQ	117	0	0	0	0	0	0	0	0	0	0	0	0	0	0	0	0	0	0	0	0	0	0	0	0	0	0	0	0	0	0	0	0	0	0	0	0	0	0	0	0	0	1	0
LFQ	118	0	0	0	0	0	0	0	0	0	0	0	0	0	0	0	0	0	0	0	0	0	0	0	0	0	0	0	0	0	0	0	0	0	0	0	0	0	0	0	0	0	1	0
LFQ	119	0	0	0	0	0	0	0	0	0	0	0	0	0	0	0	0	0	0	0	0	0	0	0	0	0	0	0	0	0	0	0	0	0	0	0	0	0	0	0	0	0	1	0
LFQ	120	0	0	0	0	0	0	0	0	0	0	0	0	0	0	0	0	0	0	0	0	0	0	0	0	0	0	0	0	0	0	0	0	0	0	0	0	0	1	0	0	0	0	0
LFQ	121	0	0	0	0	0	0	0	0	0	0	0	0	0	0	0	0	0	0	0	0	0	0	0	0	0	0	0	0	0	0	0	0	0	0	0	0	0	0	0	0	0	1	0
LFQ	122	0	0	0	0	0	0	0	0	0	0	0	0	0	0	0	0	0	0	0	0	0	0	0	0	0	0	0	0	0	0	0	0	0	0	0	0	0	0	0	0	0	1	0
LFQ	123	0	0	0	0	0	0	0	0	0	0	0	0	0	0	0	0	0	0	0	0	0	0	0	0	0	0	0	0	0	0	0	0	0	0	0	0	0	0	0	0	0	1	0
LFQ	124	0	0	0	0	0	0	0	0	0	0	0	0	0	0	0	0	0	0	0	0	0	0	0	0	0	0	0	0	0	0	0	0	0	0	0	0	0	0	0	0	0	1	0
LFQ	125	0	0	0	0	0	0	0	0	0	0	0	0	0	0	0	0	0	0	0	0	0	0	0	0	0	0	0	0	0	0	0	0	0	0	0	0	0	1	0	0	0	0	0
LFQ	126	0	0	0	0	0	0	0	0	0	0	0	0	0	0	0	0	0	0	0	0	0	0	0	0	0	0	0	0	0	0	0	0	0	0	0	0	0	0	0	0	0	1	0
LFQ	127	0	0	0	0	0	0	0	0	0	0	0	0	0	0	0	0	0	0	0	0	0	0	0	0	0	0	0	0	0	0	0	0	0	0	0	0	0	1	0	0	0	0	0
LFQ	128	0	0	0	0	0	0	0	0	0	0	0	0	0	0	0	0	0	0	0	0	0	0	0	0	0	0	0	1	0	0	0	0	0	0	0	0	0	0	0	0	0	0	0
LFQ	129	0	0	0	0	0	0	0	0	0	0	0	0	0	0	0	0	0	0	0	0	0	0	0	0	0	0	0	0	0	0	0	0	0	0	0	0	0	1	0	0	0	0	0
LFQ	130	0	0	0	0	0	0	0	0	0	0	0	0	0	0	0	0	0	0	0	0	0	0	0	0	0	0	0	0	0	0	0	0	0	0	0	0	0	1	0	0	0	0	0
LFQ	131	0	0	0	0	0	0	0	0	0	0	0	0	0	0	0	0	0	0	0	0	0	0	0	0	0	0	0	0	0	0	0	0	0	0	0	0	0	1	0	0	0	0	0
LFQ	132	0	0	0	0	0	0	0	0	0	0	0	0	0	0	0	0	0	0	0	0	0	0	0	0	0	0	0	0	0	0	0	0	0	0	0	0	0	0	0	0	0	1	0
LFQ	133	0	0	0	0	0	0	0	0	0	0	0	0	0	0	0	0	0	0	0	0	0	0	0	0	0	0	0	0	0	0	0	0	0	0	0	0	0	0	0	0	0	1	0
LFQ	134	0	0	0	0	0	0	0	0	0	0	0	0	0	0	0	0	0	0	0	0	0	0	0	0	0	0	0	0	0	0	0	0	0	0	0	0	0	0	0	0	0	1	0
LFQ	135	0	0	0	0	0	0	0	0	0	0	0	0	0	0	0	0	0	0	0	0	0	0	0	0	0	0	0	0	0	0	0	0	0	0	0	0	0	0	0	0	0	1	0
LFQ	136	0	0	0	0	0	0	0	0	0	0	0	0	0	0	0	0	0	0	0	0	0	0	0	0	0	0	0	0	0	0	0	0	0	0	0	0	0	0	0	0	0	1	0
LFQ	137	0	0	0	0	0	0	0	0	0	0	0	0	0	0	0	0	0	0	0	0	0	0	0	0	0	0	0	0	0	0	0	0	1	0	0	0	0	0	0	0	0	0	0
LFQ	138	0	0	0	0	0	0	0	0	0	0	0	0	1	0	0	0	0	0	0	0	0	0	0	0	0	0	0	0	0	0	0	0	0	0	0	0	0	0	0	0	0	0	0
LFQ	139	0	0	0	0	0	0	0	0	0	0	0	0	0	0	0	0	0	0	0	0	0	0	0	0	0	0	0	1	0	0	0	0	0	0	0	0	0	0	0	0	0	0	0
LFQ	140	0	0	0	0	0	0	0	0	0	0	0	0	0	0	0	0	0	0	0	0	0	0	0	0	0	0	0	0	0	0	0	0	1	0	0	0	0	0	0	0	0	0	0
LFQ	141	0	0	0	0	0	0	0	0	0	0	0	0	0	0	0	0	0	0	0	0	0	0	0	0	0	0	0	0	0	0	0	0	0	0	0	0	0	0	0	0	0	1	0
LFQ	142	0	0	0	0	0	0	0	0	0	0	0	0	0	0	0	0	0	0	0	0	0	0	0	0	0	0	0	0	0	0	0	0	0	0	0	0	0	0	0	0	0	1	0
LFQ	143	0	0	0	0	0	0	0	0	0	0	0	0	0	0	0	0	0	0	0	0	0	0	0	0	0	0	0	0	0	0	0	0	0	0	0	0	0	0	0	0	0	1	0
LFQ	144	0	0	0	0	0	0	0	0	0	0	0	0	0	0	0	0	0	0	0	0	0	0	0	0	0	0	0	0	0	0	0	0	0	0	0	0	0	0	0	0	0	1	0
LFQ	145	0	0	0	0	0	0	0	0	0	0	0	0	0	0	0	0	0	0	0	0	0	0	0	0	0	0	0	0	0	0	0	0	1	0	0	0	0	0	0	0	0	0	0
LFQ	146	0	0	0	0	0	0	0	0	0	0	0	0	0	0	0	0	0	0	0	0	0	0	0	0	0	0	0	0	0	0	0	0	0	0	0	0	0	0	0	0	0	1	0
LFQ	147	0	0	0	0	0	0	0	0	0	0	0	0	0	0	0	0	0	0	0	0	0	0	0	0	0	0	0	0	0	0	0	0	0	0	0	0	0	0	0	0	0	1	0
LFQ	148	0	0	0	0	0	0	0	0	0	0	0	0	0	0	0	0	0	0	0	0	0	0	0	0	0	0	0	0	0	0	0	0	0	0	0	0	0	0	0	0	0	1	0
LFQ	149	0	0	0	0	0	0	0	0	0	0	0	0	0	0	0	0	0	0	0	0	0	0	0	0	0	0	0	0	0	0	0	0	0	0	0	0	0	0	0	0	0	1	0
LFQ	150	0	0	0	0	0	0	0	0	0	0	0	0	0	0	0	0	0	0	0	0	0	0	0	0	0	0	0	0	0	0	0	0	0	0	0	0	0	0	0	0	0	1	0
LFQ	151	0	0	0	0	0	0	0	0	0	0	0	0	0	0	0	0	0	0	0	0	0	0	1	0	0	0	0	0	0	0	0	0	0	0	0	0	0	0	0	0	0	0	0
# GC Content of first fragments. Use `grep ^GCF | cut -f 2-` to extract this part.
# GC Content of last fragments. Use `grep ^GCL | cut -f 2-` to extract this part.
GCL	23.62	0
GCL	47.74	1
# ACGT content per cycle. Use `grep ^GCC | cut -f 2-` to extract this part. The columns are: cycle; A,C,G,T base counts as a percentage of all A/C/G/T bases [%]; and N and O counts as a percentage of all A/C/G/T bases [%]
GCC	1	100.00	0.00	0.00	0.00	0.00	0.00
GCC	2	0.00	100.00	0.00	0.00	0.00	0.00
GCC	3	100.00	0.00	0.00	0.00	0.00	0.00
GCC	4	0.00	100.00	0.00	0.00	0.00	0.00
GCC	5	100.00	0.00	0.00	0.00	0.00	0.00
GCC	6	100.00	0.00	0.00	0.00	0.00	0.00
GCC	7	0.00	0.00	100.00	0.00	0.00	0.00
GCC	8	0.00	0.00	0.00	100.00	0.00	0.00
GCC	9	0.00	0.00	100.00	0.00	0.00	0.00
GCC	10	0.00	100.00	0.00	0.00	0.00	0.00
GCC	11	0.00	0.00	0.00	100.00	0.00	0.00
GCC	12	0.00	100.00	0.00	0.00	0.00	0.00
GCC	13	100.00	0.00	0.00	0.00	0.00	0.00
GCC	14	100.00	0.00	0.00	0.00	0.00	0.00
GCC	15	100.00	0.00	0.00	0.00	0.00	0.00
GCC	16	0.00	100.00	0.00	0.00	0.00	0.00
GCC	17	100.00	0.00	0.00	0.00	0.00	0.00
GCC	18	0.00	100.00	0.00	0.00	0.00	0.00
GCC	19	0.00	100.00	0.00	0.00	0.00	0.00
GCC	20	0.00	0.00	100.00	0.00	0.00	0.00
GCC	21	0.00	0.00	0.00	100.00	0.00	0.00
GCC	22	100.00	0.00	0.00	0.00	0.00	0.00
GCC	23	100.00	0.00	0.00	0.00	0.00	0.00
GCC	24	0.00	100.00	0.00	0.00	0.00	0.00
GCC	25	0.00	100.00	0.00	0.00	0.00	0.00
GCC	26	0.00	0.00	0.00	100.00	0.00	0.00
GCC	27	0.00	0.00	100.00	0.00	0.00	0.00
GCC	28	0.00	0.00	100.00	0.00	0.00	0.00
GCC	29	0.00	100.00	0.00	0.00	0.00	0.00
GCC	30	100.00	0.00	0.00	0.00	0.00	0.00
GCC	31	0.00	0.00	100.00	0.00	0.00	0.00
GCC	32	0.00	0.00	0.00	100.00	0.00	0.00
GCC	33	0.00	100.00	0.00	0.00	0.00	0.00
GCC	34	0.00	0.00	100.00	0.00	0.00	0.00
GCC	35	0.00	0.00	0.00	100.00	0.00	0.00
GCC	36	0.00	100.00	0.00	0.00	0.00	0.00
GCC	37	0.00	0.00	100.00	0.00	0.00	0.00
GCC	38	0.00	0.00	0.00	100.00	0.00	0.00
GCC	39	0.00	100.00	0.00	0.00	0.00	0.00
GCC	40	0.00	0.00	0.00	100.00	0.00	0.00
GCC	41	100.00	0.00	0.00	0.00	0.00	0.00
GCC	42	0.00	0.00	0.00	100.00	0.00	0.00
GCC	43	0.00	0.00	100.00	0.00	0.00	0.00
GCC	44	0.00	0.00	0.00	100.00	0.00	0.00
GCC	45	0.00	0.00	0.00	100.00	0.00	0.00
GCC	46	0.00	0.00	100.00	0.00	0.00	0.00
GCC	47	100.00	0.00	0.00	0.00	0.00	0.00
GCC	48	0.00	0.00	0.00	100.00	0.00	0.00
GCC	49	0.00	0.00	0.00	100.00	0.00	0.00
GCC	50	0.00	100.00	0.00	0.00	0.00	0.00
GCC	51	0.00	0.00	0.00	100.00	0.00	0.00
GCC	52	100.00	0.00	0.00	0.00	0.00	0.00
GCC	53	0.00	0.00	0.00	100.00	0.00	0.00
GCC	54	0.00	0.00	100.00	0.00	0.00	0.00
GCC	55	0.00	0.00	100.00	0.00	0.00	0.00
GCC	56	0.00	100.00	0.00	0.00	0.00	0.00
GCC	57	0.00	0.00	100.00	0.00	0.00	0.00
GCC	58	0.00	0.00	100.00	0.00	0.00	0.00
GCC	59	0.00	100.00	0.00	0.00	0.00	0.00
GCC	60	100.00	0.00	0.00	0.00	0.00	0.00
GCC	61	0.00	0.00	100.00	0.00	0.00	0.00
GCC	62	0.00	0.00	100.00	0.00	0.00	0.00
GCC	63	0.00	0.00	0.00	100.00	0.00	0.00
GCC	64	100.00	0.00	0.00	0.00	0.00	0.00
GCC	65	100.00	0.00	0.00	0.00	0.00	0.00
GCC	66	100.00	0.00	0.00	0.00	0.00	0.00
GCC	67	0.00	100.00	0.00	0.00	0.00	0.00
GCC	68	0.00	0.00	0.00	100.00	0.00	0.00
GCC	69	0.00	100.00	0.00	0.00	0.00	0.00
GCC	70	0.00	0.00	100.00	0.00	0.00	0.00
GCC	71	100.00	0.00	0.00	0.00	0.00	0.00
GCC	72	0.00	100.00	0.00	0.00	0.00	0.00
GCC	73	0.00	0.00	100.00	0.00	0.00	0.00
GCC	74	0.00	0.00	0.00	100.00	0.00	0.00
GCC	75	0.00	0.00	100.00	0.00	0.00	0.00
GCC	76	0.00	0.00	100.00	0.00	0.00	0.00
GCC	77	0.00	0.00	0.00	100.00	0.00	0.00
GCC	78	0.00	100.00	0.00	0.00	0.00	0.00
GCC	79	100.00	0.00	0.00	0.00	0.00	0.00
GCC	80	0.00	100.00	0.00	0.00	0.00	0.00
GCC	81	0.00	0.00	0.00	100.00	0.00	0.00
GCC	82	100.00	0.00	0.00	0.00	0.00	0.00
GCC	83	0.00	0.00	100.00	0.00	0.00	0.00
GCC	84	0.00	0.00	0.00	100.00	0.00	0.00
GCC	85	100.00	0.00	0.00	0.00	0.00	0.00
GCC	86	0.00	100.00	0.00	0.00	0.00	0.00
GCC	87	100.00	0.00	0.00	0.00	0.00	0.00
GCC	88	100.00	0.00	0.00	0.00	0.00	0.00
GCC	89	100.00	0.00	0.00	0.00	0.00	0.00
GCC	90	100.00	0.00	0.00	0.00	0.00	0.00
GCC	91	100.00	0.00	0.00	0.00	0.00	0.00
GCC	92	0.00	0.00	0.00	100.00	0.00	0.00
GCC	93	0.00	0.00	0.00	100.00	0.00	0.00
GCC	94	0.00	0.00	100.00	0.00	0.00	0.00
GCC	95	0.00	0.00	0.00	100.00	0.00	0.00
GCC	96	100.00	0.00	0.00	0.00	0.00	0.00
GCC	97	0.00	0.00	0.00	100.00	0.00	0.00
GCC	98	0.00	100.00	0.00	0.00	0.00	0.00
GCC	99	100.00	0.00	0.00	0.00	0.00	0.00
GCC	100	0.00	0.00	100.00	0.00	0.00	0.00
GCC	101	0.00	0.00	0.00	100.00	0.00	0.00
GCC	102	0.00	100.00	0.00	0.00	0.00	0.00
GCC	103	0.00	0.00	100.00	0.00	0.00	0.00
GCC	104	0.00	100.00	0.00	0.00	0.00	0.00
GCC	105	100.00	0.00	0.00	0.00	0.00	0.00
GCC	106	0.00	100.00	0.00	0.00	0.00	0.00
GCC	107	100.00	0.00	0.00	0.00	0.00	0.00
GCC	108	0.00	0.00	100.00	0.00	0.00	0.00
GCC	109	0.00	0.00	100.00	0.00	0.00	0.00
GCC	110	100.00	0.00	0.00	0.00	0.00	0.00
GCC	111	0.00	100.00	0.00	0.00	0.00	0.00
GCC	112	0.00	100.00	0.00	0.00	0.00	0.00
GCC	113	0.00	100.00	0.00	0.00	0.00	0.00
GCC	114	0.00	0.00	100.00	0.00	0.00	0.00
GCC	115	0.00	0.00	0.00	100.00	0.00	0.00
GCC	116	0.00	100.00	0.00	0.00	0.00	0.00
GCC	117	100.00	0.00	0.00	0.00	0.00	0.00
GCC	118	0.00	0.00	100.00	0.00	0.00	0.00
GCC	119	0.00	0.00	0.00	100.00	0.00	0.00
GCC	120	0.00	0.00	0.00	100.00	0.00	0.00
GCC	121	0.00	0.00	100.00	0.00	0.00	0.00
GCC	122	0.00	100.00	0.00	0.00	0.00	0.00
GCC	123	100.00	0.00	0.00	0.00	0.00	0.00
GCC	124	0.00	100.00	0.00	0.00	0.00	0.00
GCC	125	0.00	0.00	0.00	100.00	0.00	0.00
GCC	126	0.00	100.00	0.00	0.00	0.00	0.00
GCC	127	0.00	0.00	100.00	0.00	0.00	0.00
GCC	128	0.00	0.00	0.00	100.00	0.00	0.00
GCC	129	100.00	0.00	0.00	0.00	0.00	0.00
GCC	130	0.00	0.00	0.00	100.00	0.00	0.00
GCC	131	0.00	100.00	0.00	0.00	0.00	0.00
GCC	132	100.00	0.00	0.00	0.00	0.00	0.00
GCC	133	0.00	100.00	0.00	0.00	0.00	0.00
GCC	134	0.00	0.00	0.00	100.00	0.00	0.00
GCC	135	0.00	0.00	100.00	0.00	0.00	0.00
GCC	136	0.00	100.00	0.00	0.00	0.00	0.00
GCC	137	100.00	0.00	0.00	0.00	0.00	0.00
GCC	138	100.00	0.00	0.00	0.00	0.00	0.00
GCC	139	100.00	0.00	0.00	0.00	0.00	0.00
GCC	140	0.00	100.00	0.00	0.00	0.00	0.00
GCC	141	100.00	0.00	0.00	0.00	0.00	0.00
GCC	142	0.00	0.00	100.00	0.00	0.00	0.00
GCC	143	0.00	0.00	0.00	100.00	0.00	0.00
GCC	144	0.00	100.00	0.00	0.00	0.00	0.00
GCC	145	100.00	0.00	0.00	0.00	0.00	0.00
GCC	146	100.00	0.00	0.00	0.00	0.00	0.00
GCC	147	100.00	0.00	0.00	0.00	0.00	0.00
GCC	148	0.00	100.00	0.00	0.00	0.00	0.00
GCC	149	0.00	100.00	0.00	0.00	0.00	0.00
GCC	150	100.00	0.00	0.00	0.00	0.00	0.00
GCC	151	0.00	0.00	0.00	100.00	0.00	0.00
# ACGT content per cycle, read oriented. Use `grep ^GCT | cut -f 2-` to extract this part. The columns are: cycle; A,C,G,T base counts as a percentage of all A/C/G/T bases [%]
GCT	1	0.00	0.00	0.00	100.00
GCT	2	0.00	0.00	100.00	0.00
GCT	3	0.00	0.00	0.00	100.00
GCT	4	0.00	0.00	100.00	0.00
GCT	5	0.00	0.00	0.00	100.00
GCT	6	0.00	0.00	0.00	100.00
GCT	7	0.00	100.00	0.00	0.00
GCT	8	100.00	0.00	0.00	0.00
GCT	9	0.00	100.00	0.00	0.00
GCT	10	0.00	0.00	100.00	0.00
GCT	11	100.00	0.00	0.00	0.00
GCT	12	0.00	0.00	100.00	0.00
GCT	13	0.00	0.00	0.00	100.00
GCT	14	0.00	0.00	0.00	100.00
GCT	15	0.00	0.00	0.00	100.00
GCT	16	0.00	0.00	100.00	0.00
GCT	17	0.00	0.00	0.00	100.00
GCT	18	0.00	0.00	100.00	0.00
GCT	19	0.00	0.00	100.00	0.00
GCT	20	0.00	100.00	0.00	0.00
GCT	21	100.00	0.00	0.00	0.00
GCT	22	0.00	0.00	0.00	100.00
GCT	23	0.00	0.00	0.00	100.00
GCT	24	0.00	0.00	100.00	0.00
GCT	25	0.00	0.00	100.00	0.00
GCT	26	100.00	0.00	0.00	0.00
GCT	27	0.00	100.00	0.00	0.00
GCT	28	0.00	100.00	0.00	0.00
GCT	29	0.00	0.00	100.00	0.00
GCT	30	0.00	0.00	0.00	100.00
GCT	31	0.00	100.00	0.00	0.00
GCT	32	100.00	0.00	0.00	0.00
GCT	33	0.00	0.00	100.00	0.00
GCT	34	0.00	100.00	0.00	0.00
GCT	35	100.00	0.00	0.00	0.00
GCT	36	0.00	0.00	100.00	0.00
GCT	37	0.00	100.00	0.00	0.00
GCT	38	100.00	0.00	0.00	0.00
GCT	39	0.00	0.00	100.00	0.00
GCT	40	100.00	0.00	0.00	0.00
GCT	41	0.00	0.00	0.00	100.00
GCT	42	100.00	0.00	0.00	0.00
GCT	43	0.00	100.00	0.00	0.00
GCT	44	100.00	0.00	0.00	0.00
GCT	45	100.00	0.00	0.00	0.00
GCT	46	0.00	100.00	0.00	0.00
GCT	47	0.00	0.00	0.00	100.00
GCT	48	100.00	0.00	0.00	0.00
GCT	49	100.00	0.00	0.00	0.00
GCT	50	0.00	0.00	100.00	0.00
GCT	51	100.00	0.00	0.00	0.00
GCT	52	0.00	0.00	0.00	100.00
GCT	53	100.00	0.00	0.00	0.00
GCT	54	0.00	100.00	0.00	0.00
GCT	55	0.00	100.00	0.00	0.00
GCT	56	0.00	0.00	100.00	0.00
GCT	57	0.00	100.00	0.00	0.00
GCT	58	0.00	100.00	0.00	0.00
GCT	59	0.00	0.00	100.00	0.00
GCT	60	0.00	0.00	0.00	100.00
GCT	61	0.00	100.00	0.00	0.00
GCT	62	0.00	100.00	0.00	0.00
GCT	63	100.00	0.00	0.00	0.00
GCT	64	0.00	0.00	0.00	100.00
GCT	65	0.00	0.00	0.00	100.00
GCT	66	0.00	0.00	0.00	100.00
GCT	67	0.00	0.00	100.00	0.00
GCT	68	100.00	0.00	0.00	0.00
GCT	69	0.00	0.00	100.00	0.00
GCT	70	0.00	100.00	0.00	0.00
GCT	71	0.00	0.00	0.00	100.00
GCT	72	0.00	0.00	100.00	0.00
GCT	73	0.00	100.00	0.00	0.00
GCT	74	100.00	0.00	0.00	0.00
GCT	75	0.00	100.00	0.00	0.00
GCT	76	0.00	100.00	0.00	0.00
GCT	77	100.00	0.00	0.00	0.00
GCT	78	0.00	0.00	100.00	0.00
GCT	79	0.00	0.00	0.00	100.00
GCT	80	0.00	0.00	100.00	0.00
GCT	81	100.00	0.00	0.00	0.00
GCT	82	0.00	0.00	0.00	100.00
GCT	83	0.00	100.00	0.00	0.00
GCT	84	100.00	0.00	0.00	0.00
GCT	85	0.00	0.00	0.00	100.00
GCT	86	0.00	0.00	100.00	0.00
GCT	87	0.00	0.00	0.00	100.00
GCT	88	0.00	0.00	0.00	100.00
GCT	89	0.00	0.00	0.00	100.00
GCT	90	0.00	0.00	0.00	100.00
GCT	91	0.00	0.00	0.00	100.00
GCT	92	100.00	0.00	0.00	0.00
GCT	93	100.00	0.00	0.00	0.00
GCT	94	0.00	100.00	0.00	0.00
GCT	95	100.00	0.00	0.00	0.00
GCT	96	0.00	0.00	0.00	100.00
GCT	97	100.00	0.00	0.00	0.00
GCT	98	0.00	0.00	100.00	0.00
GCT	99	0.00	0.00	0.00	100.00
GCT	100	0.00	100.00	0.00	0.00
GCT	101	100.00	0.00	0.00	0.00
GCT	102	0.00	0.00	100.00	0.00
GCT	103	0.00	100.00	0.00	0.00
GCT	104	0.00	0.00	100.00	0.00
GCT	105	0.00	0.00	0.00	100.00
GCT	106	0.00	0.00	100.00	0.00
GCT	107	0.00	0.00	0.00	100.00
GCT	108	0.00	100.00	0.00	0.00
GCT	109	0.00	100.00	0.00	0.00
GCT	110	0.00	0.00	0.00	100.00
GCT	111	0.00	0.00	100.00	0.00
GCT	112	0.00	0.00	100.00	0.00
GCT	113	0.00	0.00	100.00	0.00
GCT	114	0.00	100.00	0.00	0.00
GCT	115	100.00	0.00	0.00	0.00
GCT	116	0.00	0.00	100.00	0.00
GCT	117	0.00	0.00	0.00	100.00
GCT	118	0.00	100.00	0.00	0.00
GCT	119	100.00	0.00	0.00	0.00
GCT	120	100.00	0.00	0.00	0.00
GCT	121	0.00	100.00	0.00	0.00
GCT	122	0.00	0.00	100.00	0.00
GCT	123	0.00	0.00	0.00	100.00
GCT	124	0.00	0.00	100.00	0.00
GCT	125	100.00	0.00	0.00	0.00
GCT	126	0.00	0.00	100.00	0.00
GCT	127	0.00	100.00	0.00	0.00
GCT	128	100.00	0.00	0.00	0.00
GCT	129	0.00	0.00	0.00	100.00
GCT	130	100.00	0.00	0.00	0.00
GCT	131	0.00	0.00	100.00	0.00
GCT	132	0.00	0.00	0.00	100.00
GCT	133	0.00	0.00	100.00	0.00
GCT	134	100.00	0.00	0.00	0.00
GCT	135	0.00	100.00	0.00	0.00
GCT	136	0.00	0.00	100.00	0.00
GCT	137	0.00	0.00	0.00	100.00
GCT	138	0.00	0.00	0.00	100.00
GCT	139	0.00	0.00	0.00	100.00
GCT	140	0.00	0.00	100.00	0.00
GCT	141	0.00	0.00	0.00	100.00
GCT	142	0.00	100.00	0.00	0.00
GCT	143	100.00	0.00	0.00	0.00
GCT	144	0.00	0.00	100.00	0.00
GCT	145	0.00	0.00	0.00	100.00
GCT	146	0.00	0.00	0.00	100.00
GCT	147	0.00	0.00	0.00	100.00
GCT	148	0.00	0.00	100.00	0.00
GCT	149	0.00	0.00	100.00	0.00
GCT	150	0.00	0.00	0.00	100.00
GCT	151	100.00	0.00	0.00	0.00
# ACGT content per cycle for first fragments. Use `grep ^FBC | cut -f 2-` to extract this part. The columns are: cycle; A,C,G,T base counts as a percentage of all A/C/G/T bases [%]; and N and O counts as a percentage of all A/C/G/T bases [%]
# ACGT raw counters for first fragments. Use `grep ^FTC | cut -f 2-` to extract this part. The columns are: A,C,G,T,N base counters
FTC	0	0	0	0	0
# ACGT content per cycle for last fragments. Use `grep ^LBC | cut -f 2-` to extract this part. The columns are: cycle; A,C,G,T base counts as a percentage of all A/C/G/T bases [%]; and N and O counts as a percentage of all A/C/G/T bases [%]
LBC	1	100.00	0.00	0.00	0.00	0.00	0.00
LBC	2	0.00	100.00	0.00	0.00	0.00	0.00
LBC	3	100.00	0.00	0.00	0.00	0.00	0.00
LBC	4	0.00	100.00	0.00	0.00	0.00	0.00
LBC	5	100.00	0.00	0.00	0.00	0.00	0.00
LBC	6	100.00	0.00	0.00	0.00	0.00	0.00
LBC	7	0.00	0.00	100.00	0.00	0.00	0.00
LBC	8	0.00	0.00	0.00	100.00	0.00	0.00
LBC	9	0.00	0.00	100.00	0.00	0.00	0.00
LBC	10	0.00	100.00	0.00	0.00	0.00	0.00
LBC	11	0.00	0.00	0.00	100.00	0.00	0.00
LBC	12	0.00	100.00	0.00	0.00	0.00	0.00
LBC	13	100.00	0.00	0.00	0.00	0.00	0.00
LBC	14	100.00	0.00	0.00	0.00	0.00	0.00
LBC	15	100.00	0.00	0.00	0.00	0.00	0.00
LBC	16	0.00	100.00	0.00	0.00	0.00	0.00
LBC	17	100.00	0.00	0.00	0.00	0.00	0.00
LBC	18	0.00	100.00	0.00	0.00	0.00	0.00
LBC	19	0.00	100.00	0.00	0.00	0.00	0.00
LBC	20	0.00	0.00	100.00	0.00	0.00	0.00
LBC	21	0.00	0.00	0.00	100.00	0.00	0.00
LBC	22	100.00	0.00	0.00	0.00	0.00	0.00
LBC	23	100.00	0.00	0.00	0.00	0.00	0.00
LBC	24	0.00	100.00	0.00	0.00	0.00	0.00
LBC	25	0.00	100.00	0.00	0.00	0.00	0.00
LBC	26	0.00	0.00	0.00	100.00	0.00	0.00
LBC	27	0.00	0.00	100.00	0.00	0.00	0.00
LBC	28	0.00	0.00	100.00	0.00	0.00	0.00
LBC	29	0.00	100.00	0.00	0.00	0.00	0.00
LBC	30	100.00	0.00	0.00	0.00	0.00	0.00
LBC	31	0.00	0.00	100.00	0.00	0.00	0.00
LBC	32	0.00	0.00	0.00	100.00	0.00	0.00
LBC	33	0.00	100.00	0.00	0.00	0.00	0.00
LBC	34	0.00	0.00	100.00	0.00	0.00	0.00
LBC	35	0.00	0.00	0.00	100.00	0.00	0.00
LBC	36	0.00	100.00	0.00	0.00	0.00	0.00
LBC	37	0.00	0.00	100.00	0.00	0.00	0.00
LBC	38	0.00	0.00	0.00	100.00	0.00	0.00
LBC	39	0.00	100.00	0.00	0.00	0.00	0.00
LBC	40	0.00	0.00	0.00	100.00	0.00	0.00
LBC	41	100.00	0.00	0.00	0.00	0.00	0.00
LBC	42	0.00	0.00	0.00	100.00	0.00	0.00
LBC	43	0.00	0.00	100.00	0.00	0.00	0.00
LBC	44	0.00	0.00	0.00	100.00	0.00	0.00
LBC	45	0.00	0.00	0.00	100.00	0.00	0.00
LBC	46	0.00	0.00	100.00	0.00	0.00	0.00
LBC	47	100.00	0.00	0.00	0.00	0.00	0.00
LBC	48	0.00	0.00	0.00	100.00	0.00	0.00
LBC	49	0.00	0.00	0.00	100.00	0.00	0.00
LBC	50	0.00	100.00	0.00	0.00	0.00	0.00
LBC	51	0.00	0.00	0.00	100.00	0.00	0.00
LBC	52	100.00	0.00	0.00	0.00	0.00	0.00
LBC	53	0.00	0.00	0.00	100.00	0.00	0.00
LBC	54	0.00	0.00	100.00	0.00	0.00	0.00
LBC	55	0.00	0.00	100.00	0.00	0.00	0.00
LBC	56	0.00	100.00	0.00	0.00	0.00	0.00
LBC	57	0.00	0.00	100.00	0.00	0.00	0.00
LBC	58	0.00	0.00	100.00	0.00	0.00	0.00
LBC	59	0.00	100.00	0.00	0.00	0.00	0.00
LBC	60	100.00	0.00	0.00	0.00	0.00	0.00
LBC	61	0.00	0.00	100.00	0.00	0.00	0.00
LBC	62	0.00	0.00	100.00	0.00	0.00	0.00
LBC	63	0.00	0.00	0.00	100.00	0.00	0.00
LBC	64	100.00	0.00	0.00	0.00	0.00	0.00
LBC	65	100.00	0.00	0.00	0.00	0.00	0.00
LBC	66	100.00	0.00	0.00	0.00	0.00	0.00
LBC	67	0.00	100.00	0.00	0.00	0.00	0.00
LBC	68	0.00	0.00	0.00	100.00	0.00	0.00
LBC	69	0.00	100.00	0.00	0.00	0.00	0.00
LBC	70	0.00	0.00	100.00	0.00	0.00	0.00
LBC	71	100.00	0.00	0.00	0.00	0.00	0.00
LBC	72	0.00	100.00	0.00	0.00	0.00	0.00
LBC	73	0.00	0.00	100.00	0.00	0.00	0.00
LBC	74	0.00	0.00	0.00	100.00	0.00	0.00
LBC	75	0.00	0.00	100.00	0.00	0.00	0.00
LBC	76	0.00	0.00	100.00	0.00	0.00	0.00
LBC	77	0.00	0.00	0.00	100.00	0.00	0.00
LBC	78	0.00	100.00	0.00	0.00	0.00	0.00
LBC	79	100.00	0.00	0.00	0.00	0.00	0.00
LBC	80	0.00	100.00	0.00	0.00	0.00	0.00
LBC	81	0.00	0.00	0.00	100.00	0.00	0.00
LBC	82	100.00	0.00	0.00	0.00	0.00	0.00
LBC	83	0.00	0.00	100.00	0.00	0.00	0.00
LBC	84	0.00	0.00	0.00	100.00	0.00	0.00
LBC	85	100.00	0.00	0.00	0.00	0.00	0.00
LBC	86	0.00	100.00	0.00	0.00	0.00	0.00
LBC	87	100.00	0.00	0.00	0.00	0.00	0.00
LBC	88	100.00	0.00	0.00	0.00	0.00	0.00
LBC	89	100.00	0.00	0.00	0.00	0.00	0.00
LBC	90	100.00	0.00	0.00	0.00	0.00	0.00
LBC	91	100.00	0.00	0.00	0.00	0.00	0.00
LBC	92	0.00	0.00	0.00	100.00	0.00	0.00
LBC	93	0.00	0.00	0.00	100.00	0.00	0.00
LBC	94	0.00	0.00	100.00	0.00	0.00	0.00
LBC	95	0.00	0.00	0.00	100.00	0.00	0.00
LBC	96	100.00	0.00	0.00	0.00	0.00	0.00
LBC	97	0.00	0.00	0.00	100.00	0.00	0.00
LBC	98	0.00	100.00	0.00	0.00	0.00	0.00
LBC	99	100.00	0.00	0.00	0.00	0.00	0.00
LBC	100	0.00	0.00	100.00	0.00	0.00	0.00
LBC	101	0.00	0.00	0.00	100.00	0.00	0.00
LBC	102	0.00	100.00	0.00	0.00	0.00	0.00
LBC	103	0.00	0.00	100.00	0.00	0.00	0.00
LBC	104	0.00	100.00	0.00	0.00	0.00	0.00
LBC	105	100.00	0.00	0.00	0.00	0.00	0.00
LBC	106	0.00	100.00	0.00	0.00	0.00	0.00
LBC	107	100.00	0.00	0.00	0.00	0.00	0.00
LBC	108	0.00	0.00	100.00	0.00	0.00	0.00
LBC	109	0.00	0.00	100.00	0.00	0.00	0.00
LBC	110	100.00	0.00	0.00	0.00	0.00	0.00
LBC	111	0.00	100.00	0.00	0.00	0.00	0.00
LBC	112	0.00	100.00	0.00	0.00	0.00	0.00
LBC	113	0.00	100.00	0.00	0.00	0.00	0.00
LBC	114	0.00	0.00	100.00	0.00	0.00	0.00
LBC	115	0.00	0.00	0.00	100.00	0.00	0.00
LBC	116	0.00	100.00	0.00	0.00	0.00	0.00
LBC	117	100.00	0.00	0.00	0.00	0.00	0.00
LBC	118	0.00	0.00	100.00	0.00	0.00	0.00
LBC	119	0.00	0.00	0.00	100.00	0.00	0.00
LBC	120	0.00	0.00	0.00	100.00	0.00	0.00
LBC	121	0.00	0.00	100.00	0.00	0.00	0.00
LBC	122	0.00	100.00	0.00	0.00	0.00	0.00
LBC	123	100.00	0.00	0.00	0.00	0.00	0.00
LBC	124	0.00	100.00	0.00	0.00	0.00	0.00
LBC	125	0.00	0.00	0.00	100.00	0.00	0.00
LBC	126	0.00	100.00	0.00	0.00	0.00	0.00
LBC	127	0.00	0.00	100.00	0.00	0.00	0.00
LBC	128	0.00	0.00	0.00	100.00	0.00	0.00
LBC	129	100.00	0.00	0.00	0.00	0.00	0.00
LBC	130	0.00	0.00	0.00	100.00	0.00	0.00
LBC	131	0.00	100.00	0.00	0.00	0.00	0.00
LBC	132	100.00	0.00	0.00	0.00	0.00	0.00
LBC	133	0.00	100.00	0.00	0.00	0.00	0.00
LBC	134	0.00	0.00	0.00	100.00	0.00	0.00
LBC	135	0.00	0.00	100.00	0.00	0.00	0.00
LBC	136	0.00	100.00	0.00	0.00	0.00	0.00
LBC	137	100.00	0.00	0.00	0.00	0.00	0.00
LBC	138	100.00	0.00	0.00	0.00	0.00	0.00
LBC	139	100.00	0.00	0.00	0.00	0.00	0.00
LBC	140	0.00	100.00	0.00	0.00	0.00	0.00
LBC	141	100.00	0.00	0.00	0.00	0.00	0.00
LBC	142	0.00	0.00	100.00	0.00	0.00	0.00
LBC	143	0.00	0.00	0.00	100.00	0.00	0.00
LBC	144	0.00	100.00	0.00	0.00	0.00	0.00
LBC	145	100.00	0.00	0.00	0.00	0.00	0.00
LBC	146	100.00	0.00	0.00	0.00	0.00	0.00
LBC	147	100.00	0.00	0.00	0.00	0.00	0.00
LBC	148	0.00	100.00	0.00	0.00	0.00	0.00
LBC	149	0.00	100.00	0.00	0.00	0.00	0.00
LBC	150	100.00	0.00	0.00	0.00	0.00	0.00
LBC	151	0.00	0.00	0.00	100.00	0.00	0.00
# ACGT raw counters for last fragments. Use `grep ^LTC | cut -f 2-` to extract this part. The columns are: A,C,G,T,N base counters
LTC	44	40	32	35	0
# Insert sizes. Use `grep ^IS | cut -f 2-` to extract this part. The columns are: insert size, pairs total, inward oriented pairs, outward oriented pairs, other pairs
# Read lengths. Use `grep ^RL | cut -f 2-` to extract this part. The columns are: read length, count
RL	151	1
# Read lengths - first fragments. Use `grep ^FRL | cut -f 2-` to extract this part. The columns are: read length, count
# Read lengths - last fragments. Use `grep ^LRL | cut -f 2-` to extract this part. The columns are: read length, count
LRL	151	1
# Mapping qualities for reads !(UNMAP|SECOND|SUPPL|QCFAIL|DUP). Use `grep ^MAPQ | cut -f 2-` to extract this part. The columns are: mapq, count
MAPQ	255	1
# Indel distribution. Use `grep ^ID | cut -f 2-` to extract this part. The columns are: length, number of insertions, number of deletions
# Indels per cycle. Use `grep ^IC | cut -f 2-` to extract this part. The columns are: cycle, number of insertions (fwd), .. (rev) , number of deletions (fwd), .. (rev)
# Coverage distribution. Use `grep ^COV | cut -f 2-` to extract this part.
COV	[1-1]	1	151
# GC-depth. Use `grep ^GCD | cut -f 2-` to extract this part. The columns are: GC%, unique sequence percentiles, 10th, 25th, 50th, 75th and 90th depth percentile
GCD	0.0	100.000	0.000	0.000	0.000	0.000	0.000
