# This file was produced by samtools stats (1.21+htslib-1.21) and can be plotted using plot-bamstats
# This file contains statistics for all reads.
# The command line was:  stats NC.Staphy1.2C_l100_d_sorted.bam
# CHK, Checksum	[2]Read Names	[3]Sequences	[4]Qualities
# CHK, CRC32 of reads which passed filtering followed by addition (32bit overflow)
CHK	9fe5ce5a	023c1fa3	6ca26367
# Summary Numbers. Use `grep ^SN | cut -f 2-` to extract this part.
SN	raw total sequences:	673	# excluding supplementary and secondary reads
SN	filtered sequences:	0
SN	sequences:	673
SN	is sorted:	1
SN	1st fragments:	349
SN	last fragments:	324
SN	reads mapped:	673
SN	reads mapped and paired:	604	# paired-end technology bit set + both mates mapped
SN	reads unmapped:	0
SN	reads properly paired:	602	# proper-pair bit set
SN	reads paired:	673	# paired-end technology bit set
SN	reads duplicated:	0	# PCR or optical duplicate bit set
SN	reads MQ0:	2	# mapped and MQ=0
SN	reads QC failed:	0
SN	non-primary alignments:	16
SN	supplementary alignments:	0
SN	total length:	101447	# ignores clipping
SN	total first fragment length:	52626	# ignores clipping
SN	total last fragment length:	48821	# ignores clipping
SN	bases mapped:	101447	# ignores clipping
SN	bases mapped (cigar):	101447	# more accurate
SN	bases trimmed:	0
SN	bases duplicated:	0
SN	mismatches:	1445	# from NM fields
SN	error rate:	1.424389e-02	# mismatches / bases mapped (cigar)
SN	average length:	151
SN	average first fragment length:	151
SN	average last fragment length:	151
SN	maximum length:	151
SN	maximum first fragment length:	151
SN	maximum last fragment length:	151
SN	average quality:	39.0
SN	insert size average:	338.0
SN	insert size standard deviation:	85.0
SN	inward oriented pairs:	301
SN	outward oriented pairs:	1
SN	pairs with other orientation:	0
SN	pairs on different chromosomes:	0
SN	percentage of properly paired reads (%):	89.5
# First Fragment Qualities. Use `grep ^FFQ | cut -f 2-` to extract this part.
# Columns correspond to qualities and rows to cycles. First column is the cycle number.
FFQ	1	0	0	1	0	0	0	0	0	0	0	0	0	8	0	0	0	0	0	0	0	0	0	0	0	0	0	0	11	0	0	0	0	329	0	0	0	0	0	0	0	0	0	0
FFQ	2	0	0	0	0	0	0	0	0	0	0	0	0	5	0	0	0	0	0	0	0	0	0	0	0	0	0	0	8	0	0	0	0	336	0	0	0	0	0	0	0	0	0	0
FFQ	3	0	0	0	0	0	0	0	0	0	0	0	0	3	0	0	0	0	0	0	0	0	0	0	0	0	0	0	10	0	0	0	0	71	0	0	0	0	265	0	0	0	0	0
FFQ	4	0	0	0	0	0	0	0	0	0	0	0	0	7	0	0	0	0	0	0	0	0	0	0	0	0	0	0	2	0	0	0	0	24	0	0	0	0	316	0	0	0	0	0
FFQ	5	0	0	0	0	0	0	0	0	0	0	0	0	3	0	0	0	0	0	0	0	0	0	1	0	0	0	0	2	0	0	0	0	18	0	0	0	0	325	0	0	0	0	0
FFQ	6	0	0	0	0	0	0	0	0	0	0	0	0	3	0	0	0	0	0	0	0	0	0	1	0	0	0	0	4	0	0	0	0	9	0	0	0	0	32	0	0	0	300	0
FFQ	7	0	0	0	0	0	0	0	0	0	0	0	0	0	0	0	0	0	0	0	0	0	0	1	0	0	0	0	4	0	0	0	0	9	0	0	0	0	30	0	0	0	305	0
FFQ	8	0	0	0	0	0	0	0	0	0	0	0	0	4	0	0	0	0	0	0	0	0	0	0	0	0	0	0	2	0	0	0	0	7	0	0	0	0	19	0	0	0	317	0
FFQ	9	0	0	0	0	0	0	0	0	0	0	0	0	3	0	0	0	0	0	0	0	0	0	0	0	0	0	0	4	0	0	0	0	6	0	0	0	0	21	0	0	0	315	0
FFQ	10	0	0	0	0	0	0	0	0	0	0	0	0	2	0	0	0	0	0	0	0	0	0	1	0	0	0	0	3	0	0	0	0	7	0	0	0	0	24	0	0	0	312	0
FFQ	11	0	0	0	0	0	0	0	0	0	0	0	0	4	0	0	0	0	0	0	0	0	0	1	0	0	0	0	3	0	0	0	0	9	0	0	0	0	18	0	0	0	314	0
FFQ	12	0	0	0	0	0	0	0	0	0	0	0	0	6	0	0	0	0	0	0	0	0	0	1	0	0	0	0	4	0	0	0	0	8	0	0	0	0	21	0	0	0	309	0
FFQ	13	0	0	0	0	0	0	0	0	0	0	0	0	2	0	0	0	0	0	0	0	0	0	1	0	0	0	0	4	0	0	0	0	12	0	0	0	0	23	0	0	0	307	0
FFQ	14	0	0	0	0	0	0	0	0	0	0	0	0	4	0	0	0	0	0	0	0	0	0	1	0	0	0	0	2	0	0	0	0	11	0	0	0	0	17	0	0	0	314	0
FFQ	15	0	0	0	0	0	0	0	0	0	0	0	0	2	0	0	0	0	0	0	0	0	0	1	0	0	0	0	6	0	0	0	0	9	0	0	0	0	20	0	0	0	311	0
FFQ	16	0	0	0	0	0	0	0	0	0	0	0	0	2	0	0	0	0	0	0	0	0	0	4	0	0	0	0	4	0	0	0	0	4	0	0	0	0	21	0	0	0	314	0
FFQ	17	0	0	0	0	0	0	0	0	0	0	0	0	4	0	0	0	0	0	0	0	0	0	0	0	0	0	0	3	0	0	0	0	11	0	0	0	0	16	0	0	0	315	0
FFQ	18	0	0	0	0	0	0	0	0	0	0	0	0	1	0	0	0	0	0	0	0	0	0	1	0	0	0	0	3	0	0	0	0	7	0	0	0	0	19	0	0	0	318	0
FFQ	19	0	0	0	0	0	0	0	0	0	0	0	0	1	0	0	0	0	0	0	0	0	0	2	0	0	0	0	3	0	0	0	0	10	0	0	0	0	17	0	0	0	316	0
FFQ	20	0	0	0	0	0	0	0	0	0	0	0	0	1	0	0	0	0	0	0	0	0	0	3	0	0	0	0	0	0	0	0	0	8	0	0	0	0	20	0	0	0	317	0
FFQ	21	0	0	0	0	0	0	0	0	0	0	0	0	1	0	0	0	0	0	0	0	0	0	1	0	0	0	0	3	0	0	0	0	8	0	0	0	0	25	0	0	0	311	0
FFQ	22	0	0	0	0	0	0	0	0	0	0	0	0	0	0	0	0	0	0	0	0	0	0	2	0	0	0	0	1	0	0	0	0	6	0	0	0	0	19	0	0	0	321	0
FFQ	23	0	0	0	0	0	0	0	0	0	0	0	0	1	0	0	0	0	0	0	0	0	0	3	0	0	0	0	2	0	0	0	0	5	0	0	0	0	15	0	0	0	323	0
FFQ	24	0	0	0	0	0	0	0	0	0	0	0	0	3	0	0	0	0	0	0	0	0	0	2	0	0	0	0	4	0	0	0	0	6	0	0	0	0	16	0	0	0	318	0
FFQ	25	0	0	0	0	0	0	0	0	0	0	0	0	3	0	0	0	0	0	0	0	0	0	2	0	0	0	0	8	0	0	0	0	5	0	0	0	0	18	0	0	0	313	0
FFQ	26	0	0	0	0	0	0	0	0	0	0	0	0	2	0	0	0	0	0	0	0	0	0	0	0	0	0	0	3	0	0	0	0	5	0	0	0	0	31	0	0	0	308	0
FFQ	27	0	0	0	0	0	0	0	0	0	0	0	0	4	0	0	0	0	0	0	0	0	0	0	0	0	0	0	2	0	0	0	0	8	0	0	0	0	17	0	0	0	318	0
FFQ	28	0	0	0	0	0	0	0	0	0	0	0	0	2	0	0	0	0	0	0	0	0	0	1	0	0	0	0	5	0	0	0	0	7	0	0	0	0	20	0	0	0	314	0
FFQ	29	0	0	0	0	0	0	0	0	0	0	0	0	1	0	0	0	0	0	0	0	0	0	2	0	0	0	0	6	0	0	0	0	8	0	0	0	0	24	0	0	0	308	0
FFQ	30	0	0	0	0	0	0	0	0	0	0	0	0	6	0	0	0	0	0	0	0	0	0	2	0	0	0	0	4	0	0	0	0	7	0	0	0	0	24	0	0	0	306	0
FFQ	31	0	0	0	0	0	0	0	0	0	0	0	0	4	0	0	0	0	0	0	0	0	0	1	0	0	0	0	7	0	0	0	0	4	0	0	0	0	29	0	0	0	304	0
FFQ	32	0	0	0	0	0	0	0	0	0	0	0	0	3	0	0	0	0	0	0	0	0	0	1	0	0	0	0	4	0	0	0	0	4	0	0	0	0	20	0	0	0	317	0
FFQ	33	0	0	0	0	0	0	0	0	0	0	0	0	6	0	0	0	0	0	0	0	0	0	3	0	0	0	0	3	0	0	0	0	8	0	0	0	0	19	0	0	0	310	0
FFQ	34	0	0	0	0	0	0	0	0	0	0	0	0	0	0	0	0	0	0	0	0	0	0	1	0	0	0	0	9	0	0	0	0	5	0	0	0	0	19	0	0	0	315	0
FFQ	35	0	0	0	0	0	0	0	0	0	0	0	0	4	0	0	0	0	0	0	0	0	0	3	0	0	0	0	5	0	0	0	0	5	0	0	0	0	19	0	0	0	313	0
FFQ	36	0	0	0	0	0	0	0	0	0	0	0	0	5	0	0	0	0	0	0	0	0	0	1	0	0	0	0	5	0	0	0	0	8	0	0	0	0	15	0	0	0	315	0
FFQ	37	0	0	0	0	0	0	0	0	0	0	0	0	2	0	0	0	0	0	0	0	0	0	0	0	0	0	0	4	0	0	0	0	11	0	0	0	0	16	0	0	0	316	0
FFQ	38	0	0	0	0	0	0	0	0	0	0	0	0	5	0	0	0	0	0	0	0	0	0	3	0	0	0	0	5	0	0	0	0	4	0	0	0	0	14	0	0	0	318	0
FFQ	39	0	0	0	0	0	0	0	0	0	0	0	0	3	0	0	0	0	0	0	0	0	0	4	0	0	0	0	10	0	0	0	0	7	0	0	0	0	21	0	0	0	304	0
FFQ	40	0	0	0	0	0	0	0	0	0	0	0	0	4	0	0	0	0	0	0	0	0	0	1	0	0	0	0	2	0	0	0	0	6	0	0	0	0	25	0	0	0	311	0
FFQ	41	0	0	0	0	0	0	0	0	0	0	0	0	2	0	0	0	0	0	0	0	0	0	3	0	0	0	0	7	0	0	0	0	4	0	0	0	0	26	0	0	0	307	0
FFQ	42	0	0	0	0	0	0	0	0	0	0	0	0	4	0	0	0	0	0	0	0	0	0	0	0	0	0	0	8	0	0	0	0	9	0	0	0	0	21	0	0	0	307	0
FFQ	43	0	0	0	0	0	0	0	0	0	0	0	0	2	0	0	0	0	0	0	0	0	0	1	0	0	0	0	5	0	0	0	0	8	0	0	0	0	25	0	0	0	308	0
FFQ	44	0	0	0	0	0	0	0	0	0	0	0	0	5	0	0	0	0	0	0	0	0	0	2	0	0	0	0	3	0	0	0	0	7	0	0	0	0	23	0	0	0	309	0
FFQ	45	0	0	0	0	0	0	0	0	0	0	0	0	1	0	0	0	0	0	0	0	0	0	2	0	0	0	0	9	0	0	0	0	3	0	0	0	0	25	0	0	0	309	0
FFQ	46	0	0	1	0	0	0	0	0	0	0	0	0	4	0	0	0	0	0	0	0	0	0	2	0	0	0	0	6	0	0	0	0	7	0	0	0	0	28	0	0	0	301	0
FFQ	47	0	0	1	0	0	0	0	0	0	0	0	0	4	0	0	0	0	0	0	0	0	0	4	0	0	0	0	6	0	0	0	0	6	0	0	0	0	27	0	0	0	301	0
FFQ	48	0	0	0	0	0	0	0	0	0	0	0	0	4	0	0	0	0	0	0	0	0	0	1	0	0	0	0	5	0	0	0	0	7	0	0	0	0	24	0	0	0	308	0
FFQ	49	0	0	0	0	0	0	0	0	0	0	0	0	6	0	0	0	0	0	0	0	0	0	2	0	0	0	0	3	0	0	0	0	7	0	0	0	0	22	0	0	0	309	0
FFQ	50	0	0	0	0	0	0	0	0	0	0	0	0	5	0	0	0	0	0	0	0	0	0	4	0	0	0	0	4	0	0	0	0	7	0	0	0	0	25	0	0	0	304	0
FFQ	51	0	0	0	0	0	0	0	0	0	0	0	0	2	0	0	0	0	0	0	0	0	0	4	0	0	0	0	10	0	0	0	0	5	0	0	0	0	34	0	0	0	294	0
FFQ	52	0	0	0	0	0	0	0	0	0	0	0	0	3	0	0	0	0	0	0	0	0	0	5	0	0	0	0	2	0	0	0	0	8	0	0	0	0	23	0	0	0	308	0
FFQ	53	0	0	0	0	0	0	0	0	0	0	0	0	2	0	0	0	0	0	0	0	0	0	2	0	0	0	0	6	0	0	0	0	8	0	0	0	0	23	0	0	0	308	0
FFQ	54	0	0	0	0	0	0	0	0	0	0	0	0	0	0	0	0	0	0	0	0	0	0	5	0	0	0	0	6	0	0	0	0	3	0	0	0	0	28	0	0	0	307	0
FFQ	55	0	0	0	0	0	0	0	0	0	0	0	0	2	0	0	0	0	0	0	0	0	0	1	0	0	0	0	4	0	0	0	0	8	0	0	0	0	24	0	0	0	310	0
FFQ	56	0	0	0	0	0	0	0	0	0	0	0	0	6	0	0	0	0	0	0	0	0	0	2	0	0	0	0	3	0	0	0	0	10	0	0	0	0	25	0	0	0	303	0
FFQ	57	0	0	0	0	0	0	0	0	0	0	0	0	3	0	0	0	0	0	0	0	0	0	2	0	0	0	0	6	0	0	0	0	7	0	0	0	0	27	0	0	0	304	0
FFQ	58	0	0	0	0	0	0	0	0	0	0	0	0	5	0	0	0	0	0	0	0	0	0	0	0	0	0	0	7	0	0	0	0	6	0	0	0	0	24	0	0	0	307	0
FFQ	59	0	0	0	0	0	0	0	0	0	0	0	0	5	0	0	0	0	0	0	0	0	0	1	0	0	0	0	3	0	0	0	0	6	0	0	0	0	30	0	0	0	304	0
FFQ	60	0	0	0	0	0	0	0	0	0	0	0	0	4	0	0	0	0	0	0	0	0	0	4	0	0	0	0	10	0	0	0	0	5	0	0	0	0	25	0	0	0	301	0
FFQ	61	0	0	0	0	0	0	0	0	0	0	0	0	6	0	0	0	0	0	0	0	0	0	2	0	0	0	0	7	0	0	0	0	10	0	0	0	0	33	0	0	0	291	0
FFQ	62	0	0	0	0	0	0	0	0	0	0	0	0	9	0	0	0	0	0	0	0	0	0	0	0	0	0	0	9	0	0	0	0	10	0	0	0	0	18	0	0	0	303	0
FFQ	63	0	0	0	0	0	0	0	0	0	0	0	0	11	0	0	0	0	0	0	0	0	0	4	0	0	0	0	7	0	0	0	0	2	0	0	0	0	19	0	0	0	306	0
FFQ	64	0	0	0	0	0	0	0	0	0	0	0	0	3	0	0	0	0	0	0	0	0	0	5	0	0	0	0	7	0	0	0	0	8	0	0	0	0	27	0	0	0	299	0
FFQ	65	0	0	0	0	0	0	0	0	0	0	0	0	11	0	0	0	0	0	0	0	0	0	3	0	0	0	0	6	0	0	0	0	4	0	0	0	0	31	0	0	0	294	0
FFQ	66	0	0	0	0	0	0	0	0	0	0	0	0	3	0	0	0	0	0	0	0	0	0	4	0	0	0	0	7	0	0	0	0	9	0	0	0	0	29	0	0	0	297	0
FFQ	67	0	0	0	0	0	0	0	0	0	0	0	0	7	0	0	0	0	0	0	0	0	0	5	0	0	0	0	5	0	0	0	0	4	0	0	0	0	23	0	0	0	305	0
FFQ	68	0	0	0	0	0	0	0	0	0	0	0	0	5	0	0	0	0	0	0	0	0	0	3	0	0	0	0	10	0	0	0	0	6	0	0	0	0	26	0	0	0	299	0
FFQ	69	0	0	0	0	0	0	0	0	0	0	0	0	9	0	0	0	0	0	0	0	0	0	3	0	0	0	0	3	0	0	0	0	5	0	0	0	0	24	0	0	0	305	0
FFQ	70	0	0	0	0	0	0	0	0	0	0	0	0	6	0	0	0	0	0	0	0	0	0	2	0	0	0	0	4	0	0	0	0	9	0	0	0	0	24	0	0	0	304	0
FFQ	71	0	0	0	0	0	0	0	0	0	0	0	0	4	0	0	0	0	0	0	0	0	0	4	0	0	0	0	5	0	0	0	0	6	0	0	0	0	27	0	0	0	303	0
FFQ	72	0	0	0	0	0	0	0	0	0	0	0	0	5	0	0	0	0	0	0	0	0	0	2	0	0	0	0	4	0	0	0	0	5	0	0	0	0	17	0	0	0	316	0
FFQ	73	0	0	0	0	0	0	0	0	0	0	0	0	5	0	0	0	0	0	0	0	0	0	2	0	0	0	0	3	0	0	0	0	7	0	0	0	0	26	0	0	0	306	0
FFQ	74	0	0	0	0	0	0	0	0	0	0	0	0	5	0	0	0	0	0	0	0	0	0	2	0	0	0	0	7	0	0	0	0	7	0	0	0	0	24	0	0	0	304	0
FFQ	75	0	0	0	0	0	0	0	0	0	0	0	0	3	0	0	0	0	0	0	0	0	0	3	0	0	0	0	7	0	0	0	0	8	0	0	0	0	25	0	0	0	303	0
FFQ	76	0	0	0	0	0	0	0	0	0	0	0	0	4	0	0	0	0	0	0	0	0	0	5	0	0	0	0	5	0	0	0	0	11	0	0	0	0	19	0	0	0	305	0
FFQ	77	0	0	0	0	0	0	0	0	0	0	0	0	3	0	0	0	0	0	0	0	0	0	5	0	0	0	0	9	0	0	0	0	18	0	0	0	0	58	0	0	0	256	0
FFQ	78	0	0	0	0	0	0	0	0	0	0	0	0	4	0	0	0	0	0	0	0	0	0	0	0	0	0	0	8	0	0	0	0	18	0	0	0	0	30	0	0	0	289	0
FFQ	79	0	0	0	0	0	0	0	0	0	0	0	0	6	0	0	0	0	0	0	0	0	0	2	0	0	0	0	7	0	0	0	0	8	0	0	0	0	26	0	0	0	300	0
FFQ	80	0	0	0	0	0	0	0	0	0	0	0	0	7	0	0	0	0	0	0	0	0	0	2	0	0	0	0	4	0	0	0	0	8	0	0	0	0	20	0	0	0	308	0
FFQ	81	0	0	0	0	0	0	0	0	0	0	0	0	6	0	0	0	0	0	0	0	0	0	2	0	0	0	0	5	0	0	0	0	9	0	0	0	0	39	0	0	0	288	0
FFQ	82	0	0	0	0	0	0	0	0	0	0	0	0	8	0	0	0	0	0	0	0	0	0	2	0	0	0	0	9	0	0	0	0	6	0	0	0	0	18	0	0	0	306	0
FFQ	83	0	0	0	0	0	0	0	0	0	0	0	0	7	0	0	0	0	0	0	0	0	0	3	0	0	0	0	7	0	0	0	0	5	0	0	0	0	27	0	0	0	300	0
FFQ	84	0	0	0	0	0	0	0	0	0	0	0	0	4	0	0	0	0	0	0	0	0	0	2	0	0	0	0	10	0	0	0	0	13	0	0	0	0	31	0	0	0	289	0
FFQ	85	0	0	0	0	0	0	0	0	0	0	0	0	4	0	0	0	0	0	0	0	0	0	4	0	0	0	0	9	0	0	0	0	7	0	0	0	0	27	0	0	0	298	0
FFQ	86	0	0	0	0	0	0	0	0	0	0	0	0	7	0	0	0	0	0	0	0	0	0	3	0	0	0	0	3	0	0	0	0	10	0	0	0	0	25	0	0	0	301	0
FFQ	87	0	0	0	0	0	0	0	0	0	0	0	0	3	0	0	0	0	0	0	0	0	0	7	0	0	0	0	7	0	0	0	0	5	0	0	0	0	28	0	0	0	299	0
FFQ	88	0	0	0	0	0	0	0	0	0	0	0	0	5	0	0	0	0	0	0	0	0	0	2	0	0	0	0	5	0	0	0	0	5	0	0	0	0	26	0	0	0	306	0
FFQ	89	0	0	0	0	0	0	0	0	0	0	0	0	4	0	0	0	0	0	0	0	0	0	5	0	0	0	0	7	0	0	0	0	9	0	0	0	0	26	0	0	0	298	0
FFQ	90	0	0	0	0	0	0	0	0	0	0	0	0	6	0	0	0	0	0	0	0	0	0	3	0	0	0	0	6	0	0	0	0	8	0	0	0	0	29	0	0	0	297	0
FFQ	91	0	0	0	0	0	0	0	0	0	0	0	0	2	0	0	0	0	0	0	0	0	0	6	0	0	0	0	6	0	0	0	0	11	0	0	0	0	28	0	0	0	296	0
FFQ	92	0	0	0	0	0	0	0	0	0	0	0	0	9	0	0	0	0	0	0	0	0	0	4	0	0	0	0	4	0	0	0	0	9	0	0	0	0	29	0	0	0	294	0
FFQ	93	0	0	0	0	0	0	0	0	0	0	0	0	6	0	0	0	0	0	0	0	0	0	4	0	0	0	0	4	0	0	0	0	11	0	0	0	0	32	0	0	0	292	0
FFQ	94	0	0	0	0	0	0	0	0	0	0	0	0	9	0	0	0	0	0	0	0	0	0	1	0	0	0	0	4	0	0	0	0	10	0	0	0	0	35	0	0	0	290	0
FFQ	95	0	0	0	0	0	0	0	0	0	0	0	0	7	0	0	0	0	0	0	0	0	0	7	0	0	0	0	3	0	0	0	0	8	0	0	0	0	34	0	0	0	290	0
FFQ	96	0	0	0	0	0	0	0	0	0	0	0	0	7	0	0	0	0	0	0	0	0	0	3	0	0	0	0	8	0	0	0	0	10	0	0	0	0	30	0	0	0	291	0
FFQ	97	0	0	0	0	0	0	0	0	0	0	0	0	14	0	0	0	0	0	0	0	0	0	5	0	0	0	0	1	0	0	0	0	9	0	0	0	0	28	0	0	0	292	0
FFQ	98	0	0	0	0	0	0	0	0	0	0	0	0	4	0	0	0	0	0	0	0	0	0	4	0	0	0	0	7	0	0	0	0	11	0	0	0	0	19	0	0	0	304	0
FFQ	99	0	0	0	0	0	0	0	0	0	0	0	0	5	0	0	0	0	0	0	0	0	0	6	0	0	0	0	4	0	0	0	0	13	0	0	0	0	30	0	0	0	291	0
FFQ	100	0	0	0	0	0	0	0	0	0	0	0	0	2	0	0	0	0	0	0	0	0	0	8	0	0	0	0	10	0	0	0	0	7	0	0	0	0	26	0	0	0	296	0
FFQ	101	0	0	0	0	0	0	0	0	0	0	0	0	6	0	0	0	0	0	0	0	0	0	4	0	0	0	0	2	0	0	0	0	10	0	0	0	0	35	0	0	0	292	0
FFQ	102	0	0	0	0	0	0	0	0	0	0	0	0	4	0	0	0	0	0	0	0	0	0	0	0	0	0	0	11	0	0	0	0	11	0	0	0	0	36	0	0	0	287	0
FFQ	103	0	0	0	0	0	0	0	0	0	0	0	0	8	0	0	0	0	0	0	0	0	0	5	0	0	0	0	4	0	0	0	0	6	0	0	0	0	23	0	0	0	303	0
FFQ	104	0	0	0	0	0	0	0	0	0	0	0	0	4	0	0	0	0	0	0	0	0	0	9	0	0	0	0	10	0	0	0	0	7	0	0	0	0	23	0	0	0	296	0
FFQ	105	0	0	0	0	0	0	0	0	0	0	0	0	4	0	0	0	0	0	0	0	0	0	6	0	0	0	0	11	0	0	0	0	10	0	0	0	0	25	0	0	0	293	0
FFQ	106	0	0	0	0	0	0	0	0	0	0	0	0	4	0	0	0	0	0	0	0	0	0	6	0	0	0	0	4	0	0	0	0	12	0	0	0	0	36	0	0	0	287	0
FFQ	107	0	0	0	0	0	0	0	0	0	0	0	0	5	0	0	0	0	0	0	0	0	0	2	0	0	0	0	6	0	0	0	0	9	0	0	0	0	37	0	0	0	290	0
FFQ	108	0	0	0	0	0	0	0	0	0	0	0	0	5	0	0	0	0	0	0	0	0	0	7	0	0	0	0	6	0	0	0	0	7	0	0	0	0	28	0	0	0	296	0
FFQ	109	0	0	0	0	0	0	0	0	0	0	0	0	6	0	0	0	0	0	0	0	0	0	8	0	0	0	0	4	0	0	0	0	18	0	0	0	0	33	0	0	0	280	0
FFQ	110	0	0	0	0	0	0	0	0	0	0	0	0	13	0	0	0	0	0	0	0	0	0	5	0	0	0	0	9	0	0	0	0	6	0	0	0	0	30	0	0	0	286	0
FFQ	111	0	0	0	0	0	0	0	0	0	0	0	0	9	0	0	0	0	0	0	0	0	0	5	0	0	0	0	10	0	0	0	0	7	0	0	0	0	32	0	0	0	286	0
FFQ	112	0	0	0	0	0	0	0	0	0	0	0	0	10	0	0	0	0	0	0	0	0	0	7	0	0	0	0	5	0	0	0	0	14	0	0	0	0	30	0	0	0	283	0
FFQ	113	0	0	0	0	0	0	0	0	0	0	0	0	9	0	0	0	0	0	0	0	0	0	8	0	0	0	0	3	0	0	0	0	18	0	0	0	0	28	0	0	0	283	0
FFQ	114	0	0	0	0	0	0	0	0	0	0	0	0	12	0	0	0	0	0	0	0	0	0	3	0	0	0	0	2	0	0	0	0	13	0	0	0	0	31	0	0	0	288	0
FFQ	115	0	0	0	0	0	0	0	0	0	0	0	0	10	0	0	0	0	0	0	0	0	0	2	0	0	0	0	7	0	0	0	0	12	0	0	0	0	33	0	0	0	285	0
FFQ	116	0	0	0	0	0	0	0	0	0	0	0	0	5	0	0	0	0	0	0	0	0	0	7	0	0	0	0	10	0	0	0	0	16	0	0	0	0	22	0	0	0	289	0
FFQ	117	0	0	0	0	0	0	0	0	0	0	0	0	9	0	0	0	0	0	0	0	0	0	10	0	0	0	0	4	0	0	0	0	7	0	0	0	0	29	0	0	0	290	0
FFQ	118	0	0	0	0	0	0	0	0	0	0	0	0	10	0	0	0	0	0	0	0	0	0	5	0	0	0	0	3	0	0	0	0	17	0	0	0	0	38	0	0	0	276	0
FFQ	119	0	0	0	0	0	0	0	0	0	0	0	0	9	0	0	0	0	0	0	0	0	0	5	0	0	0	0	3	0	0	0	0	14	0	0	0	0	36	0	0	0	282	0
FFQ	120	0	0	0	0	0	0	0	0	0	0	0	0	8	0	0	0	0	0	0	0	0	0	3	0	0	0	0	8	0	0	0	0	11	0	0	0	0	32	0	0	0	287	0
FFQ	121	0	0	0	0	0	0	0	0	0	0	0	0	7	0	0	0	0	0	0	0	0	0	7	0	0	0	0	5	0	0	0	0	11	0	0	0	0	31	0	0	0	288	0
FFQ	122	0	0	0	0	0	0	0	0	0	0	0	0	5	0	0	0	0	0	0	0	0	0	12	0	0	0	0	4	0	0	0	0	16	0	0	0	0	32	0	0	0	280	0
FFQ	123	0	0	0	0	0	0	0	0	0	0	0	0	8	0	0	0	0	0	0	0	0	0	5	0	0	0	0	6	0	0	0	0	15	0	0	0	0	41	0	0	0	274	0
FFQ	124	0	0	0	0	0	0	0	0	0	0	0	0	12	0	0	0	0	0	0	0	0	0	5	0	0	0	0	9	0	0	0	0	15	0	0	0	0	25	0	0	0	283	0
FFQ	125	0	0	0	0	0	0	0	0	0	0	0	0	4	0	0	0	0	0	0	0	0	0	10	0	0	0	0	7	0	0	0	0	11	0	0	0	0	33	0	0	0	284	0
FFQ	126	0	0	0	0	0	0	0	0	0	0	0	0	5	0	0	0	0	0	0	0	0	0	8	0	0	0	0	5	0	0	0	0	16	0	0	0	0	37	0	0	0	278	0
FFQ	127	0	0	0	0	0	0	0	0	0	0	0	0	10	0	0	0	0	0	0	0	0	0	7	0	0	0	0	7	0	0	0	0	20	0	0	0	0	28	0	0	0	277	0
FFQ	128	0	0	0	0	0	0	0	0	0	0	0	0	5	0	0	0	0	0	0	0	0	0	8	0	0	0	0	13	0	0	0	0	12	0	0	0	0	39	0	0	0	272	0
FFQ	129	0	0	0	0	0	0	0	0	0	0	0	0	11	0	0	0	0	0	0	0	0	0	8	0	0	0	0	11	0	0	0	0	12	0	0	0	0	34	0	0	0	273	0
FFQ	130	0	0	0	0	0	0	0	0	0	0	0	0	7	0	0	0	0	0	0	0	0	0	6	0	0	0	0	6	0	0	0	0	17	0	0	0	0	45	0	0	0	268	0
FFQ	131	0	0	0	0	0	0	0	0	0	0	0	0	9	0	0	0	0	0	0	0	0	0	9	0	0	0	0	5	0	0	0	0	12	0	0	0	0	36	0	0	0	278	0
FFQ	132	0	0	0	0	0	0	0	0	0	0	0	0	10	0	0	0	0	0	0	0	0	0	6	0	0	0	0	7	0	0	0	0	12	0	0	0	0	41	0	0	0	273	0
FFQ	133	0	0	0	0	0	0	0	0	0	0	0	0	8	0	0	0	0	0	0	0	0	0	6	0	0	0	0	11	0	0	0	0	12	0	0	0	0	42	0	0	0	270	0
FFQ	134	0	0	0	0	0	0	0	0	0	0	0	0	9	0	0	0	0	0	0	0	0	0	9	0	0	0	0	13	0	0	0	0	16	0	0	0	0	37	0	0	0	265	0
FFQ	135	0	0	0	0	0	0	0	0	0	0	0	0	9	0	0	0	0	0	0	0	0	0	10	0	0	0	0	4	0	0	0	0	20	0	0	0	0	49	0	0	0	257	0
FFQ	136	0	0	0	0	0	0	0	0	0	0	0	0	6	0	0	0	0	0	0	0	0	0	6	0	0	0	0	3	0	0	0	0	14	0	0	0	0	37	0	0	0	283	0
FFQ	137	0	0	0	0	0	0	0	0	0	0	0	0	10	0	0	0	0	0	0	0	0	0	9	0	0	0	0	8	0	0	0	0	12	0	0	0	0	35	0	0	0	275	0
FFQ	138	0	0	0	0	0	0	0	0	0	0	0	0	12	0	0	0	0	0	0	0	0	0	10	0	0	0	0	7	0	0	0	0	18	0	0	0	0	48	0	0	0	254	0
FFQ	139	0	0	0	0	0	0	0	0	0	0	0	0	6	0	0	0	0	0	0	0	0	0	5	0	0	0	0	13	0	0	0	0	17	0	0	0	0	55	0	0	0	252	0
FFQ	140	0	0	0	0	0	0	0	0	0	0	0	0	13	0	0	0	0	0	0	0	0	0	5	0	0	0	0	6	0	0	0	0	18	0	0	0	0	42	0	0	0	264	0
FFQ	141	0	0	0	0	0	0	0	0	0	0	0	0	12	0	0	0	0	0	0	0	0	0	7	0	0	0	0	7	0	0	0	0	19	0	0	0	0	45	0	0	0	258	0
FFQ	142	0	0	0	0	0	0	0	0	0	0	0	0	6	0	0	0	0	0	0	0	0	0	7	0	0	0	0	6	0	0	0	0	17	0	0	0	0	52	0	0	0	260	0
FFQ	143	0	0	0	0	0	0	0	0	0	0	0	0	6	0	0	0	0	0	0	0	0	0	11	0	0	0	0	12	0	0	0	0	12	0	0	0	0	38	0	0	0	269	0
FFQ	144	0	0	0	0	0	0	0	0	0	0	0	0	10	0	0	0	0	0	0	0	0	0	6	0	0	0	0	7	0	0	0	0	8	0	0	0	0	45	0	0	0	272	0
FFQ	145	0	0	0	0	0	0	0	0	0	0	0	0	11	0	0	0	0	0	0	0	0	0	6	0	0	0	0	13	0	0	0	0	15	0	0	0	0	51	0	0	0	252	0
FFQ	146	0	0	0	0	0	0	0	0	0	0	0	0	15	0	0	0	0	0	0	0	0	0	5	0	0	0	0	11	0	0	0	0	12	0	0	0	0	49	0	0	0	256	0
FFQ	147	0	0	0	0	0	0	0	0	0	0	0	0	10	0	0	0	0	0	0	0	0	0	8	0	0	0	0	10	0	0	0	0	13	0	0	0	0	57	0	0	0	249	0
FFQ	148	0	0	0	0	0	0	0	0	0	0	0	0	13	0	0	0	0	0	0	0	0	0	7	0	0	0	0	5	0	0	0	0	21	0	0	0	0	50	0	0	0	250	0
FFQ	149	0	0	0	0	0	0	0	0	0	0	0	0	14	0	0	0	0	0	0	0	0	0	6	0	0	0	0	9	0	0	0	0	14	0	0	0	0	51	0	0	0	245	0
FFQ	150	0	0	0	0	0	0	0	0	0	0	0	0	4	0	0	0	0	0	0	0	0	0	10	0	0	0	0	7	0	0	0	0	16	0	0	0	0	53	0	0	0	248	0
FFQ	151	0	0	0	0	0	0	0	0	0	0	0	0	0	0	0	0	0	0	0	0	0	0	6	0	0	0	0	11	0	0	0	0	24	0	0	0	0	71	0	0	0	198	0
# Last Fragment Qualities. Use `grep ^LFQ | cut -f 2-` to extract this part.
# Columns correspond to qualities and rows to cycles. First column is the cycle number.
LFQ	1	0	0	3	0	0	0	0	0	0	0	0	0	5	0	0	0	0	0	0	0	0	0	0	0	0	0	0	19	0	0	0	0	297	0	0	0	0	0	0	0	0	0	0
LFQ	2	0	0	0	0	0	0	0	0	0	0	0	0	7	0	0	0	0	0	0	0	0	0	0	0	0	0	0	14	0	0	0	0	303	0	0	0	0	0	0	0	0	0	0
LFQ	3	0	0	0	0	0	0	0	0	0	0	0	0	11	0	0	0	0	0	0	0	0	0	0	0	0	0	0	9	0	0	0	0	106	0	0	0	0	198	0	0	0	0	0
LFQ	4	0	0	0	0	0	0	0	0	0	0	0	0	7	0	0	0	0	0	0	0	0	0	1	0	0	0	0	7	0	0	0	0	38	0	0	0	0	271	0	0	0	0	0
LFQ	5	0	0	0	0	0	0	0	0	0	0	0	0	10	0	0	0	0	0	0	0	0	0	5	0	0	0	0	3	0	0	0	0	22	0	0	0	0	284	0	0	0	0	0
LFQ	6	0	0	0	0	0	0	0	0	0	0	0	0	8	0	0	0	0	0	0	0	0	0	0	0	0	0	0	4	0	0	0	0	13	0	0	0	0	37	0	0	0	262	0
LFQ	7	0	0	0	0	0	0	0	0	0	0	0	0	7	0	0	0	0	0	0	0	0	0	1	0	0	0	0	10	0	0	0	0	13	0	0	0	0	35	0	0	0	258	0
LFQ	8	0	0	0	0	0	0	0	0	0	0	0	0	11	0	0	0	0	0	0	0	0	0	1	0	0	0	0	2	0	0	0	0	21	0	0	0	0	40	0	0	0	249	0
LFQ	9	0	0	0	0	0	0	0	0	0	0	0	0	3	0	0	0	0	0	0	0	0	0	3	0	0	0	0	7	0	0	0	0	19	0	0	0	0	36	0	0	0	256	0
LFQ	10	0	0	0	0	0	0	0	0	0	0	0	0	5	0	0	0	0	0	0	0	0	0	6	0	0	0	0	4	0	0	0	0	10	0	0	0	0	39	0	0	0	260	0
LFQ	11	0	0	0	0	0	0	0	0	0	0	0	0	8	0	0	0	0	0	0	0	0	0	2	0	0	0	0	2	0	0	0	0	6	0	0	0	0	32	0	0	0	274	0
LFQ	12	0	0	0	0	0	0	0	0	0	0	0	0	7	0	0	0	0	0	0	0	0	0	2	0	0	0	0	2	0	0	0	0	7	0	0	0	0	28	0	0	0	278	0
LFQ	13	0	0	0	0	0	0	0	0	0	0	0	0	4	0	0	0	0	0	0	0	0	0	2	0	0	0	0	3	0	0	0	0	12	0	0	0	0	33	0	0	0	270	0
LFQ	14	0	0	0	0	0	0	0	0	0	0	0	0	3	0	0	0	0	0	0	0	0	0	4	0	0	0	0	4	0	0	0	0	13	0	0	0	0	26	0	0	0	274	0
LFQ	15	0	0	0	0	0	0	0	0	0	0	0	0	5	0	0	0	0	0	0	0	0	0	1	0	0	0	0	2	0	0	0	0	17	0	0	0	0	37	0	0	0	262	0
LFQ	16	0	0	0	0	0	0	0	0	0	0	0	0	2	0	0	0	0	0	0	0	0	0	5	0	0	0	0	9	0	0	0	0	4	0	0	0	0	23	0	0	0	281	0
LFQ	17	0	0	0	0	0	0	0	0	0	0	0	0	4	0	0	0	0	0	0	0	0	0	2	0	0	0	0	6	0	0	0	0	14	0	0	0	0	38	0	0	0	260	0
LFQ	18	0	0	0	0	0	0	0	0	0	0	0	0	10	0	0	0	0	0	0	0	0	0	2	0	0	0	0	6	0	0	0	0	4	0	0	0	0	31	0	0	0	271	0
LFQ	19	0	0	0	0	0	0	0	0	0	0	0	0	3	0	0	0	0	0	0	0	0	0	4	0	0	0	0	6	0	0	0	0	5	0	0	0	0	25	0	0	0	281	0
LFQ	20	0	0	0	0	0	0	0	0	0	0	0	0	5	0	0	0	0	0	0	0	0	0	1	0	0	0	0	7	0	0	0	0	7	0	0	0	0	34	0	0	0	270	0
LFQ	21	0	0	0	0	0	0	0	0	0	0	0	0	2	0	0	0	0	0	0	0	0	0	2	0	0	0	0	2	0	0	0	0	4	0	0	0	0	34	0	0	0	280	0
LFQ	22	0	0	0	0	0	0	0	0	0	0	0	0	2	0	0	0	0	0	0	0	0	0	1	0	0	0	0	11	0	0	0	0	6	0	0	0	0	24	0	0	0	280	0
LFQ	23	0	0	0	0	0	0	0	0	0	0	0	0	6	0	0	0	0	0	0	0	0	0	0	0	0	0	0	3	0	0	0	0	7	0	0	0	0	36	0	0	0	272	0
LFQ	24	0	0	0	0	0	0	0	0	0	0	0	0	5	0	0	0	0	0	0	0	0	0	4	0	0	0	0	4	0	0	0	0	5	0	0	0	0	25	0	0	0	281	0
LFQ	25	0	0	0	0	0	0	0	0	0	0	0	0	5	0	0	0	0	0	0	0	0	0	6	0	0	0	0	8	0	0	0	0	9	0	0	0	0	30	0	0	0	266	0
LFQ	26	0	0	0	0	0	0	0	0	0	0	0	0	12	0	0	0	0	0	0	0	0	0	3	0	0	0	0	6	0	0	0	0	8	0	0	0	0	20	0	0	0	275	0
LFQ	27	0	0	7	0	0	0	0	0	0	0	0	0	5	0	0	0	0	0	0	0	0	0	2	0	0	0	0	7	0	0	0	0	9	0	0	0	0	34	0	0	0	260	0
LFQ	28	0	0	0	0	0	0	0	0	0	0	0	0	5	0	0	0	0	0	0	0	0	0	3	0	0	0	0	7	0	0	0	0	9	0	0	0	0	31	0	0	0	269	0
LFQ	29	0	0	0	0	0	0	0	0	0	0	0	0	4	0	0	0	0	0	0	0	0	0	5	0	0	0	0	6	0	0	0	0	11	0	0	0	0	35	0	0	0	263	0
LFQ	30	0	0	0	0	0	0	0	0	0	0	0	0	4	0	0	0	0	0	0	0	0	0	4	0	0	0	0	5	0	0	0	0	12	0	0	0	0	33	0	0	0	266	0
LFQ	31	0	0	0	0	0	0	0	0	0	0	0	0	4	0	0	0	0	0	0	0	0	0	2	0	0	0	0	8	0	0	0	0	7	0	0	0	0	32	0	0	0	271	0
LFQ	32	0	0	0	0	0	0	0	0	0	0	0	0	0	0	0	0	0	0	0	0	0	0	4	0	0	0	0	9	0	0	0	0	5	0	0	0	0	33	0	0	0	273	0
LFQ	33	0	0	0	0	0	0	0	0	0	0	0	0	4	0	0	0	0	0	0	0	0	0	0	0	0	0	0	7	0	0	0	0	10	0	0	0	0	37	0	0	0	266	0
LFQ	34	0	0	0	0	0	0	0	0	0	0	0	0	3	0	0	0	0	0	0	0	0	0	0	0	0	0	0	5	0	0	0	0	13	0	0	0	0	27	0	0	0	276	0
LFQ	35	0	0	0	0	0	0	0	0	0	0	0	0	2	0	0	0	0	0	0	0	0	0	2	0	0	0	0	5	0	0	0	0	10	0	0	0	0	38	0	0	0	267	0
LFQ	36	0	0	0	0	0	0	0	0	0	0	0	0	5	0	0	0	0	0	0	0	0	0	4	0	0	0	0	11	0	0	0	0	12	0	0	0	0	52	0	0	0	240	0
LFQ	37	0	0	0	0	0	0	0	0	0	0	0	0	6	0	0	0	0	0	0	0	0	0	5	0	0	0	0	3	0	0	0	0	10	0	0	0	0	42	0	0	0	258	0
LFQ	38	0	0	0	0	0	0	0	0	0	0	0	0	10	0	0	0	0	0	0	0	0	0	6	0	0	0	0	5	0	0	0	0	11	0	0	0	0	42	0	0	0	250	0
LFQ	39	0	0	0	0	0	0	0	0	0	0	0	0	6	0	0	0	0	0	0	0	0	0	2	0	0	0	0	5	0	0	0	0	18	0	0	0	0	49	0	0	0	244	0
LFQ	40	0	0	0	0	0	0	0	0	0	0	0	0	8	0	0	0	0	0	0	0	0	0	6	0	0	0	0	13	0	0	0	0	14	0	0	0	0	34	0	0	0	249	0
LFQ	41	0	0	0	0	0	0	0	0	0	0	0	0	6	0	0	0	0	0	0	0	0	0	5	0	0	0	0	8	0	0	0	0	10	0	0	0	0	42	0	0	0	253	0
LFQ	42	0	0	0	0	0	0	0	0	0	0	0	0	11	0	0	0	0	0	0	0	0	0	3	0	0	0	0	9	0	0	0	0	10	0	0	0	0	44	0	0	0	247	0
LFQ	43	0	0	0	0	0	0	0	0	0	0	0	0	8	0	0	0	0	0	0	0	0	0	3	0	0	0	0	10	0	0	0	0	12	0	0	0	0	41	0	0	0	250	0
LFQ	44	0	0	0	0	0	0	0	0	0	0	0	0	4	0	0	0	0	0	0	0	0	0	8	0	0	0	0	8	0	0	0	0	11	0	0	0	0	37	0	0	0	256	0
LFQ	45	0	0	0	0	0	0	0	0	0	0	0	0	11	0	0	0	0	0	0	0	0	0	5	0	0	0	0	6	0	0	0	0	11	0	0	0	0	39	0	0	0	252	0
LFQ	46	0	0	0	0	0	0	0	0	0	0	0	0	7	0	0	0	0	0	0	0	0	0	5	0	0	0	0	11	0	0	0	0	13	0	0	0	0	45	0	0	0	243	0
LFQ	47	0	0	0	0	0	0	0	0	0	0	0	0	15	0	0	0	0	0	0	0	0	0	4	0	0	0	0	8	0	0	0	0	5	0	0	0	0	40	0	0	0	252	0
LFQ	48	0	0	0	0	0	0	0	0	0	0	0	0	5	0	0	0	0	0	0	0	0	0	7	0	0	0	0	12	0	0	0	0	9	0	0	0	0	53	0	0	0	238	0
LFQ	49	0	0	0	0	0	0	0	0	0	0	0	0	8	0	0	0	0	0	0	0	0	0	0	0	0	0	0	4	0	0	0	0	12	0	0	0	0	46	0	0	0	254	0
LFQ	50	0	0	0	0	0	0	0	0	0	0	0	0	5	0	0	0	0	0	0	0	0	0	4	0	0	0	0	11	0	0	0	0	12	0	0	0	0	39	0	0	0	253	0
LFQ	51	0	0	0	0	0	0	0	0	0	0	0	0	6	0	0	0	0	0	0	0	0	0	2	0	0	0	0	6	0	0	0	0	13	0	0	0	0	42	0	0	0	255	0
LFQ	52	0	0	0	0	0	0	0	0	0	0	0	0	4	0	0	0	0	0	0	0	0	0	2	0	0	0	0	2	0	0	0	0	17	0	0	0	0	37	0	0	0	262	0
LFQ	53	0	0	0	0	0	0	0	0	0	0	0	0	7	0	0	0	0	0	0	0	0	0	3	0	0	0	0	7	0	0	0	0	4	0	0	0	0	44	0	0	0	259	0
LFQ	54	0	0	0	0	0	0	0	0	0	0	0	0	12	0	0	0	0	0	0	0	0	0	1	0	0	0	0	9	0	0	0	0	14	0	0	0	0	38	0	0	0	250	0
LFQ	55	0	0	0	0	0	0	0	0	0	0	0	0	7	0	0	0	0	0	0	0	0	0	6	0	0	0	0	8	0	0	0	0	11	0	0	0	0	50	0	0	0	242	0
LFQ	56	0	0	0	0	0	0	0	0	0	0	0	0	9	0	0	0	0	0	0	0	0	0	4	0	0	0	0	11	0	0	0	0	15	0	0	0	0	34	0	0	0	251	0
LFQ	57	0	0	0	0	0	0	0	0	0	0	0	0	9	0	0	0	0	0	0	0	0	0	4	0	0	0	0	11	0	0	0	0	19	0	0	0	0	42	0	0	0	239	0
LFQ	58	0	0	0	0	0	0	0	0	0	0	0	0	9	0	0	0	0	0	0	0	0	0	5	0	0	0	0	13	0	0	0	0	13	0	0	0	0	35	0	0	0	249	0
LFQ	59	0	0	0	0	0	0	0	0	0	0	0	0	10	0	0	0	0	0	0	0	0	0	8	0	0	0	0	13	0	0	0	0	9	0	0	0	0	31	0	0	0	253	0
LFQ	60	0	0	0	0	0	0	0	0	0	0	0	0	9	0	0	0	0	0	0	0	0	0	6	0	0	0	0	9	0	0	0	0	12	0	0	0	0	25	0	0	0	263	0
LFQ	61	0	0	0	0	0	0	0	0	0	0	0	0	9	0	0	0	0	0	0	0	0	0	5	0	0	0	0	11	0	0	0	0	11	0	0	0	0	37	0	0	0	251	0
LFQ	62	0	0	0	0	0	0	0	0	0	0	0	0	9	0	0	0	0	0	0	0	0	0	4	0	0	0	0	8	0	0	0	0	6	0	0	0	0	28	0	0	0	269	0
LFQ	63	0	0	0	0	0	0	0	0	0	0	0	0	8	0	0	0	0	0	0	0	0	0	3	0	0	0	0	7	0	0	0	0	13	0	0	0	0	39	0	0	0	254	0
LFQ	64	0	0	0	0	0	0	0	0	0	0	0	0	8	0	0	0	0	0	0	0	0	0	2	0	0	0	0	13	0	0	0	0	11	0	0	0	0	36	0	0	0	254	0
LFQ	65	0	0	0	0	0	0	0	0	0	0	0	0	4	0	0	0	0	0	0	0	0	0	5	0	0	0	0	10	0	0	0	0	14	0	0	0	0	33	0	0	0	258	0
LFQ	66	0	0	0	0	0	0	0	0	0	0	0	0	6	0	0	0	0	0	0	0	0	0	5	0	0	0	0	7	0	0	0	0	7	0	0	0	0	37	0	0	0	262	0
LFQ	67	0	0	0	0	0	0	0	0	0	0	0	0	13	0	0	0	0	0	0	0	0	0	3	0	0	0	0	2	0	0	0	0	13	0	0	0	0	33	0	0	0	260	0
LFQ	68	0	0	0	0	0	0	0	0	0	0	0	0	6	0	0	0	0	0	0	0	0	0	12	0	0	0	0	5	0	0	0	0	7	0	0	0	0	36	0	0	0	258	0
LFQ	69	0	0	0	0	0	0	0	0	0	0	0	0	10	0	0	0	0	0	0	0	0	0	6	0	0	0	0	6	0	0	0	0	10	0	0	0	0	38	0	0	0	254	0
LFQ	70	0	0	0	0	0	0	0	0	0	0	0	0	9	0	0	0	0	0	0	0	0	0	6	0	0	0	0	6	0	0	0	0	11	0	0	0	0	35	0	0	0	257	0
LFQ	71	0	0	0	0	0	0	0	0	0	0	0	0	7	0	0	0	0	0	0	0	0	0	8	0	0	0	0	6	0	0	0	0	9	0	0	0	0	39	0	0	0	255	0
LFQ	72	0	0	0	0	0	0	0	0	0	0	0	0	8	0	0	0	0	0	0	0	0	0	3	0	0	0	0	13	0	0	0	0	11	0	0	0	0	37	0	0	0	252	0
LFQ	73	0	0	0	0	0	0	0	0	0	0	0	0	7	0	0	0	0	0	0	0	0	0	2	0	0	0	0	6	0	0	0	0	16	0	0	0	0	36	0	0	0	257	0
LFQ	74	0	0	0	0	0	0	0	0	0	0	0	0	8	0	0	0	0	0	0	0	0	0	7	0	0	0	0	7	0	0	0	0	11	0	0	0	0	32	0	0	0	259	0
LFQ	75	0	0	0	0	0	0	0	0	0	0	0	0	6	0	0	0	0	0	0	0	0	0	5	0	0	0	0	5	0	0	0	0	15	0	0	0	0	44	0	0	0	249	0
LFQ	76	0	0	0	0	0	0	0	0	0	0	0	0	3	0	0	0	0	0	0	0	0	0	5	0	0	0	0	1	0	0	0	0	14	0	0	0	0	35	0	0	0	266	0
LFQ	77	0	0	0	0	0	0	0	0	0	0	0	0	4	0	0	0	0	0	0	0	0	0	5	0	0	0	0	8	0	0	0	0	29	0	0	0	0	78	0	0	0	200	0
LFQ	78	0	0	0	0	0	0	0	0	0	0	0	0	4	0	0	0	0	0	0	0	0	0	5	0	0	0	0	10	0	0	0	0	14	0	0	0	0	47	0	0	0	244	0
LFQ	79	0	0	0	0	0	0	0	0	0	0	0	0	6	0	0	0	0	0	0	0	0	0	3	0	0	0	0	8	0	0	0	0	11	0	0	0	0	43	0	0	0	253	0
LFQ	80	0	0	0	0	0	0	0	0	0	0	0	0	4	0	0	0	0	0	0	0	0	0	3	0	0	0	0	7	0	0	0	0	7	0	0	0	0	30	0	0	0	273	0
LFQ	81	0	0	0	0	0	0	0	0	0	0	0	0	7	0	0	0	0	0	0	0	0	0	1	0	0	0	0	5	0	0	0	0	8	0	0	0	0	30	0	0	0	273	0
LFQ	82	0	0	0	0	0	0	0	0	0	0	0	0	2	0	0	0	0	0	0	0	0	0	4	0	0	0	0	3	0	0	0	0	7	0	0	0	0	38	0	0	0	270	0
LFQ	83	0	0	0	0	0	0	0	0	0	0	0	0	6	0	0	0	0	0	0	0	0	0	7	0	0	0	0	4	0	0	0	0	9	0	0	0	0	38	0	0	0	260	0
LFQ	84	0	0	0	0	0	0	0	0	0	0	0	0	6	0	0	0	0	0	0	0	0	0	6	0	0	0	0	5	0	0	0	0	12	0	0	0	0	37	0	0	0	258	0
LFQ	85	0	0	0	0	0	0	0	0	0	0	0	0	3	0	0	0	0	0	0	0	0	0	5	0	0	0	0	4	0	0	0	0	13	0	0	0	0	39	0	0	0	260	0
LFQ	86	0	0	0	0	0	0	0	0	0	0	0	0	7	0	0	0	0	0	0	0	0	0	6	0	0	0	0	5	0	0	0	0	7	0	0	0	0	31	0	0	0	268	0
LFQ	87	0	0	0	0	0	0	0	0	0	0	0	0	11	0	0	0	0	0	0	0	0	0	3	0	0	0	0	5	0	0	0	0	7	0	0	0	0	38	0	0	0	260	0
LFQ	88	0	0	0	0	0	0	0	0	0	0	0	0	8	0	0	0	0	0	0	0	0	0	5	0	0	0	0	5	0	0	0	0	12	0	0	0	0	29	0	0	0	265	0
LFQ	89	0	0	0	0	0	0	0	0	0	0	0	0	8	0	0	0	0	0	0	0	0	0	4	0	0	0	0	4	0	0	0	0	13	0	0	0	0	38	0	0	0	257	0
LFQ	90	0	0	0	0	0	0	0	0	0	0	0	0	9	0	0	0	0	0	0	0	0	0	6	0	0	0	0	6	0	0	0	0	9	0	0	0	0	31	0	0	0	263	0
LFQ	91	0	0	0	0	0	0	0	0	0	0	0	0	5	0	0	0	0	0	0	0	0	0	5	0	0	0	0	3	0	0	0	0	9	0	0	0	0	37	0	0	0	265	0
LFQ	92	0	0	0	0	0	0	0	0	0	0	0	0	6	0	0	0	0	0	0	0	0	0	6	0	0	0	0	3	0	0	0	0	11	0	0	0	0	28	0	0	0	270	0
LFQ	93	0	0	0	0	0	0	0	0	0	0	0	0	5	0	0	0	0	0	0	0	0	0	4	0	0	0	0	5	0	0	0	0	15	0	0	0	0	33	0	0	0	262	0
LFQ	94	0	0	0	0	0	0	0	0	0	0	0	0	5	0	0	0	0	0	0	0	0	0	8	0	0	0	0	5	0	0	0	0	12	0	0	0	0	31	0	0	0	263	0
LFQ	95	0	0	0	0	0	0	0	0	0	0	0	0	8	0	0	0	0	0	0	0	0	0	3	0	0	0	0	5	0	0	0	0	9	0	0	0	0	38	0	0	0	261	0
LFQ	96	0	0	0	0	0	0	0	0	0	0	0	0	4	0	0	0	0	0	0	0	0	0	4	0	0	0	0	7	0	0	0	0	10	0	0	0	0	41	0	0	0	258	0
LFQ	97	0	0	0	0	0	0	0	0	0	0	0	0	2	0	0	0	0	0	0	0	0	0	4	0	0	0	0	10	0	0	0	0	18	0	0	0	0	28	0	0	0	262	0
LFQ	98	0	0	0	0	0	0	0	0	0	0	0	0	6	0	0	0	0	0	0	0	0	0	4	0	0	0	0	7	0	0	0	0	6	0	0	0	0	44	0	0	0	257	0
LFQ	99	0	0	0	0	0	0	0	0	0	0	0	0	4	0	0	0	0	0	0	0	0	0	1	0	0	0	0	11	0	0	0	0	8	0	0	0	0	41	0	0	0	259	0
LFQ	100	0	0	0	0	0	0	0	0	0	0	0	0	5	0	0	0	0	0	0	0	0	0	3	0	0	0	0	8	0	0	0	0	11	0	0	0	0	32	0	0	0	265	0
LFQ	101	0	0	0	0	0	0	0	0	0	0	0	0	6	0	0	0	0	0	0	0	0	0	3	0	0	0	0	6	0	0	0	0	10	0	0	0	0	36	0	0	0	263	0
LFQ	102	0	0	0	0	0	0	0	0	0	0	0	0	6	0	0	0	0	0	0	0	0	0	4	0	0	0	0	5	0	0	0	0	23	0	0	0	0	24	0	0	0	262	0
LFQ	103	0	0	0	0	0	0	0	0	0	0	0	0	7	0	0	0	0	0	0	0	0	0	4	0	0	0	0	9	0	0	0	0	15	0	0	0	0	31	0	0	0	258	0
LFQ	104	0	0	0	0	0	0	0	0	0	0	0	0	10	0	0	0	0	0	0	0	0	0	3	0	0	0	0	7	0	0	0	0	17	0	0	0	0	31	0	0	0	256	0
LFQ	105	0	0	0	0	0	0	0	0	0	0	0	0	5	0	0	0	0	0	0	0	0	0	12	0	0	0	0	8	0	0	0	0	10	0	0	0	0	48	0	0	0	241	0
LFQ	106	0	0	0	0	0	0	0	0	0	0	0	0	9	0	0	0	0	0	0	0	0	0	5	0	0	0	0	7	0	0	0	0	17	0	0	0	0	45	0	0	0	241	0
LFQ	107	0	0	0	0	0	0	0	0	0	0	0	0	5	0	0	0	0	0	0	0	0	0	11	0	0	0	0	3	0	0	0	0	17	0	0	0	0	34	0	0	0	254	0
LFQ	108	0	0	0	0	0	0	0	0	0	0	0	0	6	0	0	0	0	0	0	0	0	0	5	0	0	0	0	8	0	0	0	0	16	0	0	0	0	46	0	0	0	243	0
LFQ	109	0	0	0	0	0	0	0	0	0	0	0	0	7	0	0	0	0	0	0	0	0	0	7	0	0	0	0	6	0	0	0	0	9	0	0	0	0	52	0	0	0	243	0
LFQ	110	0	0	2	0	0	0	0	0	0	0	0	0	6	0	0	0	0	0	0	0	0	0	5	0	0	0	0	5	0	0	0	0	17	0	0	0	0	50	0	0	0	239	0
LFQ	111	0	0	0	0	0	0	0	0	0	0	0	0	6	0	0	0	0	0	0	0	0	0	4	0	0	0	0	6	0	0	0	0	12	0	0	0	0	53	0	0	0	243	0
LFQ	112	0	0	0	0	0	0	0	0	0	0	0	0	5	0	0	0	0	0	0	0	0	0	6	0	0	0	0	7	0	0	0	0	8	0	0	0	0	56	0	0	0	242	0
LFQ	113	0	0	0	0	0	0	0	0	0	0	0	0	8	0	0	0	0	0	0	0	0	0	6	0	0	0	0	2	0	0	0	0	12	0	0	0	0	49	0	0	0	247	0
LFQ	114	0	0	0	0	0	0	0	0	0	0	0	0	8	0	0	0	0	0	0	0	0	0	7	0	0	0	0	5	0	0	0	0	7	0	0	0	0	52	0	0	0	245	0
LFQ	115	0	0	0	0	0	0	0	0	0	0	0	0	6	0	0	0	0	0	0	0	0	0	5	0	0	0	0	11	0	0	0	0	16	0	0	0	0	39	0	0	0	247	0
LFQ	116	0	0	0	0	0	0	0	0	0	0	0	0	6	0	0	0	0	0	0	0	0	0	2	0	0	0	0	5	0	0	0	0	22	0	0	0	0	50	0	0	0	239	0
LFQ	117	0	0	0	0	0	0	0	0	0	0	0	0	9	0	0	0	0	0	0	0	0	0	3	0	0	0	0	7	0	0	0	0	21	0	0	0	0	46	0	0	0	238	0
LFQ	118	0	0	0	0	0	0	0	0	0	0	0	0	7	0	0	0	0	0	0	0	0	0	7	0	0	0	0	12	0	0	0	0	14	0	0	0	0	54	0	0	0	230	0
LFQ	119	0	0	0	0	0	0	0	0	0	0	0	0	11	0	0	0	0	0	0	0	0	0	7	0	0	0	0	10	0	0	0	0	14	0	0	0	0	47	0	0	0	235	0
LFQ	120	0	0	0	0	0	0	0	0	0	0	0	0	8	0	0	0	0	0	0	0	0	0	6	0	0	0	0	6	0	0	0	0	13	0	0	0	0	54	0	0	0	237	0
LFQ	121	0	0	0	0	0	0	0	0	0	0	0	0	9	0	0	0	0	0	0	0	0	0	5	0	0	0	0	6	0	0	0	0	13	0	0	0	0	54	0	0	0	237	0
LFQ	122	0	0	0	0	0	0	0	0	0	0	0	0	9	0	0	0	0	0	0	0	0	0	2	0	0	0	0	8	0	0	0	0	14	0	0	0	0	63	0	0	0	228	0
LFQ	123	0	0	0	0	0	0	0	0	0	0	0	0	7	0	0	0	0	0	0	0	0	0	8	0	0	0	0	8	0	0	0	0	12	0	0	0	0	66	0	0	0	223	0
LFQ	124	0	0	0	0	0	0	0	0	0	0	0	0	9	0	0	0	0	0	0	0	0	0	3	0	0	0	0	8	0	0	0	0	15	0	0	0	0	57	0	0	0	232	0
LFQ	125	0	0	0	0	0	0	0	0	1	0	0	0	7	0	0	0	0	0	0	0	0	0	8	0	0	0	0	12	0	0	0	0	6	0	0	0	0	58	0	0	0	232	0
LFQ	126	0	0	0	0	0	0	0	0	0	0	0	0	6	0	0	0	0	0	0	0	0	0	15	0	0	0	0	9	0	0	0	0	15	0	0	0	0	52	0	0	0	227	0
LFQ	127	0	0	0	0	0	0	0	0	0	0	0	0	10	0	0	0	0	0	0	0	0	0	4	0	0	0	0	7	0	0	0	0	22	0	0	0	0	55	0	0	0	226	0
LFQ	128	0	0	0	0	0	0	0	0	0	0	0	0	15	0	0	0	0	0	0	0	0	0	4	0	0	0	0	5	0	0	0	0	14	0	0	0	0	61	0	0	0	225	0
LFQ	129	0	0	0	0	0	0	0	0	0	0	0	0	8	0	0	0	0	0	0	0	0	0	7	0	0	0	0	10	0	0	0	0	23	0	0	0	0	53	0	0	0	223	0
LFQ	130	0	0	0	0	0	0	0	0	0	0	0	0	14	0	0	0	0	0	0	0	0	0	9	0	0	0	0	10	0	0	0	0	29	0	0	0	0	46	0	0	0	216	0
LFQ	131	0	0	0	0	0	0	0	0	2	0	0	0	8	0	0	0	0	0	0	0	0	0	9	0	0	0	0	6	0	0	0	0	31	0	0	0	0	63	0	0	0	205	0
LFQ	132	0	0	0	0	0	0	0	0	1	0	0	0	12	0	0	0	0	0	0	0	0	0	14	0	0	0	0	9	0	0	0	0	25	0	0	0	0	59	0	0	0	204	0
LFQ	133	0	0	0	0	0	0	0	0	1	0	0	0	20	0	0	0	0	0	0	0	0	0	10	0	0	0	0	5	0	0	0	0	18	0	0	0	0	44	0	0	0	226	0
LFQ	134	0	0	0	0	0	0	0	0	1	0	0	0	18	0	0	0	0	0	0	0	0	0	6	0	0	0	0	8	0	0	0	0	22	0	0	0	0	52	0	0	0	217	0
LFQ	135	0	0	0	0	0	0	0	0	0	0	0	0	11	0	0	0	0	0	0	0	0	0	7	0	0	0	0	15	0	0	0	0	28	0	0	0	0	49	0	0	0	213	0
LFQ	136	0	0	0	0	0	0	0	0	0	0	0	0	12	0	0	0	0	0	0	0	0	0	11	0	0	0	0	10	0	0	0	0	30	0	0	0	0	38	0	0	0	222	0
LFQ	137	0	0	0	0	0	0	0	0	1	0	0	0	23	0	0	0	0	0	0	0	0	0	5	0	0	0	0	5	0	0	0	0	23	0	0	0	0	51	0	0	0	215	0
LFQ	138	0	0	0	0	0	0	0	0	1	0	0	0	14	0	0	0	0	0	0	0	0	0	13	0	0	0	0	8	0	0	0	0	31	0	0	0	0	53	0	0	0	203	0
LFQ	139	0	0	0	0	0	0	0	0	2	0	0	0	16	0	0	0	0	0	0	0	0	0	10	0	0	0	0	9	0	0	0	0	22	0	0	0	0	58	0	0	0	204	0
LFQ	140	0	0	0	0	0	0	0	0	3	0	0	0	16	0	0	0	0	0	0	0	0	0	17	0	0	0	0	7	0	0	0	0	21	0	0	0	0	51	0	0	0	206	0
LFQ	141	0	0	0	0	0	0	0	0	2	0	0	0	12	0	0	0	0	0	0	0	0	0	11	0	0	0	0	16	0	0	0	0	21	0	0	0	0	47	0	0	0	212	0
LFQ	142	0	0	0	0	0	0	0	0	1	0	0	0	15	0	0	0	0	0	0	0	0	0	10	0	0	0	0	18	0	0	0	0	31	0	0	0	0	50	0	0	0	195	0
LFQ	143	0	0	0	0	0	0	0	0	3	0	0	0	11	0	0	0	0	0	0	0	0	0	9	0	0	0	0	10	0	0	0	0	32	0	0	0	0	52	0	0	0	203	0
LFQ	144	0	0	0	0	0	0	0	0	3	0	0	0	21	0	0	0	0	0	0	0	0	0	6	0	0	0	0	9	0	0	0	0	28	0	0	0	0	52	0	0	0	201	0
LFQ	145	0	0	0	0	0	0	0	0	1	0	0	0	10	0	0	0	0	0	0	0	0	0	14	0	0	0	0	18	0	0	0	0	39	0	0	0	0	50	0	0	0	188	0
LFQ	146	0	0	0	0	0	0	0	0	2	0	0	0	15	0	0	0	0	0	0	0	0	0	10	0	0	0	0	16	0	0	0	0	28	0	0	0	0	49	0	0	0	200	0
LFQ	147	0	0	0	0	0	0	0	0	1	0	0	0	15	0	0	0	0	0	0	0	0	0	9	0	0	0	0	21	0	0	0	0	29	0	0	0	0	47	0	0	0	198	0
LFQ	148	0	0	0	0	0	0	0	0	1	0	0	0	11	0	0	0	0	0	0	0	0	0	6	0	0	0	0	17	0	0	0	0	21	0	0	0	0	58	0	0	0	205	0
LFQ	149	0	0	0	0	0	0	0	0	1	0	0	0	12	0	0	0	0	0	0	0	0	0	13	0	0	0	0	20	0	0	0	0	26	0	0	0	0	44	0	0	0	199	0
LFQ	150	0	0	0	0	0	0	0	0	2	0	0	0	11	0	0	0	0	0	0	0	0	0	11	0	0	0	0	18	0	0	0	0	36	0	0	0	0	46	0	0	0	186	0
LFQ	151	0	0	0	0	0	0	0	0	0	0	0	0	0	0	0	0	0	0	0	0	0	0	27	0	0	0	0	36	0	0	0	0	51	0	0	0	0	56	0	0	0	116	0
# GC Content of first fragments. Use `grep ^GCF | cut -f 2-` to extract this part.
GCF	8.79	0
GCF	17.84	1
GCF	18.59	0
GCF	19.35	1
GCF	20.10	0
GCF	20.85	1
GCF	22.11	2
GCF	23.37	8
GCF	23.87	7
GCF	24.62	6
GCF	25.38	8
GCF	25.88	4
GCF	26.38	7
GCF	26.88	9
GCF	27.39	5
GCF	27.89	12
GCF	28.39	15
GCF	28.89	7
GCF	29.40	6
GCF	29.90	10
GCF	30.40	15
GCF	30.90	16
GCF	31.41	17
GCF	31.91	13
GCF	32.41	15
GCF	33.17	21
GCF	33.92	24
GCF	34.42	11
GCF	34.92	22
GCF	35.43	21
GCF	35.93	25
GCF	36.43	12
GCF	36.93	10
GCF	37.44	13
GCF	37.94	8
GCF	38.44	16
GCF	39.20	9
GCF	39.95	6
GCF	40.45	9
GCF	40.95	4
GCF	41.71	6
GCF	42.71	1
GCF	43.72	2
GCF	45.23	0
GCF	46.48	1
GCF	48.49	0
GCF	51.51	1
GCF	53.52	0
GCF	54.52	1
# GC Content of last fragments. Use `grep ^GCL | cut -f 2-` to extract this part.
GCL	9.05	0
GCL	18.59	1
GCL	19.35	3
GCL	19.85	0
GCL	20.60	2
GCL	21.36	0
GCL	22.61	3
GCL	23.87	1
GCL	24.62	6
GCL	25.38	3
GCL	25.88	5
GCL	26.63	3
GCL	27.39	11
GCL	27.89	8
GCL	28.39	9
GCL	28.89	7
GCL	29.40	5
GCL	30.15	12
GCL	31.16	11
GCL	31.91	14
GCL	32.41	24
GCL	32.91	21
GCL	33.42	18
GCL	33.92	15
GCL	34.42	9
GCL	34.92	27
GCL	35.43	29
GCL	35.93	18
GCL	36.43	21
GCL	36.93	13
GCL	37.44	14
GCL	37.94	11
GCL	38.44	9
GCL	39.20	8
GCL	39.95	3
GCL	40.45	9
GCL	41.21	4
GCL	41.96	3
GCL	42.46	4
GCL	42.96	2
GCL	43.97	1
GCL	45.48	0
GCL	46.48	1
GCL	46.98	0
GCL	47.74	1
GCL	48.49	2
GCL	51.26	0
GCL	54.02	1
# ACGT content per cycle. Use `grep ^GCC | cut -f 2-` to extract this part. The columns are: cycle; A,C,G,T base counts as a percentage of all A/C/G/T bases [%]; and N and O counts as a percentage of all A/C/G/T bases [%]
GCC	1	28.25	20.33	21.82	29.60	0.60	0.00
GCC	2	31.80	17.53	17.38	33.28	0.00	0.00
GCC	3	32.99	15.60	15.30	36.11	0.00	0.00
GCC	4	31.65	16.79	16.49	35.07	0.00	0.00
GCC	5	31.65	16.64	15.90	35.81	0.00	0.00
GCC	6	34.18	15.01	16.20	34.62	0.00	0.00
GCC	7	35.07	13.22	15.45	36.26	0.00	0.00
GCC	8	35.07	15.90	16.05	32.99	0.00	0.00
GCC	9	34.32	13.52	15.30	36.85	0.00	0.00
GCC	10	30.91	12.93	16.79	39.38	0.00	0.00
GCC	11	32.69	15.16	24.37	27.79	0.00	0.00
GCC	12	31.35	16.94	19.61	32.10	0.00	0.00
GCC	13	31.05	21.10	19.17	28.68	0.00	0.00
GCC	14	34.77	15.90	17.24	32.10	0.00	0.00
GCC	15	33.28	17.53	16.94	32.24	0.00	0.00
GCC	16	36.11	15.60	15.16	33.14	0.00	0.00
GCC	17	32.54	16.64	17.98	32.84	0.00	0.00
GCC	18	34.03	16.94	15.90	33.14	0.00	0.00
GCC	19	33.58	16.49	18.57	31.35	0.00	0.00
GCC	20	31.20	17.83	17.83	33.14	0.00	0.00
GCC	21	31.95	15.75	17.83	34.47	0.00	0.00
GCC	22	39.23	14.86	16.20	29.72	0.00	0.00
GCC	23	35.36	19.91	14.12	30.61	0.00	0.00
GCC	24	32.69	16.79	15.45	35.07	0.00	0.00
GCC	25	33.28	15.30	16.79	34.62	0.00	0.00
GCC	26	34.32	13.37	18.13	34.18	0.00	0.00
GCC	27	32.58	18.02	15.77	33.63	1.05	0.00
GCC	28	33.43	13.82	15.60	37.15	0.00	0.00
GCC	29	34.77	13.82	17.83	33.58	0.00	0.00
GCC	30	37.30	15.01	13.08	34.62	0.00	0.00
GCC	31	38.78	15.90	19.17	26.15	0.00	0.00
GCC	32	33.58	14.86	16.64	34.92	0.00	0.00
GCC	33	33.73	15.45	17.09	33.73	0.00	0.00
GCC	34	34.32	15.90	19.76	30.01	0.00	0.00
GCC	35	31.95	15.60	16.34	36.11	0.00	0.00
GCC	36	32.24	16.94	16.49	34.32	0.00	0.00
GCC	37	35.36	15.30	19.47	29.87	0.00	0.00
GCC	38	35.51	16.20	16.49	31.80	0.00	0.00
GCC	39	35.36	16.64	16.05	31.95	0.00	0.00
GCC	40	32.10	16.79	16.49	34.62	0.00	0.00
GCC	41	33.58	15.60	17.53	33.28	0.00	0.00
GCC	42	32.84	14.56	22.29	30.31	0.00	0.00
GCC	43	33.73	13.67	15.75	36.85	0.00	0.00
GCC	44	35.66	16.05	19.17	29.12	0.00	0.00
GCC	45	32.69	15.16	19.32	32.84	0.00	0.00
GCC	46	40.33	12.05	15.77	31.85	0.15	0.00
GCC	47	34.08	16.07	17.26	32.59	0.15	0.00
GCC	48	34.18	17.53	15.75	32.54	0.00	0.00
GCC	49	34.03	15.30	20.21	30.46	0.00	0.00
GCC	50	31.35	17.83	16.05	34.77	0.00	0.00
GCC	51	34.47	16.64	16.20	32.69	0.00	0.00
GCC	52	30.91	16.64	17.53	34.92	0.00	0.00
GCC	53	34.03	14.86	18.13	32.99	0.00	0.00
GCC	54	36.40	16.20	15.01	32.39	0.00	0.00
GCC	55	35.66	17.24	14.56	32.54	0.00	0.00
GCC	56	31.50	17.98	16.94	33.58	0.00	0.00
GCC	57	30.61	18.57	15.16	35.66	0.00	0.00
GCC	58	34.18	16.49	17.68	31.65	0.00	0.00
GCC	59	30.61	18.42	16.64	34.32	0.00	0.00
GCC	60	35.36	13.97	18.87	31.80	0.00	0.00
GCC	61	28.53	16.05	20.21	35.22	0.00	0.00
GCC	62	35.66	15.75	16.20	32.39	0.00	0.00
GCC	63	36.40	15.30	16.34	31.95	0.00	0.00
GCC	64	34.92	16.79	15.45	32.84	0.00	0.00
GCC	65	32.10	17.24	19.61	31.05	0.00	0.00
GCC	66	32.99	18.57	15.75	32.69	0.00	0.00
GCC	67	29.57	15.90	19.91	34.62	0.00	0.00
GCC	68	34.92	15.60	17.68	31.80	0.00	0.00
GCC	69	32.54	15.45	16.94	35.07	0.00	0.00
GCC	70	33.28	14.12	17.53	35.07	0.00	0.00
GCC	71	32.39	18.28	15.90	33.43	0.00	0.00
GCC	72	32.24	14.56	14.71	38.48	0.00	0.00
GCC	73	35.96	14.26	17.68	32.10	0.00	0.00
GCC	74	30.61	16.94	19.47	32.99	0.00	0.00
GCC	75	33.58	18.42	13.97	34.03	0.00	0.00
GCC	76	30.46	16.94	15.30	37.30	0.00	0.00
GCC	77	31.80	18.42	16.79	32.99	0.00	0.00
GCC	78	35.96	12.48	15.45	36.11	0.00	0.00
GCC	79	32.84	13.52	16.94	36.70	0.00	0.00
GCC	80	32.39	17.68	18.72	31.20	0.00	0.00
GCC	81	37.00	14.41	18.42	30.16	0.00	0.00
GCC	82	32.84	14.41	18.72	34.03	0.00	0.00
GCC	83	31.20	17.68	18.57	32.54	0.00	0.00
GCC	84	32.10	17.38	20.51	30.01	0.00	0.00
GCC	85	29.72	18.28	15.75	36.26	0.00	0.00
GCC	86	31.50	14.71	20.21	33.58	0.00	0.00
GCC	87	34.32	14.12	14.71	36.85	0.00	0.00
GCC	88	31.95	14.86	19.47	33.73	0.00	0.00
GCC	89	31.95	15.16	18.72	34.18	0.00	0.00
GCC	90	34.47	14.71	16.05	34.77	0.00	0.00
GCC	91	30.76	18.57	18.28	32.39	0.00	0.00
GCC	92	33.88	17.53	17.53	31.05	0.00	0.00
GCC	93	38.04	11.29	17.53	33.14	0.00	0.00
GCC	94	35.66	16.05	18.87	29.42	0.00	0.00
GCC	95	38.48	12.04	16.05	33.43	0.00	0.00
GCC	96	28.53	15.16	22.14	34.18	0.00	0.00
GCC	97	29.72	20.51	16.34	33.43	0.00	0.00
GCC	98	30.76	16.79	17.53	34.92	0.00	0.00
GCC	99	34.03	17.09	13.97	34.92	0.00	0.00
GCC	100	32.54	16.34	16.05	35.07	0.00	0.00
GCC	101	32.39	19.02	17.38	31.20	0.00	0.00
GCC	102	37.30	16.49	16.94	29.27	0.00	0.00
GCC	103	34.03	14.86	16.79	34.32	0.00	0.00
GCC	104	33.58	17.83	15.45	33.14	0.00	0.00
GCC	105	35.22	14.12	16.79	33.88	0.00	0.00
GCC	106	32.84	18.28	15.30	33.58	0.00	0.00
GCC	107	32.84	16.64	15.75	34.77	0.00	0.00
GCC	108	35.07	13.08	14.86	37.00	0.00	0.00
GCC	109	31.50	18.57	17.24	32.69	0.00	0.00
GCC	110	35.17	18.18	15.20	31.45	0.30	0.00
GCC	111	33.88	17.68	16.79	31.65	0.00	0.00
GCC	112	33.28	15.01	19.02	32.69	0.00	0.00
GCC	113	32.69	16.79	12.78	37.74	0.00	0.00
GCC	114	34.03	16.20	16.79	32.99	0.00	0.00
GCC	115	32.99	16.20	17.38	33.43	0.00	0.00
GCC	116	34.62	15.75	13.97	35.66	0.00	0.00
GCC	117	34.18	16.79	16.05	32.99	0.00	0.00
GCC	118	28.53	13.67	17.53	40.27	0.00	0.00
GCC	119	32.99	18.13	17.83	31.05	0.00	0.00
GCC	120	36.70	16.64	16.64	30.01	0.00	0.00
GCC	121	31.50	18.72	15.45	34.32	0.00	0.00
GCC	122	32.39	15.60	19.32	32.69	0.00	0.00
GCC	123	38.04	15.45	17.53	28.97	0.00	0.00
GCC	124	32.39	15.60	17.38	34.62	0.00	0.00
GCC	125	35.07	15.90	17.09	31.95	0.00	0.00
GCC	126	33.58	15.75	18.72	31.95	0.00	0.00
GCC	127	32.39	16.34	14.86	36.40	0.00	0.00
GCC	128	32.69	15.01	19.76	32.54	0.00	0.00
GCC	129	32.99	16.34	12.78	37.89	0.00	0.00
GCC	130	33.14	17.38	16.20	33.28	0.00	0.00
GCC	131	33.58	17.68	16.64	32.10	0.00	0.00
GCC	132	37.15	14.56	17.53	30.76	0.00	0.00
GCC	133	30.61	16.64	19.02	33.73	0.00	0.00
GCC	134	34.62	16.20	16.49	32.69	0.00	0.00
GCC	135	31.85	19.94	16.37	31.85	0.00	0.00
GCC	136	31.70	17.86	17.11	33.33	0.00	0.00
GCC	137	33.04	15.48	14.88	36.61	0.00	0.00
GCC	138	34.38	16.37	13.10	36.16	0.00	0.00
GCC	139	31.99	18.09	15.99	33.93	0.00	0.00
GCC	140	36.17	15.84	15.25	32.74	0.00	0.00
GCC	141	33.63	16.89	15.40	34.08	0.00	0.00
GCC	142	30.99	17.51	17.07	34.43	0.00	0.00
GCC	143	33.98	13.32	17.81	34.88	0.00	0.00
GCC	144	28.59	16.62	21.41	33.38	0.00	0.00
GCC	145	35.93	12.28	17.37	34.43	0.00	0.00
GCC	146	30.69	17.22	17.07	35.03	0.00	0.00
GCC	147	34.03	15.29	17.24	33.43	0.00	0.00
GCC	148	37.44	13.98	17.74	30.83	0.00	0.00
GCC	149	32.87	18.04	15.44	33.64	0.00	0.00
GCC	150	35.03	16.98	16.05	31.94	0.00	0.00
GCC	151	31.21	16.78	14.77	37.25	0.00	0.00
# ACGT content per cycle, read oriented. Use `grep ^GCT | cut -f 2-` to extract this part. The columns are: cycle; A,C,G,T base counts as a percentage of all A/C/G/T bases [%]
GCT	1	27.20	20.63	21.52	30.64
GCT	2	36.26	16.20	18.72	28.83
GCT	3	32.99	15.75	15.16	36.11
GCT	4	36.26	15.01	18.28	30.46
GCT	5	33.43	15.30	17.24	34.03
GCT	6	37.15	16.64	14.56	31.65
GCT	7	30.61	13.08	15.60	40.71
GCT	8	31.05	15.60	16.34	37.00
GCT	9	32.99	14.41	14.41	38.19
GCT	10	35.51	13.22	16.49	34.77
GCT	11	29.42	20.36	19.17	31.05
GCT	12	30.76	15.90	20.65	32.69
GCT	13	28.38	19.47	20.80	31.35
GCT	14	32.10	19.02	14.12	34.77
GCT	15	34.92	15.75	18.72	30.61
GCT	16	33.58	15.60	15.16	35.66
GCT	17	32.10	18.42	16.20	33.28
GCT	18	32.24	16.20	16.64	34.92
GCT	19	35.51	17.68	17.38	29.42
GCT	20	32.69	19.47	16.20	31.65
GCT	21	31.65	17.68	15.90	34.77
GCT	22	33.73	14.56	16.49	35.22
GCT	23	29.87	19.91	14.12	36.11
GCT	24	35.22	15.90	16.34	32.54
GCT	25	34.77	17.53	14.56	33.14
GCT	26	34.18	14.86	16.64	34.32
GCT	27	36.04	17.27	16.52	30.18
GCT	28	37.44	13.82	15.60	33.14
GCT	29	30.61	16.64	15.01	37.74
GCT	30	34.62	14.56	13.52	37.30
GCT	31	32.84	16.34	18.72	32.10
GCT	32	36.85	16.20	15.30	31.65
GCT	33	34.92	15.01	17.53	32.54
GCT	34	31.65	17.24	18.42	32.69
GCT	35	37.30	14.56	17.38	30.76
GCT	36	34.92	17.09	16.34	31.65
GCT	37	33.73	17.38	17.38	31.50
GCT	38	36.26	16.20	16.49	31.05
GCT	39	33.28	16.49	16.20	34.03
GCT	40	36.40	16.49	16.79	30.31
GCT	41	36.70	16.49	16.64	30.16
GCT	42	32.99	16.34	20.51	30.16
GCT	43	34.18	13.37	16.05	36.40
GCT	44	28.38	16.94	18.28	36.40
GCT	45	34.03	18.13	16.34	31.50
GCT	46	41.22	13.84	13.99	30.95
GCT	47	33.33	15.33	18.01	33.33
GCT	48	31.80	17.38	15.90	34.92
GCT	49	34.32	17.24	18.28	30.16
GCT	50	32.24	17.38	16.49	33.88
GCT	51	34.03	15.75	17.09	33.14
GCT	52	32.39	13.52	20.65	33.43
GCT	53	33.73	18.28	14.71	33.28
GCT	54	34.77	14.71	16.49	34.03
GCT	55	33.28	15.90	15.90	34.92
GCT	56	33.58	19.32	15.60	31.50
GCT	57	32.24	18.28	15.45	34.03
GCT	58	34.18	16.34	17.83	31.65
GCT	59	33.14	17.24	17.83	31.80
GCT	60	34.03	16.64	16.20	33.14
GCT	61	32.99	17.09	19.17	30.76
GCT	62	38.19	14.26	17.68	29.87
GCT	63	34.77	15.60	16.05	33.58
GCT	64	36.70	15.75	16.49	31.05
GCT	65	35.22	18.13	18.72	27.93
GCT	66	34.92	17.98	16.34	30.76
GCT	67	33.58	15.90	19.91	30.61
GCT	68	35.81	16.64	16.64	30.91
GCT	69	31.20	17.24	15.16	36.40
GCT	70	34.18	15.45	16.20	34.18
GCT	71	31.35	15.90	18.28	34.47
GCT	72	34.03	15.01	14.26	36.70
GCT	73	36.40	13.67	18.28	31.65
GCT	74	32.99	20.36	16.05	30.61
GCT	75	34.92	16.34	16.05	32.69
GCT	76	34.77	17.53	14.71	32.99
GCT	77	33.58	19.47	15.75	31.20
GCT	78	38.63	15.60	12.33	33.43
GCT	79	36.70	15.75	14.71	32.84
GCT	80	32.54	18.87	17.53	31.05
GCT	81	36.55	15.01	17.83	30.61
GCT	82	37.15	15.01	18.13	29.72
GCT	83	34.77	16.64	19.61	28.97
GCT	84	31.20	17.24	20.65	30.91
GCT	85	31.80	15.16	18.87	34.18
GCT	86	31.80	15.75	19.17	33.28
GCT	87	36.11	12.48	16.34	35.07
GCT	88	34.18	16.94	17.38	31.50
GCT	89	36.26	16.34	17.53	29.87
GCT	90	34.47	13.97	16.79	34.77
GCT	91	33.88	19.76	17.09	29.27
GCT	92	34.32	16.64	18.42	30.61
GCT	93	34.62	15.16	13.67	36.55
GCT	94	35.66	17.09	17.83	29.42
GCT	95	36.70	12.78	15.30	35.22
GCT	96	32.69	18.28	19.02	30.01
GCT	97	32.39	20.65	16.20	30.76
GCT	98	29.57	16.34	17.98	36.11
GCT	99	33.58	13.82	17.24	35.36
GCT	100	32.84	14.71	17.68	34.77
GCT	101	29.72	17.09	19.32	33.88
GCT	102	34.18	17.68	15.75	32.39
GCT	103	31.05	15.90	15.75	37.30
GCT	104	31.65	15.16	18.13	35.07
GCT	105	34.03	13.97	16.94	35.07
GCT	106	32.24	16.05	17.53	34.18
GCT	107	31.35	16.79	15.60	36.26
GCT	108	34.47	14.71	13.22	37.59
GCT	109	30.61	16.05	19.76	33.58
GCT	110	35.62	17.73	15.65	31.00
GCT	111	32.99	17.24	17.24	32.54
GCT	112	31.05	14.71	19.32	34.92
GCT	113	36.70	15.90	13.67	33.73
GCT	114	34.62	14.56	18.42	32.39
GCT	115	38.34	13.37	20.21	28.08
GCT	116	32.54	17.68	12.04	37.74
GCT	117	34.18	15.16	17.68	32.99
GCT	118	33.73	14.86	16.34	35.07
GCT	119	32.39	18.28	17.68	31.65
GCT	120	34.47	19.61	13.67	32.24
GCT	121	33.88	14.41	19.76	31.95
GCT	122	30.76	16.79	18.13	34.32
GCT	123	30.61	14.12	18.87	36.40
GCT	124	32.54	14.71	18.28	34.47
GCT	125	36.40	16.49	16.49	30.61
GCT	126	35.07	15.60	18.87	30.46
GCT	127	36.70	16.05	15.16	32.10
GCT	128	34.47	17.24	17.53	30.76
GCT	129	35.81	14.56	14.56	35.07
GCT	130	31.50	17.09	16.49	34.92
GCT	131	30.31	19.91	14.41	35.36
GCT	132	34.18	16.20	15.90	33.73
GCT	133	32.84	16.94	18.72	31.50
GCT	134	32.84	18.13	14.56	34.47
GCT	135	33.63	18.30	18.01	30.06
GCT	136	31.99	17.11	17.86	33.04
GCT	137	37.05	15.77	14.58	32.59
GCT	138	38.69	14.88	14.58	31.85
GCT	139	31.24	19.28	14.80	34.68
GCT	140	33.78	17.49	13.60	35.13
GCT	141	32.88	16.29	15.99	34.83
GCT	142	30.24	16.77	17.81	35.18
GCT	143	29.79	16.32	14.82	39.07
GCT	144	33.08	18.41	19.61	28.89
GCT	145	35.48	13.32	16.32	34.88
GCT	146	34.28	18.71	15.57	31.44
GCT	147	34.93	14.39	18.14	32.53
GCT	148	33.83	16.54	15.19	34.44
GCT	149	32.42	17.28	16.21	34.10
GCT	150	33.64	14.66	18.36	33.33
GCT	151	35.07	13.76	17.79	33.39
# ACGT content per cycle for first fragments. Use `grep ^FBC | cut -f 2-` to extract this part. The columns are: cycle; A,C,G,T base counts as a percentage of all A/C/G/T bases [%]; and N and O counts as a percentage of all A/C/G/T bases [%]
FBC	1	24.14	20.98	21.55	33.33	0.29	0.00
FBC	2	34.67	18.34	14.90	32.09	0.00	0.00
FBC	3	32.66	16.05	17.48	33.81	0.00	0.00
FBC	4	31.52	15.76	14.04	38.68	0.00	0.00
FBC	5	30.37	18.05	14.90	36.68	0.00	0.00
FBC	6	36.39	13.47	15.19	34.96	0.00	0.00
FBC	7	38.40	12.89	16.62	32.09	0.00	0.00
FBC	8	35.82	17.48	17.19	29.51	0.00	0.00
FBC	9	33.52	16.91	14.90	34.67	0.00	0.00
FBC	10	33.52	10.03	16.91	39.54	0.00	0.00
FBC	11	31.81	15.47	23.21	29.51	0.00	0.00
FBC	12	31.81	16.62	20.34	31.23	0.00	0.00
FBC	13	33.81	18.05	20.34	27.79	0.00	0.00
FBC	14	36.39	19.20	14.90	29.51	0.00	0.00
FBC	15	34.38	17.48	15.76	32.38	0.00	0.00
FBC	16	36.10	13.75	16.33	33.81	0.00	0.00
FBC	17	32.95	16.62	17.19	33.24	0.00	0.00
FBC	18	33.24	17.48	14.33	34.96	0.00	0.00
FBC	19	33.24	16.05	17.48	33.24	0.00	0.00
FBC	20	30.09	16.62	18.62	34.67	0.00	0.00
FBC	21	29.80	15.76	18.34	36.10	0.00	0.00
FBC	22	39.26	13.75	17.77	29.23	0.00	0.00
FBC	23	35.53	19.77	13.75	30.95	0.00	0.00
FBC	24	31.23	15.76	16.05	36.96	0.00	0.00
FBC	25	32.95	14.90	14.04	38.11	0.00	0.00
FBC	26	31.52	14.04	17.19	37.25	0.00	0.00
FBC	27	31.52	17.77	16.62	34.10	0.00	0.00
FBC	28	34.10	13.47	14.04	38.40	0.00	0.00
FBC	29	35.53	12.89	16.91	34.67	0.00	0.00
FBC	30	39.26	16.05	13.75	30.95	0.00	0.00
FBC	31	39.54	15.19	21.78	23.50	0.00	0.00
FBC	32	32.95	14.33	17.77	34.96	0.00	0.00
FBC	33	32.09	16.05	16.62	35.24	0.00	0.00
FBC	34	31.81	14.90	21.49	31.81	0.00	0.00
FBC	35	30.37	15.47	17.48	36.68	0.00	0.00
FBC	36	31.23	18.05	15.76	34.96	0.00	0.00
FBC	37	35.82	14.61	17.77	31.81	0.00	0.00
FBC	38	36.96	19.77	15.19	28.08	0.00	0.00
FBC	39	34.10	18.05	15.47	32.38	0.00	0.00
FBC	40	34.10	18.34	14.61	32.95	0.00	0.00
FBC	41	29.23	16.33	19.48	34.96	0.00	0.00
FBC	42	34.10	12.03	23.50	30.37	0.00	0.00
FBC	43	37.25	13.75	14.90	34.10	0.00	0.00
FBC	44	34.38	21.20	17.19	27.22	0.00	0.00
FBC	45	34.38	14.61	17.48	33.52	0.00	0.00
FBC	46	41.38	12.07	14.08	32.47	0.29	0.00
FBC	47	34.20	14.37	18.39	33.05	0.29	0.00
FBC	48	34.96	16.91	18.34	29.80	0.00	0.00
FBC	49	36.39	17.48	19.20	26.93	0.00	0.00
FBC	50	29.51	16.62	16.91	36.96	0.00	0.00
FBC	51	32.95	15.47	15.19	36.39	0.00	0.00
FBC	52	31.81	16.05	15.76	36.39	0.00	0.00
FBC	53	32.38	14.61	19.20	33.81	0.00	0.00
FBC	54	35.53	16.33	16.05	32.09	0.00	0.00
FBC	55	34.96	19.20	12.32	33.52	0.00	0.00
FBC	56	31.81	16.33	16.62	35.24	0.00	0.00
FBC	57	30.09	17.48	17.48	34.96	0.00	0.00
FBC	58	35.53	17.48	17.48	29.51	0.00	0.00
FBC	59	31.52	18.91	19.48	30.09	0.00	0.00
FBC	60	32.09	13.47	21.49	32.95	0.00	0.00
FBC	61	28.37	16.05	18.05	37.54	0.00	0.00
FBC	62	34.10	19.77	16.62	29.51	0.00	0.00
FBC	63	37.54	14.61	13.75	34.10	0.00	0.00
FBC	64	37.82	15.76	14.90	31.52	0.00	0.00
FBC	65	31.81	15.19	19.20	33.81	0.00	0.00
FBC	66	34.10	18.91	14.61	32.38	0.00	0.00
FBC	67	30.37	14.04	18.62	36.96	0.00	0.00
FBC	68	34.10	13.18	17.77	34.96	0.00	0.00
FBC	69	31.81	13.47	16.91	37.82	0.00	0.00
FBC	70	34.38	11.46	17.48	36.68	0.00	0.00
FBC	71	33.81	21.20	17.19	27.79	0.00	0.00
FBC	72	29.80	14.90	15.19	40.11	0.00	0.00
FBC	73	38.68	12.61	16.91	31.81	0.00	0.00
FBC	74	31.23	16.05	18.91	33.81	0.00	0.00
FBC	75	34.96	17.77	12.89	34.38	0.00	0.00
FBC	76	28.37	20.63	15.19	35.82	0.00	0.00
FBC	77	32.09	18.62	19.77	29.51	0.00	0.00
FBC	78	34.67	14.61	16.05	34.67	0.00	0.00
FBC	79	32.38	12.61	16.91	38.11	0.00	0.00
FBC	80	33.24	19.20	18.05	29.51	0.00	0.00
FBC	81	38.40	15.76	17.48	28.37	0.00	0.00
FBC	82	32.66	13.75	19.20	34.38	0.00	0.00
FBC	83	29.51	18.34	18.34	33.81	0.00	0.00
FBC	84	32.38	19.48	18.05	30.09	0.00	0.00
FBC	85	30.66	16.91	15.19	37.25	0.00	0.00
FBC	86	32.38	12.89	20.63	34.10	0.00	0.00
FBC	87	34.67	12.61	13.75	38.97	0.00	0.00
FBC	88	31.81	14.33	16.33	37.54	0.00	0.00
FBC	89	26.93	16.33	20.34	36.39	0.00	0.00
FBC	90	35.24	14.04	16.62	34.10	0.00	0.00
FBC	91	25.50	21.78	19.20	33.52	0.00	0.00
FBC	92	35.82	15.47	15.19	33.52	0.00	0.00
FBC	93	39.54	10.89	17.77	31.81	0.00	0.00
FBC	94	32.66	16.05	22.64	28.65	0.00	0.00
FBC	95	38.97	10.03	20.34	30.66	0.00	0.00
FBC	96	26.36	15.76	20.92	36.96	0.00	0.00
FBC	97	29.51	21.20	14.61	34.67	0.00	0.00
FBC	98	29.51	14.61	19.77	36.10	0.00	0.00
FBC	99	32.09	17.19	14.61	36.10	0.00	0.00
FBC	100	33.81	16.05	15.19	34.96	0.00	0.00
FBC	101	32.95	19.77	15.47	31.81	0.00	0.00
FBC	102	39.54	15.76	17.48	27.22	0.00	0.00
FBC	103	34.96	10.32	17.48	37.25	0.00	0.00
FBC	104	28.08	20.63	12.89	38.40	0.00	0.00
FBC	105	37.54	13.18	16.33	32.95	0.00	0.00
FBC	106	34.96	15.47	16.62	32.95	0.00	0.00
FBC	107	33.81	17.19	12.32	36.68	0.00	0.00
FBC	108	36.68	12.61	15.76	34.96	0.00	0.00
FBC	109	34.10	19.77	14.90	31.23	0.00	0.00
FBC	110	32.09	23.78	13.75	30.37	0.00	0.00
FBC	111	33.24	16.91	17.77	32.09	0.00	0.00
FBC	112	34.38	17.48	16.05	32.09	0.00	0.00
FBC	113	26.65	20.34	13.47	39.54	0.00	0.00
FBC	114	36.39	16.62	17.19	29.80	0.00	0.00
FBC	115	32.66	16.91	16.91	33.52	0.00	0.00
FBC	116	32.38	16.05	16.05	35.53	0.00	0.00
FBC	117	35.82	16.05	15.47	32.66	0.00	0.00
FBC	118	27.22	13.18	18.91	40.69	0.00	0.00
FBC	119	35.24	20.34	17.48	26.93	0.00	0.00
FBC	120	36.96	16.33	14.90	31.81	0.00	0.00
FBC	121	29.51	18.91	18.05	33.52	0.00	0.00
FBC	122	33.24	16.91	19.77	30.09	0.00	0.00
FBC	123	39.54	14.33	17.19	28.94	0.00	0.00
FBC	124	32.95	14.04	17.77	35.24	0.00	0.00
FBC	125	36.68	17.77	14.33	31.23	0.00	0.00
FBC	126	33.81	15.19	18.05	32.95	0.00	0.00
FBC	127	32.95	15.19	14.04	37.82	0.00	0.00
FBC	128	29.80	17.19	22.35	30.66	0.00	0.00
FBC	129	36.68	14.90	12.32	36.10	0.00	0.00
FBC	130	36.10	17.48	14.90	31.52	0.00	0.00
FBC	131	31.81	19.77	18.05	30.37	0.00	0.00
FBC	132	35.82	13.18	19.77	31.23	0.00	0.00
FBC	133	28.94	16.33	22.35	32.38	0.00	0.00
FBC	134	36.68	17.48	14.33	31.52	0.00	0.00
FBC	135	31.52	19.77	16.05	32.66	0.00	0.00
FBC	136	28.94	18.91	17.48	34.67	0.00	0.00
FBC	137	33.52	12.89	16.62	36.96	0.00	0.00
FBC	138	31.81	17.19	14.33	36.68	0.00	0.00
FBC	139	32.47	16.38	15.80	35.34	0.00	0.00
FBC	140	38.22	11.49	14.66	35.63	0.00	0.00
FBC	141	33.91	17.82	12.93	35.34	0.00	0.00
FBC	142	28.45	15.52	18.10	37.93	0.00	0.00
FBC	143	33.91	12.93	18.39	34.77	0.00	0.00
FBC	144	29.89	17.24	17.82	35.06	0.00	0.00
FBC	145	35.92	12.07	16.09	35.92	0.00	0.00
FBC	146	28.74	19.83	14.66	36.78	0.00	0.00
FBC	147	36.89	14.70	15.27	33.14	0.00	0.00
FBC	148	36.42	13.58	15.90	34.10	0.00	0.00
FBC	149	33.33	17.40	15.93	33.33	0.00	0.00
FBC	150	37.87	16.27	16.27	29.59	0.00	0.00
FBC	151	32.58	17.42	14.19	35.81	0.00	0.00
# ACGT raw counters for first fragments. Use `grep ^FTC | cut -f 2-` to extract this part. The columns are: A,C,G,T,N base counters
FTC	17583	8502	8878	17660	3
# ACGT content per cycle for last fragments. Use `grep ^LBC | cut -f 2-` to extract this part. The columns are: cycle; A,C,G,T base counts as a percentage of all A/C/G/T bases [%]; and N and O counts as a percentage of all A/C/G/T bases [%]
LBC	1	32.71	19.63	22.12	25.55	0.93	0.00
LBC	2	28.70	16.67	20.06	34.57	0.00	0.00
LBC	3	33.33	15.12	12.96	38.58	0.00	0.00
LBC	4	31.79	17.90	19.14	31.17	0.00	0.00
LBC	5	33.02	15.12	16.98	34.88	0.00	0.00
LBC	6	31.79	16.67	17.28	34.26	0.00	0.00
LBC	7	31.48	13.58	14.20	40.74	0.00	0.00
LBC	8	34.26	14.20	14.81	36.73	0.00	0.00
LBC	9	35.19	9.88	15.74	39.20	0.00	0.00
LBC	10	28.09	16.05	16.67	39.20	0.00	0.00
LBC	11	33.64	14.81	25.62	25.93	0.00	0.00
LBC	12	30.86	17.28	18.83	33.02	0.00	0.00
LBC	13	28.09	24.38	17.90	29.63	0.00	0.00
LBC	14	33.02	12.35	19.75	34.88	0.00	0.00
LBC	15	32.10	17.59	18.21	32.10	0.00	0.00
LBC	16	36.11	17.59	13.89	32.41	0.00	0.00
LBC	17	32.10	16.67	18.83	32.41	0.00	0.00
LBC	18	34.88	16.36	17.59	31.17	0.00	0.00
LBC	19	33.95	16.98	19.75	29.32	0.00	0.00
LBC	20	32.41	19.14	16.98	31.48	0.00	0.00
LBC	21	34.26	15.74	17.28	32.72	0.00	0.00
LBC	22	39.20	16.05	14.51	30.25	0.00	0.00
LBC	23	35.19	20.06	14.51	30.25	0.00	0.00
LBC	24	34.26	17.90	14.81	33.02	0.00	0.00
LBC	25	33.64	15.74	19.75	30.86	0.00	0.00
LBC	26	37.35	12.65	19.14	30.86	0.00	0.00
LBC	27	33.75	18.30	14.83	33.12	2.21	0.00
LBC	28	32.72	14.20	17.28	35.80	0.00	0.00
LBC	29	33.95	14.81	18.83	32.41	0.00	0.00
LBC	30	35.19	13.89	12.35	38.58	0.00	0.00
LBC	31	37.96	16.67	16.36	29.01	0.00	0.00
LBC	32	34.26	15.43	15.43	34.88	0.00	0.00
LBC	33	35.49	14.81	17.59	32.10	0.00	0.00
LBC	34	37.04	16.98	17.90	28.09	0.00	0.00
LBC	35	33.64	15.74	15.12	35.49	0.00	0.00
LBC	36	33.33	15.74	17.28	33.64	0.00	0.00
LBC	37	34.88	16.05	21.30	27.78	0.00	0.00
LBC	38	33.95	12.35	17.90	35.80	0.00	0.00
LBC	39	36.73	15.12	16.67	31.48	0.00	0.00
LBC	40	29.94	15.12	18.52	36.42	0.00	0.00
LBC	41	38.27	14.81	15.43	31.48	0.00	0.00
LBC	42	31.48	17.28	20.99	30.25	0.00	0.00
LBC	43	29.94	13.58	16.67	39.81	0.00	0.00
LBC	44	37.04	10.49	21.30	31.17	0.00	0.00
LBC	45	30.86	15.74	21.30	32.10	0.00	0.00
LBC	46	39.20	12.04	17.59	31.17	0.00	0.00
LBC	47	33.95	17.90	16.05	32.10	0.00	0.00
LBC	48	33.33	18.21	12.96	35.49	0.00	0.00
LBC	49	31.48	12.96	21.30	34.26	0.00	0.00
LBC	50	33.33	19.14	15.12	32.41	0.00	0.00
LBC	51	36.11	17.90	17.28	28.70	0.00	0.00
LBC	52	29.94	17.28	19.44	33.33	0.00	0.00
LBC	53	35.80	15.12	16.98	32.10	0.00	0.00
LBC	54	37.35	16.05	13.89	32.72	0.00	0.00
LBC	55	36.42	15.12	16.98	31.48	0.00	0.00
LBC	56	31.17	19.75	17.28	31.79	0.00	0.00
LBC	57	31.17	19.75	12.65	36.42	0.00	0.00
LBC	58	32.72	15.43	17.90	33.95	0.00	0.00
LBC	59	29.63	17.90	13.58	38.89	0.00	0.00
LBC	60	38.89	14.51	16.05	30.56	0.00	0.00
LBC	61	28.70	16.05	22.53	32.72	0.00	0.00
LBC	62	37.35	11.42	15.74	35.49	0.00	0.00
LBC	63	35.19	16.05	19.14	29.63	0.00	0.00
LBC	64	31.79	17.90	16.05	34.26	0.00	0.00
LBC	65	32.41	19.44	20.06	28.09	0.00	0.00
LBC	66	31.79	18.21	16.98	33.02	0.00	0.00
LBC	67	28.70	17.90	21.30	32.10	0.00	0.00
LBC	68	35.80	18.21	17.59	28.40	0.00	0.00
LBC	69	33.33	17.59	16.98	32.10	0.00	0.00
LBC	70	32.10	16.98	17.59	33.33	0.00	0.00
LBC	71	30.86	15.12	14.51	39.51	0.00	0.00
LBC	72	34.88	14.20	14.20	36.73	0.00	0.00
LBC	73	33.02	16.05	18.52	32.41	0.00	0.00
LBC	74	29.94	17.90	20.06	32.10	0.00	0.00
LBC	75	32.10	19.14	15.12	33.64	0.00	0.00
LBC	76	32.72	12.96	15.43	38.89	0.00	0.00
LBC	77	31.48	18.21	13.58	36.73	0.00	0.00
LBC	78	37.35	10.19	14.81	37.65	0.00	0.00
LBC	79	33.33	14.51	16.98	35.19	0.00	0.00
LBC	80	31.48	16.05	19.44	33.02	0.00	0.00
LBC	81	35.49	12.96	19.44	32.10	0.00	0.00
LBC	82	33.02	15.12	18.21	33.64	0.00	0.00
LBC	83	33.02	16.98	18.83	31.17	0.00	0.00
LBC	84	31.79	15.12	23.15	29.94	0.00	0.00
LBC	85	28.70	19.75	16.36	35.19	0.00	0.00
LBC	86	30.56	16.67	19.75	33.02	0.00	0.00
LBC	87	33.95	15.74	15.74	34.57	0.00	0.00
LBC	88	32.10	15.43	22.84	29.63	0.00	0.00
LBC	89	37.35	13.89	16.98	31.79	0.00	0.00
LBC	90	33.64	15.43	15.43	35.49	0.00	0.00
LBC	91	36.42	15.12	17.28	31.17	0.00	0.00
LBC	92	31.79	19.75	20.06	28.40	0.00	0.00
LBC	93	36.42	11.73	17.28	34.57	0.00	0.00
LBC	94	38.89	16.05	14.81	30.25	0.00	0.00
LBC	95	37.96	14.20	11.42	36.42	0.00	0.00
LBC	96	30.86	14.51	23.46	31.17	0.00	0.00
LBC	97	29.94	19.75	18.21	32.10	0.00	0.00
LBC	98	32.10	19.14	15.12	33.64	0.00	0.00
LBC	99	36.11	16.98	13.27	33.64	0.00	0.00
LBC	100	31.17	16.67	16.98	35.19	0.00	0.00
LBC	101	31.79	18.21	19.44	30.56	0.00	0.00
LBC	102	34.88	17.28	16.36	31.48	0.00	0.00
LBC	103	33.02	19.75	16.05	31.17	0.00	0.00
LBC	104	39.51	14.81	18.21	27.47	0.00	0.00
LBC	105	32.72	15.12	17.28	34.88	0.00	0.00
LBC	106	30.56	21.30	13.89	34.26	0.00	0.00
LBC	107	31.79	16.05	19.44	32.72	0.00	0.00
LBC	108	33.33	13.58	13.89	39.20	0.00	0.00
LBC	109	28.70	17.28	19.75	34.26	0.00	0.00
LBC	110	38.51	12.11	16.77	32.61	0.62	0.00
LBC	111	34.57	18.52	15.74	31.17	0.00	0.00
LBC	112	32.10	12.35	22.22	33.33	0.00	0.00
LBC	113	39.20	12.96	12.04	35.80	0.00	0.00
LBC	114	31.48	15.74	16.36	36.42	0.00	0.00
LBC	115	33.33	15.43	17.90	33.33	0.00	0.00
LBC	116	37.04	15.43	11.73	35.80	0.00	0.00
LBC	117	32.41	17.59	16.67	33.33	0.00	0.00
LBC	118	29.94	14.20	16.05	39.81	0.00	0.00
LBC	119	30.56	15.74	18.21	35.49	0.00	0.00
LBC	120	36.42	16.98	18.52	28.09	0.00	0.00
LBC	121	33.64	18.52	12.65	35.19	0.00	0.00
LBC	122	31.48	14.20	18.83	35.49	0.00	0.00
LBC	123	36.42	16.67	17.90	29.01	0.00	0.00
LBC	124	31.79	17.28	16.98	33.95	0.00	0.00
LBC	125	33.33	13.89	20.06	32.72	0.00	0.00
LBC	126	33.33	16.36	19.44	30.86	0.00	0.00
LBC	127	31.79	17.59	15.74	34.88	0.00	0.00
LBC	128	35.80	12.65	16.98	34.57	0.00	0.00
LBC	129	29.01	17.90	13.27	39.81	0.00	0.00
LBC	130	29.94	17.28	17.59	35.19	0.00	0.00
LBC	131	35.49	15.43	15.12	33.95	0.00	0.00
LBC	132	38.58	16.05	15.12	30.25	0.00	0.00
LBC	133	32.41	16.98	15.43	35.19	0.00	0.00
LBC	134	32.41	14.81	18.83	33.95	0.00	0.00
LBC	135	32.20	20.12	16.72	30.96	0.00	0.00
LBC	136	34.67	16.72	16.72	31.89	0.00	0.00
LBC	137	32.51	18.27	13.00	36.22	0.00	0.00
LBC	138	37.15	15.48	11.76	35.60	0.00	0.00
LBC	139	31.46	19.94	16.20	32.40	0.00	0.00
LBC	140	33.96	20.56	15.89	29.60	0.00	0.00
LBC	141	33.33	15.89	18.07	32.71	0.00	0.00
LBC	142	33.75	19.69	15.94	30.62	0.00	0.00
LBC	143	34.06	13.75	17.19	35.00	0.00	0.00
LBC	144	27.19	15.94	25.31	31.56	0.00	0.00
LBC	145	35.94	12.50	18.75	32.81	0.00	0.00
LBC	146	32.81	14.38	19.69	33.12	0.00	0.00
LBC	147	30.94	15.94	19.38	33.75	0.00	0.00
LBC	148	38.56	14.42	19.75	27.27	0.00	0.00
LBC	149	32.38	18.73	14.92	33.97	0.00	0.00
LBC	150	31.94	17.74	15.81	34.52	0.00	0.00
LBC	151	29.72	16.08	15.38	38.81	0.00	0.00
# ACGT raw counters for last fragments. Use `grep ^LTC | cut -f 2-` to extract this part. The columns are: A,C,G,T,N base counters
LTC	16318	7885	8397	16209	12
# Insert sizes. Use `grep ^IS | cut -f 2-` to extract this part. The columns are: insert size, pairs total, inward oriented pairs, outward oriented pairs, other pairs
IS	0	0	0	0	0
IS	1	0	0	0	0
IS	2	0	0	0	0
IS	3	0	0	0	0
IS	4	0	0	0	0
IS	5	0	0	0	0
IS	6	0	0	0	0
IS	7	0	0	0	0
IS	8	0	0	0	0
IS	9	0	0	0	0
IS	10	0	0	0	0
IS	11	0	0	0	0
IS	12	0	0	0	0
IS	13	0	0	0	0
IS	14	0	0	0	0
IS	15	0	0	0	0
IS	16	0	0	0	0
IS	17	0	0	0	0
IS	18	0	0	0	0
IS	19	0	0	0	0
IS	20	0	0	0	0
IS	21	0	0	0	0
IS	22	0	0	0	0
IS	23	0	0	0	0
IS	24	0	0	0	0
IS	25	0	0	0	0
IS	26	0	0	0	0
IS	27	0	0	0	0
IS	28	0	0	0	0
IS	29	0	0	0	0
IS	30	0	0	0	0
IS	31	0	0	0	0
IS	32	0	0	0	0
IS	33	0	0	0	0
IS	34	0	0	0	0
IS	35	0	0	0	0
IS	36	0	0	0	0
IS	37	0	0	0	0
IS	38	0	0	0	0
IS	39	0	0	0	0
IS	40	0	0	0	0
IS	41	0	0	0	0
IS	42	0	0	0	0
IS	43	0	0	0	0
IS	44	0	0	0	0
IS	45	0	0	0	0
IS	46	0	0	0	0
IS	47	0	0	0	0
IS	48	0	0	0	0
IS	49	0	0	0	0
IS	50	0	0	0	0
IS	51	0	0	0	0
IS	52	0	0	0	0
IS	53	0	0	0	0
IS	54	0	0	0	0
IS	55	0	0	0	0
IS	56	0	0	0	0
IS	57	0	0	0	0
IS	58	0	0	0	0
IS	59	0	0	0	0
IS	60	0	0	0	0
IS	61	0	0	0	0
IS	62	0	0	0	0
IS	63	0	0	0	0
IS	64	0	0	0	0
IS	65	0	0	0	0
IS	66	0	0	0	0
IS	67	0	0	0	0
IS	68	0	0	0	0
IS	69	0	0	0	0
IS	70	0	0	0	0
IS	71	0	0	0	0
IS	72	0	0	0	0
IS	73	0	0	0	0
IS	74	0	0	0	0
IS	75	0	0	0	0
IS	76	0	0	0	0
IS	77	0	0	0	0
IS	78	0	0	0	0
IS	79	0	0	0	0
IS	80	0	0	0	0
IS	81	0	0	0	0
IS	82	0	0	0	0
IS	83	0	0	0	0
IS	84	0	0	0	0
IS	85	0	0	0	0
IS	86	0	0	0	0
IS	87	0	0	0	0
IS	88	0	0	0	0
IS	89	0	0	0	0
IS	90	0	0	0	0
IS	91	0	0	0	0
IS	92	0	0	0	0
IS	93	0	0	0	0
IS	94	0	0	0	0
IS	95	0	0	0	0
IS	96	0	0	0	0
IS	97	0	0	0	0
IS	98	0	0	0	0
IS	99	0	0	0	0
IS	100	0	0	0	0
IS	101	0	0	0	0
IS	102	0	0	0	0
IS	103	0	0	0	0
IS	104	0	0	0	0
IS	105	0	0	0	0
IS	106	0	0	0	0
IS	107	0	0	0	0
IS	108	0	0	0	0
IS	109	0	0	0	0
IS	110	0	0	0	0
IS	111	0	0	0	0
IS	112	0	0	0	0
IS	113	0	0	0	0
IS	114	0	0	0	0
IS	115	0	0	0	0
IS	116	0	0	0	0
IS	117	0	0	0	0
IS	118	0	0	0	0
IS	119	0	0	0	0
IS	120	0	0	0	0
IS	121	0	0	0	0
IS	122	0	0	0	0
IS	123	0	0	0	0
IS	124	0	0	0	0
IS	125	0	0	0	0
IS	126	0	0	0	0
IS	127	0	0	0	0
IS	128	0	0	0	0
IS	129	0	0	0	0
IS	130	0	0	0	0
IS	131	0	0	0	0
IS	132	0	0	0	0
IS	133	0	0	0	0
IS	134	0	0	0	0
IS	135	0	0	0	0
IS	136	0	0	0	0
IS	137	0	0	0	0
IS	138	0	0	0	0
IS	139	1	0	1	0
IS	140	0	0	0	0
IS	141	0	0	0	0
IS	142	0	0	0	0
IS	143	0	0	0	0
IS	144	0	0	0	0
IS	145	0	0	0	0
IS	146	0	0	0	0
IS	147	0	0	0	0
IS	148	0	0	0	0
IS	149	0	0	0	0
IS	150	0	0	0	0
IS	151	0	0	0	0
IS	152	0	0	0	0
IS	153	0	0	0	0
IS	154	0	0	0	0
IS	155	0	0	0	0
IS	156	0	0	0	0
IS	157	0	0	0	0
IS	158	0	0	0	0
IS	159	0	0	0	0
IS	160	0	0	0	0
IS	161	0	0	0	0
IS	162	0	0	0	0
IS	163	0	0	0	0
IS	164	0	0	0	0
IS	165	0	0	0	0
IS	166	0	0	0	0
IS	167	0	0	0	0
IS	168	0	0	0	0
IS	169	0	0	0	0
IS	170	0	0	0	0
IS	171	0	0	0	0
IS	172	0	0	0	0
IS	173	0	0	0	0
IS	174	0	0	0	0
IS	175	0	0	0	0
IS	176	0	0	0	0
IS	177	0	0	0	0
IS	178	0	0	0	0
IS	179	0	0	0	0
IS	180	0	0	0	0
IS	181	1	1	0	0
IS	182	0	0	0	0
IS	183	0	0	0	0
IS	184	0	0	0	0
IS	185	0	0	0	0
IS	186	0	0	0	0
IS	187	0	0	0	0
IS	188	0	0	0	0
IS	189	1	1	0	0
IS	190	0	0	0	0
IS	191	2	2	0	0
IS	192	0	0	0	0
IS	193	0	0	0	0
IS	194	0	0	0	0
IS	195	0	0	0	0
IS	196	2	2	0	0
IS	197	0	0	0	0
IS	198	0	0	0	0
IS	199	1	1	0	0
IS	200	0	0	0	0
IS	201	0	0	0	0
IS	202	0	0	0	0
IS	203	1	1	0	0
IS	204	0	0	0	0
IS	205	4	4	0	0
IS	206	0	0	0	0
IS	207	1	1	0	0
IS	208	0	0	0	0
IS	209	0	0	0	0
IS	210	0	0	0	0
IS	211	0	0	0	0
IS	212	0	0	0	0
IS	213	0	0	0	0
IS	214	0	0	0	0
IS	215	4	4	0	0
IS	216	0	0	0	0
IS	217	1	1	0	0
IS	218	2	2	0	0
IS	219	0	0	0	0
IS	220	2	2	0	0
IS	221	2	2	0	0
IS	222	1	1	0	0
IS	223	1	1	0	0
IS	224	1	1	0	0
IS	225	3	3	0	0
IS	226	0	0	0	0
IS	227	1	1	0	0
IS	228	1	1	0	0
IS	229	2	2	0	0
IS	230	3	3	0	0
IS	231	3	3	0	0
IS	232	3	3	0	0
IS	233	1	1	0	0
IS	234	0	0	0	0
IS	235	1	1	0	0
IS	236	0	0	0	0
IS	237	1	1	0	0
IS	238	0	0	0	0
IS	239	1	1	0	0
IS	240	2	2	0	0
IS	241	0	0	0	0
IS	242	1	1	0	0
IS	243	3	3	0	0
IS	244	1	1	0	0
IS	245	2	2	0	0
IS	246	2	2	0	0
IS	247	0	0	0	0
IS	248	3	3	0	0
IS	249	0	0	0	0
IS	250	0	0	0	0
IS	251	3	3	0	0
IS	252	0	0	0	0
IS	253	4	4	0	0
IS	254	0	0	0	0
IS	255	3	3	0	0
IS	256	0	0	0	0
IS	257	3	3	0	0
IS	258	2	2	0	0
IS	259	2	2	0	0
IS	260	0	0	0	0
IS	261	0	0	0	0
IS	262	0	0	0	0
IS	263	0	0	0	0
IS	264	0	0	0	0
IS	265	0	0	0	0
IS	266	0	0	0	0
IS	267	2	2	0	0
IS	268	0	0	0	0
IS	269	3	3	0	0
IS	270	1	1	0	0
IS	271	2	2	0	0
IS	272	0	0	0	0
IS	273	1	1	0	0
IS	274	5	5	0	0
IS	275	1	1	0	0
IS	276	0	0	0	0
IS	277	0	0	0	0
IS	278	1	1	0	0
IS	279	0	0	0	0
IS	280	0	0	0	0
IS	281	1	1	0	0
IS	282	2	2	0	0
IS	283	0	0	0	0
IS	284	0	0	0	0
IS	285	1	1	0	0
IS	286	2	2	0	0
IS	287	0	0	0	0
IS	288	0	0	0	0
IS	289	1	1	0	0
IS	290	0	0	0	0
IS	291	1	1	0	0
IS	292	0	0	0	0
IS	293	3	3	0	0
IS	294	0	0	0	0
IS	295	2	2	0	0
IS	296	0	0	0	0
IS	297	0	0	0	0
IS	298	5	5	0	0
IS	299	2	2	0	0
IS	300	0	0	0	0
IS	301	2	2	0	0
IS	302	0	0	0	0
IS	303	2	2	0	0
IS	304	0	0	0	0
IS	305	3	3	0	0
IS	306	0	0	0	0
IS	307	2	2	0	0
IS	308	0	0	0	0
IS	309	2	2	0	0
IS	310	0	0	0	0
IS	311	1	1	0	0
IS	312	0	0	0	0
IS	313	0	0	0	0
IS	314	0	0	0	0
IS	315	2	2	0	0
IS	316	0	0	0	0
IS	317	0	0	0	0
IS	318	1	1	0	0
IS	319	1	1	0	0
IS	320	0	0	0	0
IS	321	1	1	0	0
IS	322	0	0	0	0
IS	323	0	0	0	0
IS	324	2	2	0	0
IS	325	0	0	0	0
IS	326	2	2	0	0
IS	327	0	0	0	0
IS	328	1	1	0	0
IS	329	0	0	0	0
IS	330	1	1	0	0
IS	331	0	0	0	0
IS	332	2	2	0	0
IS	333	0	0	0	0
IS	334	0	0	0	0
IS	335	1	1	0	0
IS	336	2	2	0	0
IS	337	0	0	0	0
IS	338	2	2	0	0
IS	339	2	2	0	0
IS	340	1	1	0	0
IS	341	0	0	0	0
IS	342	3	3	0	0
IS	343	4	4	0	0
IS	344	2	2	0	0
IS	345	0	0	0	0
IS	346	1	1	0	0
IS	347	2	2	0	0
IS	348	1	1	0	0
IS	349	4	4	0	0
IS	350	1	1	0	0
IS	351	1	1	0	0
IS	352	0	0	0	0
IS	353	1	1	0	0
IS	354	1	1	0	0
IS	355	0	0	0	0
IS	356	0	0	0	0
IS	357	0	0	0	0
IS	358	0	0	0	0
IS	359	1	1	0	0
IS	360	0	0	0	0
IS	361	1	1	0	0
IS	362	1	1	0	0
IS	363	0	0	0	0
IS	364	3	3	0	0
IS	365	1	1	0	0
IS	366	0	0	0	0
IS	367	2	2	0	0
IS	368	1	1	0	0
IS	369	1	1	0	0
IS	370	0	0	0	0
IS	371	1	1	0	0
IS	372	1	1	0	0
IS	373	0	0	0	0
IS	374	0	0	0	0
IS	375	1	1	0	0
IS	376	1	1	0	0
IS	377	0	0	0	0
IS	378	0	0	0	0
IS	379	2	2	0	0
IS	380	1	1	0	0
IS	381	1	1	0	0
IS	382	0	0	0	0
IS	383	1	1	0	0
IS	384	0	0	0	0
IS	385	2	2	0	0
IS	386	0	0	0	0
IS	387	1	1	0	0
IS	388	2	2	0	0
IS	389	0	0	0	0
IS	390	0	0	0	0
IS	391	1	1	0	0
IS	392	1	1	0	0
IS	393	0	0	0	0
IS	394	1	1	0	0
IS	395	1	1	0	0
IS	396	3	3	0	0
IS	397	2	2	0	0
IS	398	4	4	0	0
IS	399	1	1	0	0
IS	400	2	2	0	0
IS	401	0	0	0	0
IS	402	0	0	0	0
IS	403	0	0	0	0
IS	404	2	2	0	0
IS	405	0	0	0	0
IS	406	3	3	0	0
IS	407	0	0	0	0
IS	408	2	2	0	0
IS	409	0	0	0	0
IS	410	4	4	0	0
IS	411	0	0	0	0
IS	412	2	2	0	0
IS	413	3	3	0	0
IS	414	0	0	0	0
IS	415	1	1	0	0
IS	416	0	0	0	0
IS	417	2	2	0	0
IS	418	0	0	0	0
IS	419	0	0	0	0
IS	420	0	0	0	0
IS	421	1	1	0	0
IS	422	1	1	0	0
IS	423	3	3	0	0
IS	424	0	0	0	0
IS	425	5	5	0	0
IS	426	2	2	0	0
IS	427	0	0	0	0
IS	428	0	0	0	0
IS	429	1	1	0	0
IS	430	3	3	0	0
IS	431	2	2	0	0
IS	432	1	1	0	0
IS	433	0	0	0	0
IS	434	2	2	0	0
IS	435	1	1	0	0
IS	436	0	0	0	0
IS	437	1	1	0	0
IS	438	0	0	0	0
IS	439	2	2	0	0
IS	440	0	0	0	0
IS	441	1	1	0	0
IS	442	0	0	0	0
IS	443	0	0	0	0
IS	444	1	1	0	0
IS	445	1	1	0	0
IS	446	0	0	0	0
IS	447	4	4	0	0
IS	448	2	2	0	0
IS	449	5	5	0	0
IS	450	1	1	0	0
IS	451	1	1	0	0
IS	452	2	2	0	0
IS	453	0	0	0	0
IS	454	0	0	0	0
IS	455	0	0	0	0
IS	456	2	2	0	0
IS	457	2	2	0	0
IS	458	1	1	0	0
IS	459	3	3	0	0
IS	460	1	1	0	0
IS	461	0	0	0	0
IS	462	2	2	0	0
IS	463	1	1	0	0
IS	464	2	2	0	0
IS	465	0	0	0	0
IS	466	2	2	0	0
IS	467	0	0	0	0
IS	468	0	0	0	0
IS	469	0	0	0	0
IS	470	0	0	0	0
IS	471	3	3	0	0
IS	472	2	2	0	0
IS	473	0	0	0	0
IS	474	1	1	0	0
IS	475	0	0	0	0
IS	476	1	1	0	0
IS	477	0	0	0	0
IS	478	1	1	0	0
IS	479	0	0	0	0
IS	480	0	0	0	0
IS	481	0	0	0	0
IS	482	0	0	0	0
IS	483	3	3	0	0
# Read lengths. Use `grep ^RL | cut -f 2-` to extract this part. The columns are: read length, count
RL	134	1
RL	138	3
RL	141	1
RL	146	1
RL	147	2
RL	148	11
RL	149	6
RL	150	52
RL	151	596
# Read lengths - first fragments. Use `grep ^FRL | cut -f 2-` to extract this part. The columns are: read length, count
FRL	138	1
FRL	146	1
FRL	147	1
FRL	148	7
FRL	149	1
FRL	150	28
FRL	151	310
# Read lengths - last fragments. Use `grep ^LRL | cut -f 2-` to extract this part. The columns are: read length, count
LRL	134	1
LRL	138	2
LRL	141	1
LRL	147	1
LRL	148	4
LRL	149	5
LRL	150	24
LRL	151	286
# Mapping qualities for reads !(UNMAP|SECOND|SUPPL|QCFAIL|DUP). Use `grep ^MAPQ | cut -f 2-` to extract this part. The columns are: mapq, count
MAPQ	0	2
MAPQ	1	5
MAPQ	6	2
MAPQ	7	1
MAPQ	255	663
# Indel distribution. Use `grep ^ID | cut -f 2-` to extract this part. The columns are: length, number of insertions, number of deletions
ID	1	20	24
ID	2	2	1
ID	3	1	0
# Indels per cycle. Use `grep ^IC | cut -f 2-` to extract this part. The columns are: cycle, number of insertions (fwd), .. (rev) , number of deletions (fwd), .. (rev)
IC	5	0	1	0	0
IC	7	0	0	2	0
IC	46	0	0	1	0
IC	47	0	0	1	0
IC	56	1	0	0	0
IC	57	2	1	0	0
IC	64	2	0	0	0
IC	66	1	0	0	0
IC	69	1	0	0	0
IC	85	0	1	0	0
IC	87	0	0	0	1
IC	90	0	1	0	0
IC	91	0	0	2	1
IC	92	0	1	0	0
IC	96	0	0	3	0
IC	99	1	0	0	0
IC	102	0	0	2	0
IC	103	1	0	0	0
IC	108	0	0	1	0
IC	111	1	0	0	0
IC	116	0	0	1	1
IC	118	0	0	0	2
IC	124	0	0	1	2
IC	131	0	1	0	0
IC	134	1	0	0	0
IC	136	0	1	0	0
IC	138	0	0	1	0
IC	140	1	0	0	0
IC	141	0	0	1	1
IC	143	0	0	1	0
IC	145	1	0	0	0
IC	147	1	1	0	0
IC	148	1	0	0	0
# Coverage distribution. Use `grep ^COV | cut -f 2-` to extract this part.
COV	[1-1]	1	56614
COV	[2-2]	2	16780
COV	[3-3]	3	1982
COV	[4-4]	4	609
COV	[5-5]	5	118
COV	[6-6]	6	379
# GC-depth. Use `grep ^GCD | cut -f 2-` to extract this part. The columns are: GC%, unique sequence percentiles, 10th, 25th, 50th, 75th and 90th depth percentile
GCD	0.0	2.247	0.000	0.000	0.000	0.000	0.000
GCD	1.0	3.371	0.023	0.023	0.023	0.023	0.023
GCD	26.0	4.494	0.045	0.045	0.045	0.045	0.045
GCD	27.0	5.618	0.030	0.030	0.030	0.030	0.030
GCD	28.0	10.112	0.015	0.015	0.015	0.049	0.060
GCD	29.0	13.483	0.015	0.015	0.075	0.090	0.090
GCD	30.0	16.854	0.053	0.053	0.075	0.083	0.083
GCD	31.0	29.213	0.024	0.045	0.060	0.075	0.093
GCD	32.0	44.944	0.034	0.058	0.075	0.092	0.109
GCD	33.0	56.180	0.016	0.028	0.049	0.070	0.105
GCD	34.0	66.292	0.038	0.045	0.075	0.098	0.113
GCD	35.0	78.652	0.015	0.045	0.068	0.083	0.112
GCD	36.0	89.888	0.015	0.026	0.053	0.070	0.116
GCD	37.0	97.753	0.015	0.015	0.045	0.060	0.075
GCD	38.0	98.876	0.045	0.045	0.045	0.045	0.045
GCD	39.0	100.000	0.045	0.045	0.045	0.045	0.045
