# This file was produced by samtools stats (1.21+htslib-1.21) and can be plotted using plot-bamstats
# This file contains statistics for all reads.
# The command line was:  stats NC.Staphy2.3G_l100_d_sorted.bam
# CHK, Checksum	[2]Read Names	[3]Sequences	[4]Qualities
# CHK, CRC32 of reads which passed filtering followed by addition (32bit overflow)
CHK	257db8b1	86aa5406	2855ed08
# Summary Numbers. Use `grep ^SN | cut -f 2-` to extract this part.
SN	raw total sequences:	139	# excluding supplementary and secondary reads
SN	filtered sequences:	0
SN	sequences:	139
SN	is sorted:	1
SN	1st fragments:	115
SN	last fragments:	24
SN	reads mapped:	139
SN	reads mapped and paired:	46	# paired-end technology bit set + both mates mapped
SN	reads unmapped:	0
SN	reads properly paired:	46	# proper-pair bit set
SN	reads paired:	139	# paired-end technology bit set
SN	reads duplicated:	0	# PCR or optical duplicate bit set
SN	reads MQ0:	2	# mapped and MQ=0
SN	reads QC failed:	0
SN	non-primary alignments:	25
SN	supplementary alignments:	0
SN	total length:	20882	# ignores clipping
SN	total first fragment length:	17271	# ignores clipping
SN	total last fragment length:	3611	# ignores clipping
SN	bases mapped:	20882	# ignores clipping
SN	bases mapped (cigar):	20882	# more accurate
SN	bases trimmed:	0
SN	bases duplicated:	0
SN	mismatches:	397	# from NM fields
SN	error rate:	1.901159e-02	# mismatches / bases mapped (cigar)
SN	average length:	150
SN	average first fragment length:	150
SN	average last fragment length:	150
SN	maximum length:	151
SN	maximum first fragment length:	151
SN	maximum last fragment length:	151
SN	average quality:	34.2
SN	insert size average:	318.8
SN	insert size standard deviation:	80.8
SN	inward oriented pairs:	23
SN	outward oriented pairs:	0
SN	pairs with other orientation:	0
SN	pairs on different chromosomes:	0
SN	percentage of properly paired reads (%):	33.1
# First Fragment Qualities. Use `grep ^FFQ | cut -f 2-` to extract this part.
# Columns correspond to qualities and rows to cycles. First column is the cycle number.
FFQ	1	0	0	0	0	0	0	0	0	0	0	0	0	14	0	0	0	0	0	0	0	0	0	0	0	0	0	0	7	0	0	0	0	94	0	0	0	0	0	0	0	0	0	0
FFQ	2	0	0	0	0	0	0	0	0	0	0	0	0	21	0	0	0	0	0	0	0	0	0	0	0	0	0	0	9	0	0	0	0	85	0	0	0	0	0	0	0	0	0	0
FFQ	3	0	0	0	0	0	0	0	0	0	0	0	0	14	0	0	0	0	0	0	0	0	0	0	0	0	0	0	15	0	0	0	0	39	0	0	0	0	47	0	0	0	0	0
FFQ	4	0	0	0	0	0	0	0	0	0	0	0	0	10	0	0	0	0	0	0	0	0	0	1	0	0	0	0	10	0	0	0	0	20	0	0	0	0	74	0	0	0	0	0
FFQ	5	0	0	0	0	0	0	0	0	0	0	0	0	9	0	0	0	0	0	0	0	0	0	4	0	0	0	0	6	0	0	0	0	20	0	0	0	0	76	0	0	0	0	0
FFQ	6	0	0	0	0	0	0	0	0	0	0	0	0	6	0	0	0	0	0	0	0	0	0	1	0	0	0	0	5	0	0	0	0	11	0	0	0	0	37	0	0	0	55	0
FFQ	7	0	0	0	0	0	0	0	0	0	0	0	0	8	0	0	0	0	0	0	0	0	0	0	0	0	0	0	5	0	0	0	0	12	0	0	0	0	35	0	0	0	55	0
FFQ	8	0	0	0	0	0	0	0	0	0	0	0	0	7	0	0	0	0	0	0	0	0	0	3	0	0	0	0	2	0	0	0	0	10	0	0	0	0	32	0	0	0	61	0
FFQ	9	0	0	0	0	0	0	0	0	0	0	0	0	11	0	0	0	0	0	0	0	0	0	0	0	0	0	0	7	0	0	0	0	6	0	0	0	0	29	0	0	0	62	0
FFQ	10	0	0	0	0	0	0	0	0	0	0	0	0	7	0	0	0	0	0	0	0	0	0	2	0	0	0	0	2	0	0	0	0	18	0	0	0	0	39	0	0	0	47	0
FFQ	11	0	0	0	0	0	0	0	0	0	0	0	0	5	0	0	0	0	0	0	0	0	0	2	0	0	0	0	4	0	0	0	0	13	0	0	0	0	28	0	0	0	63	0
FFQ	12	0	0	0	0	0	0	0	0	0	0	0	0	6	0	0	0	0	0	0	0	0	0	2	0	0	0	0	7	0	0	0	0	13	0	0	0	0	27	0	0	0	60	0
FFQ	13	0	0	0	0	0	0	0	0	0	0	0	0	4	0	0	0	0	0	0	0	0	0	3	0	0	0	0	2	0	0	0	0	17	0	0	0	0	27	0	0	0	62	0
FFQ	14	0	0	0	0	0	0	0	0	0	0	0	0	6	0	0	0	0	0	0	0	0	0	6	0	0	0	0	5	0	0	0	0	12	0	0	0	0	21	0	0	0	65	0
FFQ	15	0	0	0	0	0	0	0	0	0	0	0	0	5	0	0	0	0	0	0	0	0	0	3	0	0	0	0	6	0	0	0	0	11	0	0	0	0	26	0	0	0	64	0
FFQ	16	0	0	0	0	0	0	0	0	0	0	0	0	11	0	0	0	0	0	0	0	0	0	2	0	0	0	0	7	0	0	0	0	10	0	0	0	0	31	0	0	0	54	0
FFQ	17	0	0	0	0	0	0	0	0	0	0	0	0	6	0	0	0	0	0	0	0	0	0	3	0	0	0	0	5	0	0	0	0	9	0	0	0	0	29	0	0	0	63	0
FFQ	18	0	0	0	0	0	0	0	0	0	0	0	0	9	0	0	0	0	0	0	0	0	0	4	0	0	0	0	5	0	0	0	0	13	0	0	0	0	25	0	0	0	59	0
FFQ	19	0	0	0	0	0	0	0	0	0	0	0	0	9	0	0	0	0	0	0	0	0	0	4	0	0	0	0	3	0	0	0	0	13	0	0	0	0	22	0	0	0	64	0
FFQ	20	0	0	0	0	0	0	0	0	0	0	0	0	3	0	0	0	0	0	0	0	0	0	1	0	0	0	0	6	0	0	0	0	11	0	0	0	0	34	0	0	0	60	0
FFQ	21	0	0	0	0	0	0	0	0	0	0	0	0	7	0	0	0	0	0	0	0	0	0	4	0	0	0	0	3	0	0	0	0	7	0	0	0	0	27	0	0	0	67	0
FFQ	22	0	0	0	0	0	0	0	0	0	0	0	0	7	0	0	0	0	0	0	0	0	0	2	0	0	0	0	6	0	0	0	0	11	0	0	0	0	29	0	0	0	60	0
FFQ	23	0	0	0	0	0	0	0	0	0	0	0	0	7	0	0	0	0	0	0	0	0	0	4	0	0	0	0	4	0	0	0	0	12	0	0	0	0	24	0	0	0	64	0
FFQ	24	0	0	0	0	0	0	0	0	0	0	0	0	3	0	0	0	0	0	0	0	0	0	3	0	0	0	0	3	0	0	0	0	15	0	0	0	0	25	0	0	0	66	0
FFQ	25	0	0	0	0	0	0	0	0	0	0	0	0	6	0	0	0	0	0	0	0	0	0	6	0	0	0	0	4	0	0	0	0	10	0	0	0	0	19	0	0	0	70	0
FFQ	26	0	0	0	0	0	0	0	0	0	0	0	0	7	0	0	0	0	0	0	0	0	0	1	0	0	0	0	7	0	0	0	0	7	0	0	0	0	30	0	0	0	63	0
FFQ	27	0	0	1	0	0	0	0	0	0	0	0	0	9	0	0	0	0	0	0	0	0	0	5	0	0	0	0	4	0	0	0	0	8	0	0	0	0	34	0	0	0	54	0
FFQ	28	0	0	0	0	0	0	0	0	0	0	0	0	10	0	0	0	0	0	0	0	0	0	3	0	0	0	0	3	0	0	0	0	8	0	0	0	0	30	0	0	0	61	0
FFQ	29	0	0	0	0	0	0	0	0	0	0	0	0	7	0	0	0	0	0	0	0	0	0	2	0	0	0	0	10	0	0	0	0	10	0	0	0	0	26	0	0	0	60	0
FFQ	30	0	0	0	0	0	0	0	0	0	0	0	0	4	0	0	0	0	0	0	0	0	0	4	0	0	0	0	11	0	0	0	0	10	0	0	0	0	30	0	0	0	56	0
FFQ	31	0	0	0	0	0	0	0	0	0	0	0	0	10	0	0	0	0	0	0	0	0	0	3	0	0	0	0	10	0	0	0	0	13	0	0	0	0	32	0	0	0	47	0
FFQ	32	0	0	0	0	0	0	0	0	0	0	0	0	11	0	0	0	0	0	0	0	0	0	3	0	0	0	0	5	0	0	0	0	6	0	0	0	0	35	0	0	0	55	0
FFQ	33	0	0	0	0	0	0	0	0	0	0	0	0	8	0	0	0	0	0	0	0	0	0	6	0	0	0	0	10	0	0	0	0	7	0	0	0	0	21	0	0	0	63	0
FFQ	34	0	0	0	0	0	0	0	0	0	0	0	0	10	0	0	0	0	0	0	0	0	0	9	0	0	0	0	9	0	0	0	0	11	0	0	0	0	26	0	0	0	50	0
FFQ	35	0	0	0	0	0	0	0	0	0	0	0	0	15	0	0	0	0	0	0	0	0	0	4	0	0	0	0	12	0	0	0	0	5	0	0	0	0	25	0	0	0	54	0
FFQ	36	0	0	0	0	0	0	0	0	0	0	0	0	14	0	0	0	0	0	0	0	0	0	6	0	0	0	0	7	0	0	0	0	7	0	0	0	0	29	0	0	0	52	0
FFQ	37	0	0	0	0	0	0	0	0	0	0	0	0	10	0	0	0	0	0	0	0	0	0	11	0	0	0	0	9	0	0	0	0	6	0	0	0	0	26	0	0	0	53	0
FFQ	38	0	0	0	0	0	0	0	0	0	0	0	0	4	0	0	0	0	0	0	0	0	0	9	0	0	0	0	7	0	0	0	0	12	0	0	0	0	26	0	0	0	57	0
FFQ	39	0	0	0	0	0	0	0	0	0	0	0	0	11	0	0	0	0	0	0	0	0	0	4	0	0	0	0	7	0	0	0	0	9	0	0	0	0	21	0	0	0	63	0
FFQ	40	0	0	0	0	0	0	0	0	0	0	0	0	6	0	0	0	0	0	0	0	0	0	8	0	0	0	0	10	0	0	0	0	8	0	0	0	0	27	0	0	0	56	0
FFQ	41	0	0	0	0	0	0	0	0	0	0	0	0	5	0	0	0	0	0	0	0	0	0	8	0	0	0	0	2	0	0	0	0	4	0	0	0	0	34	0	0	0	62	0
FFQ	42	0	0	0	0	0	0	0	0	0	0	0	0	15	0	0	0	0	0	0	0	0	0	9	0	0	0	0	10	0	0	0	0	11	0	0	0	0	21	0	0	0	49	0
FFQ	43	0	0	0	0	0	0	0	0	0	0	0	0	14	0	0	0	0	0	0	0	0	0	5	0	0	0	0	9	0	0	0	0	5	0	0	0	0	33	0	0	0	49	0
FFQ	44	0	0	1	0	0	0	0	0	0	0	0	0	12	0	0	0	0	0	0	0	0	0	8	0	0	0	0	10	0	0	0	0	8	0	0	0	0	27	0	0	0	49	0
FFQ	45	0	0	0	0	0	0	0	0	0	0	0	0	11	0	0	0	0	0	0	0	0	0	3	0	0	0	0	11	0	0	0	0	8	0	0	0	0	28	0	0	0	54	0
FFQ	46	0	0	0	0	0	0	0	0	0	0	0	0	11	0	0	0	0	0	0	0	0	0	2	0	0	0	0	9	0	0	0	0	9	0	0	0	0	24	0	0	0	60	0
FFQ	47	0	0	0	0	0	0	0	0	0	0	0	0	8	0	0	0	0	0	0	0	0	0	7	0	0	0	0	7	0	0	0	0	6	0	0	0	0	34	0	0	0	53	0
FFQ	48	0	0	0	0	0	0	0	0	0	0	0	0	7	0	0	0	0	0	0	0	0	0	5	0	0	0	0	7	0	0	0	0	9	0	0	0	0	32	0	0	0	55	0
FFQ	49	0	0	0	0	0	0	0	0	0	0	0	0	10	0	0	0	0	0	0	0	0	0	5	0	0	0	0	11	0	0	0	0	12	0	0	0	0	19	0	0	0	58	0
FFQ	50	0	0	0	0	0	0	0	0	0	0	0	0	10	0	0	0	0	0	0	0	0	0	4	0	0	0	0	6	0	0	0	0	7	0	0	0	0	36	0	0	0	52	0
FFQ	51	0	0	0	0	0	0	0	0	0	0	0	0	11	0	0	0	0	0	0	0	0	0	4	0	0	0	0	6	0	0	0	0	10	0	0	0	0	33	0	0	0	51	0
FFQ	52	0	0	0	0	0	0	0	0	0	0	0	0	18	0	0	0	0	0	0	0	0	0	3	0	0	0	0	4	0	0	0	0	5	0	0	0	0	30	0	0	0	55	0
FFQ	53	0	0	0	0	0	0	0	0	0	0	0	0	7	0	0	0	0	0	0	0	0	0	3	0	0	0	0	11	0	0	0	0	5	0	0	0	0	25	0	0	0	64	0
FFQ	54	0	0	0	0	0	0	0	0	0	0	0	0	10	0	0	0	0	0	0	0	0	0	5	0	0	0	0	4	0	0	0	0	5	0	0	0	0	20	0	0	0	71	0
FFQ	55	0	0	0	0	0	0	0	0	0	0	0	0	11	0	0	0	0	0	0	0	0	0	3	0	0	0	0	8	0	0	0	0	8	0	0	0	0	32	0	0	0	53	0
FFQ	56	0	0	0	0	0	0	0	0	0	0	0	0	9	0	0	0	0	0	0	0	0	0	3	0	0	0	0	13	0	0	0	0	12	0	0	0	0	19	0	0	0	59	0
FFQ	57	0	0	0	0	0	0	0	0	0	0	0	0	14	0	0	0	0	0	0	0	0	0	6	0	0	0	0	5	0	0	0	0	12	0	0	0	0	31	0	0	0	47	0
FFQ	58	0	0	0	0	0	0	0	0	0	0	0	0	17	0	0	0	0	0	0	0	0	0	5	0	0	0	0	15	0	0	0	0	12	0	0	0	0	13	0	0	0	53	0
FFQ	59	0	0	0	0	0	0	0	0	0	0	0	0	10	0	0	0	0	0	0	0	0	0	4	0	0	0	0	14	0	0	0	0	10	0	0	0	0	24	0	0	0	53	0
FFQ	60	0	0	0	0	0	0	0	0	0	0	0	0	10	0	0	0	0	0	0	0	0	0	4	0	0	0	0	9	0	0	0	0	10	0	0	0	0	30	0	0	0	52	0
FFQ	61	0	0	0	0	0	0	0	0	0	0	0	0	12	0	0	0	0	0	0	0	0	0	4	0	0	0	0	18	0	0	0	0	12	0	0	0	0	22	0	0	0	47	0
FFQ	62	0	0	0	0	0	0	0	0	0	0	0	0	12	0	0	0	0	0	0	0	0	0	4	0	0	0	0	7	0	0	0	0	11	0	0	0	0	27	0	0	0	54	0
FFQ	63	0	0	0	0	0	0	0	0	0	0	0	0	10	0	0	0	0	0	0	0	0	0	9	0	0	0	0	12	0	0	0	0	3	0	0	0	0	29	0	0	0	52	0
FFQ	64	0	0	0	0	0	0	0	0	0	0	0	0	16	0	0	0	0	0	0	0	0	0	7	0	0	0	0	11	0	0	0	0	11	0	0	0	0	22	0	0	0	48	0
FFQ	65	0	0	0	0	0	0	0	0	0	0	0	0	14	0	0	0	0	0	0	0	0	0	6	0	0	0	0	10	0	0	0	0	9	0	0	0	0	23	0	0	0	53	0
FFQ	66	0	0	0	0	0	0	0	0	0	0	0	0	8	0	0	0	0	0	0	0	0	0	3	0	0	0	0	10	0	0	0	0	9	0	0	0	0	25	0	0	0	60	0
FFQ	67	0	0	0	0	0	0	0	0	0	0	0	0	13	0	0	0	0	0	0	0	0	0	5	0	0	0	0	5	0	0	0	0	14	0	0	0	0	30	0	0	0	48	0
FFQ	68	0	0	0	0	0	0	0	0	0	0	0	0	14	0	0	0	0	0	0	0	0	0	2	0	0	0	0	13	0	0	0	0	13	0	0	0	0	28	0	0	0	45	0
FFQ	69	0	0	0	0	0	0	0	0	0	0	0	0	17	0	0	0	0	0	0	0	0	0	8	0	0	0	0	12	0	0	0	0	8	0	0	0	0	22	0	0	0	48	0
FFQ	70	0	0	0	0	0	0	0	0	0	0	0	0	10	0	0	0	0	0	0	0	0	0	6	0	0	0	0	6	0	0	0	0	11	0	0	0	0	27	0	0	0	55	0
FFQ	71	0	0	0	0	0	0	0	0	0	0	0	0	11	0	0	0	0	0	0	0	0	0	4	0	0	0	0	10	0	0	0	0	10	0	0	0	0	27	0	0	0	53	0
FFQ	72	0	0	0	0	0	0	0	0	0	0	0	0	14	0	0	0	0	0	0	0	0	0	4	0	0	0	0	10	0	0	0	0	13	0	0	0	0	17	0	0	0	57	0
FFQ	73	0	0	0	0	0	0	0	0	0	0	0	0	16	0	0	0	0	0	0	0	0	0	1	0	0	0	0	13	0	0	0	0	7	0	0	0	0	26	0	0	0	52	0
FFQ	74	0	0	0	0	0	0	0	0	0	0	0	0	14	0	0	0	0	0	0	0	0	0	6	0	0	0	0	7	0	0	0	0	9	0	0	0	0	32	0	0	0	47	0
FFQ	75	0	0	0	0	0	0	0	0	0	0	0	0	14	0	0	0	0	0	0	0	0	0	3	0	0	0	0	11	0	0	0	0	10	0	0	0	0	32	0	0	0	45	0
FFQ	76	0	0	0	0	0	0	0	0	0	0	0	0	13	0	0	0	0	0	0	0	0	0	4	0	0	0	0	10	0	0	0	0	14	0	0	0	0	26	0	0	0	48	0
FFQ	77	0	0	0	0	0	0	0	0	0	0	0	0	12	0	0	0	0	0	0	0	0	0	3	0	0	0	0	15	0	0	0	0	23	0	0	0	0	27	0	0	0	35	0
FFQ	78	0	0	0	0	0	0	0	0	0	0	0	0	13	0	0	0	0	0	0	0	0	0	8	0	0	0	0	9	0	0	0	0	18	0	0	0	0	30	0	0	0	37	0
FFQ	79	0	0	0	0	0	0	0	0	0	0	0	0	13	0	0	0	0	0	0	0	0	0	7	0	0	0	0	11	0	0	0	0	13	0	0	0	0	20	0	0	0	51	0
FFQ	80	0	0	0	0	0	0	0	0	0	0	0	0	10	0	0	0	0	0	0	0	0	0	5	0	0	0	0	11	0	0	0	0	7	0	0	0	0	25	0	0	0	57	0
FFQ	81	0	0	0	0	0	0	0	0	0	0	0	0	10	0	0	0	0	0	0	0	0	0	4	0	0	0	0	8	0	0	0	0	16	0	0	0	0	22	0	0	0	55	0
FFQ	82	0	0	0	0	0	0	0	0	0	0	0	0	9	0	0	0	0	0	0	0	0	0	4	0	0	0	0	13	0	0	0	0	6	0	0	0	0	24	0	0	0	59	0
FFQ	83	0	0	0	0	0	0	0	0	0	0	0	0	13	0	0	0	0	0	0	0	0	0	4	0	0	0	0	12	0	0	0	0	9	0	0	0	0	24	0	0	0	53	0
FFQ	84	0	0	0	0	0	0	0	0	0	0	0	0	12	0	0	0	0	0	0	0	0	0	6	0	0	0	0	7	0	0	0	0	16	0	0	0	0	26	0	0	0	48	0
FFQ	85	0	0	0	0	0	0	0	0	0	0	0	0	15	0	0	0	0	0	0	0	0	0	5	0	0	0	0	7	0	0	0	0	11	0	0	0	0	25	0	0	0	52	0
FFQ	86	0	0	0	0	0	0	0	0	0	0	0	0	7	0	0	0	0	0	0	0	0	0	7	0	0	0	0	10	0	0	0	0	14	0	0	0	0	22	0	0	0	55	0
FFQ	87	0	0	0	0	0	0	0	0	0	0	0	0	13	0	0	0	0	0	0	0	0	0	6	0	0	0	0	7	0	0	0	0	14	0	0	0	0	19	0	0	0	56	0
FFQ	88	0	0	0	0	0	0	0	0	0	0	0	0	10	0	0	0	0	0	0	0	0	0	7	0	0	0	0	7	0	0	0	0	12	0	0	0	0	27	0	0	0	52	0
FFQ	89	0	0	0	0	0	0	0	0	0	0	0	0	14	0	0	0	0	0	0	0	0	0	6	0	0	0	0	14	0	0	0	0	6	0	0	0	0	19	0	0	0	56	0
FFQ	90	0	0	0	0	0	0	0	0	0	0	0	0	16	0	0	0	0	0	0	0	0	0	7	0	0	0	0	5	0	0	0	0	9	0	0	0	0	25	0	0	0	53	0
FFQ	91	0	0	0	0	0	0	0	0	0	0	0	0	14	0	0	0	0	0	0	0	0	0	6	0	0	0	0	7	0	0	0	0	15	0	0	0	0	22	0	0	0	51	0
FFQ	92	0	0	0	0	0	0	0	0	0	0	0	0	9	0	0	0	0	0	0	0	0	0	15	0	0	0	0	8	0	0	0	0	11	0	0	0	0	20	0	0	0	52	0
FFQ	93	0	0	0	0	0	0	0	0	0	0	0	0	9	0	0	0	0	0	0	0	0	0	8	0	0	0	0	8	0	0	0	0	15	0	0	0	0	25	0	0	0	50	0
FFQ	94	0	0	0	0	0	0	0	0	0	0	0	0	11	0	0	0	0	0	0	0	0	0	5	0	0	0	0	11	0	0	0	0	10	0	0	0	0	29	0	0	0	49	0
FFQ	95	0	0	0	0	0	0	0	0	0	0	0	0	9	0	0	0	0	0	0	0	0	0	8	0	0	0	0	7	0	0	0	0	14	0	0	0	0	24	0	0	0	53	0
FFQ	96	0	0	0	0	0	0	0	0	0	0	0	0	10	0	0	0	0	0	0	0	0	0	9	0	0	0	0	3	0	0	0	0	13	0	0	0	0	20	0	0	0	60	0
FFQ	97	0	0	0	0	0	0	0	0	0	0	0	0	8	0	0	0	0	0	0	0	0	0	7	0	0	0	0	4	0	0	0	0	7	0	0	0	0	26	0	0	0	63	0
FFQ	98	0	0	0	0	0	0	0	0	0	0	0	0	12	0	0	0	0	0	0	0	0	0	4	0	0	0	0	9	0	0	0	0	10	0	0	0	0	30	0	0	0	50	0
FFQ	99	0	0	0	0	0	0	0	0	0	0	0	0	6	0	0	0	0	0	0	0	0	0	11	0	0	0	0	8	0	0	0	0	15	0	0	0	0	23	0	0	0	52	0
FFQ	100	0	0	0	0	0	0	0	0	0	0	0	0	16	0	0	0	0	0	0	0	0	0	8	0	0	0	0	6	0	0	0	0	12	0	0	0	0	23	0	0	0	50	0
FFQ	101	0	0	0	0	0	0	0	0	0	0	0	0	13	0	0	0	0	0	0	0	0	0	10	0	0	0	0	7	0	0	0	0	14	0	0	0	0	29	0	0	0	41	0
FFQ	102	0	0	0	0	0	0	0	0	0	0	0	0	9	0	0	0	0	0	0	0	0	0	6	0	0	0	0	8	0	0	0	0	15	0	0	0	0	30	0	0	0	46	0
FFQ	103	0	0	0	0	0	0	0	0	0	0	0	0	12	0	0	0	0	0	0	0	0	0	12	0	0	0	0	8	0	0	0	0	7	0	0	0	0	21	0	0	0	54	0
FFQ	104	0	0	0	0	0	0	0	0	0	0	0	0	17	0	0	0	0	0	0	0	0	0	7	0	0	0	0	7	0	0	0	0	11	0	0	0	0	27	0	0	0	45	0
FFQ	105	0	0	0	0	0	0	0	0	0	0	0	0	13	0	0	0	0	0	0	0	0	0	12	0	0	0	0	7	0	0	0	0	10	0	0	0	0	19	0	0	0	53	0
FFQ	106	0	0	0	0	0	0	0	0	0	0	0	0	16	0	0	0	0	0	0	0	0	0	11	0	0	0	0	8	0	0	0	0	8	0	0	0	0	22	0	0	0	49	0
FFQ	107	0	0	0	0	0	0	0	0	0	0	0	0	14	0	0	0	0	0	0	0	0	0	7	0	0	0	0	7	0	0	0	0	16	0	0	0	0	24	0	0	0	46	0
FFQ	108	0	0	0	0	0	0	0	0	0	0	0	0	12	0	0	0	0	0	0	0	0	0	8	0	0	0	0	9	0	0	0	0	8	0	0	0	0	30	0	0	0	47	0
FFQ	109	0	0	0	0	0	0	0	0	0	0	0	0	8	0	0	0	0	0	0	0	0	0	9	0	0	0	0	9	0	0	0	0	16	0	0	0	0	31	0	0	0	41	0
FFQ	110	0	0	0	0	0	0	0	0	0	0	0	0	17	0	0	0	0	0	0	0	0	0	6	0	0	0	0	6	0	0	0	0	17	0	0	0	0	19	0	0	0	49	0
FFQ	111	0	0	0	0	0	0	0	0	0	0	0	0	15	0	0	0	0	0	0	0	0	0	7	0	0	0	0	13	0	0	0	0	12	0	0	0	0	28	0	0	0	39	0
FFQ	112	0	0	0	0	0	0	0	0	0	0	0	0	16	0	0	0	0	0	0	0	0	0	12	0	0	0	0	6	0	0	0	0	9	0	0	0	0	25	0	0	0	46	0
FFQ	113	0	0	0	0	0	0	0	0	0	0	0	0	11	0	0	0	0	0	0	0	0	0	9	0	0	0	0	4	0	0	0	0	21	0	0	0	0	27	0	0	0	42	0
FFQ	114	0	0	0	0	0	0	0	0	0	0	0	0	7	0	0	0	0	0	0	0	0	0	9	0	0	0	0	5	0	0	0	0	22	0	0	0	0	24	0	0	0	47	0
FFQ	115	0	0	0	0	0	0	0	0	0	0	0	0	17	0	0	0	0	0	0	0	0	0	6	0	0	0	0	8	0	0	0	0	18	0	0	0	0	19	0	0	0	46	0
FFQ	116	0	0	0	0	0	0	0	0	0	0	0	0	13	0	0	0	0	0	0	0	0	0	7	0	0	0	0	7	0	0	0	0	12	0	0	0	0	29	0	0	0	46	0
FFQ	117	0	0	0	0	0	0	0	0	0	0	0	0	10	0	0	0	0	0	0	0	0	0	13	0	0	0	0	8	0	0	0	0	15	0	0	0	0	19	0	0	0	49	0
FFQ	118	0	0	0	0	0	0	0	0	0	0	0	0	16	0	0	0	0	0	0	0	0	0	5	0	0	0	0	9	0	0	0	0	10	0	0	0	0	29	0	0	0	45	0
FFQ	119	0	0	0	0	0	0	0	0	0	0	0	0	15	0	0	0	0	0	0	0	0	0	13	0	0	0	0	5	0	0	0	0	14	0	0	0	0	22	0	0	0	45	0
FFQ	120	0	0	0	0	0	0	0	0	0	0	0	0	16	0	0	0	0	0	0	0	0	0	14	0	0	0	0	7	0	0	0	0	12	0	0	0	0	20	0	0	0	45	0
FFQ	121	0	0	0	0	0	0	0	0	0	0	0	0	16	0	0	0	0	0	0	0	0	0	11	0	0	0	0	8	0	0	0	0	13	0	0	0	0	23	0	0	0	43	0
FFQ	122	0	0	0	0	0	0	0	0	0	0	0	0	11	0	0	0	0	0	0	0	0	0	11	0	0	0	0	4	0	0	0	0	16	0	0	0	0	34	0	0	0	38	0
FFQ	123	0	0	0	0	0	0	0	0	0	0	0	0	19	0	0	0	0	0	0	0	0	0	5	0	0	0	0	7	0	0	0	0	13	0	0	0	0	24	0	0	0	46	0
FFQ	124	0	0	0	0	0	0	0	0	0	0	0	0	11	0	0	0	0	0	0	0	0	0	11	0	0	0	0	10	0	0	0	0	21	0	0	0	0	17	0	0	0	44	0
FFQ	125	0	0	0	0	0	0	0	0	0	0	0	0	12	0	0	0	0	0	0	0	0	0	10	0	0	0	0	10	0	0	0	0	15	0	0	0	0	26	0	0	0	41	0
FFQ	126	0	0	0	0	0	0	0	0	0	0	0	0	17	0	0	0	0	0	0	0	0	0	12	0	0	0	0	7	0	0	0	0	11	0	0	0	0	23	0	0	0	44	0
FFQ	127	0	0	0	0	0	0	0	0	0	0	0	0	19	0	0	0	0	0	0	0	0	0	4	0	0	0	0	7	0	0	0	0	14	0	0	0	0	31	0	0	0	39	0
FFQ	128	0	0	0	0	0	0	0	0	0	0	0	0	15	0	0	0	0	0	0	0	0	0	15	0	0	0	0	9	0	0	0	0	10	0	0	0	0	27	0	0	0	38	0
FFQ	129	0	0	0	0	0	0	0	0	0	0	0	0	16	0	0	0	0	0	0	0	0	0	12	0	0	0	0	13	0	0	0	0	23	0	0	0	0	18	0	0	0	32	0
FFQ	130	0	0	0	0	0	0	0	0	0	0	0	0	18	0	0	0	0	0	0	0	0	0	14	0	0	0	0	9	0	0	0	0	20	0	0	0	0	20	0	0	0	33	0
FFQ	131	0	0	0	0	0	0	0	0	0	0	0	0	22	0	0	0	0	0	0	0	0	0	7	0	0	0	0	11	0	0	0	0	14	0	0	0	0	28	0	0	0	32	0
FFQ	132	0	0	0	0	0	0	0	0	0	0	0	0	19	0	0	0	0	0	0	0	0	0	9	0	0	0	0	11	0	0	0	0	19	0	0	0	0	28	0	0	0	28	0
FFQ	133	0	0	0	0	0	0	0	0	0	0	0	0	21	0	0	0	0	0	0	0	0	0	15	0	0	0	0	7	0	0	0	0	16	0	0	0	0	26	0	0	0	29	0
FFQ	134	0	0	0	0	0	0	0	0	0	0	0	0	22	0	0	0	0	0	0	0	0	0	14	0	0	0	0	5	0	0	0	0	18	0	0	0	0	20	0	0	0	35	0
FFQ	135	0	0	0	0	0	0	0	0	0	0	0	0	18	0	0	0	0	0	0	0	0	0	16	0	0	0	0	5	0	0	0	0	15	0	0	0	0	25	0	0	0	35	0
FFQ	136	0	0	0	0	0	0	0	0	0	0	0	0	19	0	0	0	0	0	0	0	0	0	13	0	0	0	0	7	0	0	0	0	19	0	0	0	0	25	0	0	0	31	0
FFQ	137	0	0	0	0	0	0	0	0	0	0	0	0	20	0	0	0	0	0	0	0	0	0	15	0	0	0	0	6	0	0	0	0	13	0	0	0	0	25	0	0	0	35	0
FFQ	138	0	0	0	0	0	0	0	0	0	0	0	0	12	0	0	0	0	0	0	0	0	0	15	0	0	0	0	11	0	0	0	0	11	0	0	0	0	28	0	0	0	37	0
FFQ	139	0	0	0	0	0	0	0	0	0	0	0	0	14	0	0	0	0	0	0	0	0	0	16	0	0	0	0	8	0	0	0	0	15	0	0	0	0	20	0	0	0	41	0
FFQ	140	0	0	0	0	0	0	0	0	0	0	0	0	12	0	0	0	0	0	0	0	0	0	9	0	0	0	0	15	0	0	0	0	15	0	0	0	0	30	0	0	0	33	0
FFQ	141	0	0	0	0	0	0	0	0	0	0	0	0	21	0	0	0	0	0	0	0	0	0	10	0	0	0	0	8	0	0	0	0	10	0	0	0	0	24	0	0	0	41	0
FFQ	142	0	0	0	0	0	0	0	0	0	0	0	0	18	0	0	0	0	0	0	0	0	0	15	0	0	0	0	11	0	0	0	0	17	0	0	0	0	24	0	0	0	29	0
FFQ	143	0	0	0	0	0	0	0	0	0	0	0	0	17	0	0	0	0	0	0	0	0	0	13	0	0	0	0	9	0	0	0	0	18	0	0	0	0	25	0	0	0	32	0
FFQ	144	0	0	0	0	0	0	0	0	0	0	0	0	21	0	0	0	0	0	0	0	0	0	10	0	0	0	0	7	0	0	0	0	11	0	0	0	0	28	0	0	0	37	0
FFQ	145	0	0	0	0	0	0	0	0	0	0	0	0	23	0	0	0	0	0	0	0	0	0	10	0	0	0	0	8	0	0	0	0	14	0	0	0	0	33	0	0	0	26	0
FFQ	146	0	0	0	0	0	0	0	0	0	0	0	0	18	0	0	0	0	0	0	0	0	0	14	0	0	0	0	12	0	0	0	0	14	0	0	0	0	22	0	0	0	34	0
FFQ	147	0	0	0	0	0	0	0	0	0	0	0	0	24	0	0	0	0	0	0	0	0	0	9	0	0	0	0	12	0	0	0	0	13	0	0	0	0	30	0	0	0	26	0
FFQ	148	0	0	0	0	0	0	0	0	0	0	0	0	20	0	0	0	0	0	0	0	0	0	10	0	0	0	0	14	0	0	0	0	15	0	0	0	0	26	0	0	0	29	0
FFQ	149	0	0	0	0	0	0	0	0	0	0	0	0	21	0	0	0	0	0	0	0	0	0	10	0	0	0	0	11	0	0	0	0	13	0	0	0	0	26	0	0	0	29	0
FFQ	150	0	0	0	0	0	0	0	0	0	0	0	0	15	0	0	0	0	0	0	0	0	0	13	0	0	0	0	9	0	0	0	0	7	0	0	0	0	27	0	0	0	34	0
FFQ	151	0	0	0	0	0	0	0	0	0	0	0	0	0	0	0	0	0	0	0	0	0	0	12	0	0	0	0	13	0	0	0	0	14	0	0	0	0	24	0	0	0	21	0
# Last Fragment Qualities. Use `grep ^LFQ | cut -f 2-` to extract this part.
# Columns correspond to qualities and rows to cycles. First column is the cycle number.
LFQ	1	0	0	0	0	0	0	0	0	0	0	0	0	0	0	0	0	0	0	0	0	0	0	0	0	0	0	0	2	0	0	0	0	22	0	0	0	0	0	0	0	0	0	0
LFQ	2	0	0	0	0	0	0	0	0	0	0	0	0	2	0	0	0	0	0	0	0	0	0	0	0	0	0	0	0	0	0	0	0	22	0	0	0	0	0	0	0	0	0	0
LFQ	3	0	0	0	0	0	0	0	0	0	0	0	0	4	0	0	0	0	0	0	0	0	0	0	0	0	0	0	2	0	0	0	0	5	0	0	0	0	13	0	0	0	0	0
LFQ	4	0	0	0	0	0	0	0	0	0	0	0	0	2	0	0	0	0	0	0	0	0	0	0	0	0	0	0	2	0	0	0	0	4	0	0	0	0	16	0	0	0	0	0
LFQ	5	0	0	0	0	0	0	0	0	0	0	0	0	0	0	0	0	0	0	0	0	0	0	0	0	0	0	0	1	0	0	0	0	6	0	0	0	0	17	0	0	0	0	0
LFQ	6	0	0	0	0	0	0	0	0	0	0	0	0	2	0	0	0	0	0	0	0	0	0	0	0	0	0	0	1	0	0	0	0	1	0	0	0	0	6	0	0	0	14	0
LFQ	7	0	0	0	0	0	0	0	0	0	0	0	0	2	0	0	0	0	0	0	0	0	0	1	0	0	0	0	2	0	0	0	0	2	0	0	0	0	4	0	0	0	13	0
LFQ	8	0	0	0	0	0	0	0	0	0	0	0	0	3	0	0	0	0	0	0	0	0	0	0	0	0	0	0	1	0	0	0	0	3	0	0	0	0	3	0	0	0	14	0
LFQ	9	0	0	0	0	0	0	0	0	0	0	0	0	0	0	0	0	0	0	0	0	0	0	0	0	0	0	0	0	0	0	0	0	1	0	0	0	0	9	0	0	0	14	0
LFQ	10	0	0	0	0	0	0	0	0	0	0	0	0	3	0	0	0	0	0	0	0	0	0	1	0	0	0	0	1	0	0	0	0	0	0	0	0	0	3	0	0	0	16	0
LFQ	11	0	0	0	0	0	0	0	0	0	0	0	0	2	0	0	0	0	0	0	0	0	0	0	0	0	0	0	1	0	0	0	0	1	0	0	0	0	4	0	0	0	16	0
LFQ	12	0	0	0	0	0	0	0	0	0	0	0	0	0	0	0	0	0	0	0	0	0	0	0	0	0	0	0	1	0	0	0	0	3	0	0	0	0	6	0	0	0	14	0
LFQ	13	0	0	0	0	0	0	0	0	0	0	0	0	1	0	0	0	0	0	0	0	0	0	0	0	0	0	0	0	0	0	0	0	0	0	0	0	0	3	0	0	0	20	0
LFQ	14	0	0	0	0	0	0	0	0	0	0	0	0	1	0	0	0	0	0	0	0	0	0	0	0	0	0	0	0	0	0	0	0	1	0	0	0	0	4	0	0	0	18	0
LFQ	15	0	0	0	0	0	0	0	0	0	0	0	0	1	0	0	0	0	0	0	0	0	0	1	0	0	0	0	1	0	0	0	0	1	0	0	0	0	3	0	0	0	17	0
LFQ	16	0	0	0	0	0	0	0	0	0	0	0	0	0	0	0	0	0	0	0	0	0	0	0	0	0	0	0	0	0	0	0	0	1	0	0	0	0	5	0	0	0	18	0
LFQ	17	0	0	0	0	0	0	0	0	0	0	0	0	0	0	0	0	0	0	0	0	0	0	1	0	0	0	0	1	0	0	0	0	0	0	0	0	0	3	0	0	0	19	0
LFQ	18	0	0	0	0	0	0	0	0	0	0	0	0	0	0	0	0	0	0	0	0	0	0	0	0	0	0	0	1	0	0	0	0	0	0	0	0	0	2	0	0	0	21	0
LFQ	19	0	0	0	0	0	0	0	0	0	0	0	0	1	0	0	0	0	0	0	0	0	0	0	0	0	0	0	0	0	0	0	0	1	0	0	0	0	3	0	0	0	19	0
LFQ	20	0	0	0	0	0	0	0	0	0	0	0	0	1	0	0	0	0	0	0	0	0	0	1	0	0	0	0	0	0	0	0	0	1	0	0	0	0	4	0	0	0	17	0
LFQ	21	0	0	0	0	0	0	0	0	0	0	0	0	1	0	0	0	0	0	0	0	0	0	1	0	0	0	0	3	0	0	0	0	1	0	0	0	0	3	0	0	0	15	0
LFQ	22	0	0	0	0	0	0	0	0	0	0	0	0	0	0	0	0	0	0	0	0	0	0	2	0	0	0	0	4	0	0	0	0	0	0	0	0	0	2	0	0	0	16	0
LFQ	23	0	0	0	0	0	0	0	0	0	0	0	0	2	0	0	0	0	0	0	0	0	0	0	0	0	0	0	0	0	0	0	0	2	0	0	0	0	1	0	0	0	19	0
LFQ	24	0	0	0	0	0	0	0	0	0	0	0	0	2	0	0	0	0	0	0	0	0	0	0	0	0	0	0	1	0	0	0	0	1	0	0	0	0	4	0	0	0	16	0
LFQ	25	0	0	0	0	0	0	0	0	0	0	0	0	1	0	0	0	0	0	0	0	0	0	1	0	0	0	0	3	0	0	0	0	2	0	0	0	0	2	0	0	0	15	0
LFQ	26	0	0	0	0	0	0	0	0	0	0	0	0	0	0	0	0	0	0	0	0	0	0	0	0	0	0	0	2	0	0	0	0	3	0	0	0	0	3	0	0	0	16	0
LFQ	27	0	0	0	0	0	0	0	0	0	0	0	0	1	0	0	0	0	0	0	0	0	0	1	0	0	0	0	0	0	0	0	0	1	0	0	0	0	3	0	0	0	18	0
LFQ	28	0	0	0	0	0	0	0	0	0	0	0	0	1	0	0	0	0	0	0	0	0	0	0	0	0	0	0	0	0	0	0	0	1	0	0	0	0	4	0	0	0	18	0
LFQ	29	0	0	0	0	0	0	0	0	0	0	0	0	0	0	0	0	0	0	0	0	0	0	0	0	0	0	0	2	0	0	0	0	0	0	0	0	0	5	0	0	0	17	0
LFQ	30	0	0	0	0	0	0	0	0	0	0	0	0	0	0	0	0	0	0	0	0	0	0	1	0	0	0	0	0	0	0	0	0	0	0	0	0	0	3	0	0	0	20	0
LFQ	31	0	0	0	0	0	0	0	0	0	0	0	0	0	0	0	0	0	0	0	0	0	0	1	0	0	0	0	3	0	0	0	0	0	0	0	0	0	0	0	0	0	20	0
LFQ	32	0	0	0	0	0	0	0	0	0	0	0	0	0	0	0	0	0	0	0	0	0	0	1	0	0	0	0	2	0	0	0	0	1	0	0	0	0	3	0	0	0	17	0
LFQ	33	0	0	0	0	0	0	0	0	0	0	0	0	1	0	0	0	0	0	0	0	0	0	1	0	0	0	0	0	0	0	0	0	0	0	0	0	0	4	0	0	0	18	0
LFQ	34	0	0	0	0	0	0	0	0	0	0	0	0	2	0	0	0	0	0	0	0	0	0	1	0	0	0	0	2	0	0	0	0	2	0	0	0	0	1	0	0	0	16	0
LFQ	35	0	0	0	0	0	0	0	0	0	0	0	0	2	0	0	0	0	0	0	0	0	0	0	0	0	0	0	2	0	0	0	0	0	0	0	0	0	6	0	0	0	14	0
LFQ	36	0	0	0	0	0	0	0	0	0	0	0	0	3	0	0	0	0	0	0	0	0	0	1	0	0	0	0	1	0	0	0	0	0	0	0	0	0	4	0	0	0	15	0
LFQ	37	0	0	0	0	0	0	0	0	0	0	0	0	3	0	0	0	0	0	0	0	0	0	1	0	0	0	0	1	0	0	0	0	1	0	0	0	0	0	0	0	0	18	0
LFQ	38	0	0	0	0	0	0	0	0	0	0	0	0	2	0	0	0	0	0	0	0	0	0	1	0	0	0	0	1	0	0	0	0	3	0	0	0	0	4	0	0	0	13	0
LFQ	39	0	0	0	0	0	0	0	0	0	0	0	0	3	0	0	0	0	0	0	0	0	0	1	0	0	0	0	4	0	0	0	0	0	0	0	0	0	1	0	0	0	15	0
LFQ	40	0	0	0	0	0	0	0	0	0	0	0	0	2	0	0	0	0	0	0	0	0	0	0	0	0	0	0	1	0	0	0	0	2	0	0	0	0	4	0	0	0	15	0
LFQ	41	0	0	0	0	0	0	0	0	0	0	0	0	2	0	0	0	0	0	0	0	0	0	0	0	0	0	0	0	0	0	0	0	3	0	0	0	0	2	0	0	0	17	0
LFQ	42	0	0	0	0	0	0	0	0	0	0	0	0	0	0	0	0	0	0	0	0	0	0	1	0	0	0	0	1	0	0	0	0	1	0	0	0	0	5	0	0	0	16	0
LFQ	43	0	0	0	0	0	0	0	0	0	0	0	0	2	0	0	0	0	0	0	0	0	0	1	0	0	0	0	0	0	0	0	0	0	0	0	0	0	6	0	0	0	15	0
LFQ	44	0	0	0	0	0	0	0	0	0	0	0	0	2	0	0	0	0	0	0	0	0	0	0	0	0	0	0	2	0	0	0	0	1	0	0	0	0	5	0	0	0	14	0
LFQ	45	0	0	0	0	0	0	0	0	0	0	0	0	1	0	0	0	0	0	0	0	0	0	0	0	0	0	0	1	0	0	0	0	1	0	0	0	0	7	0	0	0	14	0
LFQ	46	0	0	0	0	0	0	0	0	0	0	0	0	0	0	0	0	0	0	0	0	0	0	1	0	0	0	0	2	0	0	0	0	2	0	0	0	0	2	0	0	0	17	0
LFQ	47	0	0	0	0	0	0	0	0	0	0	0	0	2	0	0	0	0	0	0	0	0	0	0	0	0	0	0	1	0	0	0	0	3	0	0	0	0	5	0	0	0	13	0
LFQ	48	0	0	0	0	0	0	0	0	0	0	0	0	3	0	0	0	0	0	0	0	0	0	1	0	0	0	0	1	0	0	0	0	3	0	0	0	0	1	0	0	0	15	0
LFQ	49	0	0	0	0	0	0	0	0	0	0	0	0	0	0	0	0	0	0	0	0	0	0	1	0	0	0	0	1	0	0	0	0	3	0	0	0	0	4	0	0	0	15	0
LFQ	50	0	0	0	0	0	0	0	0	0	0	0	0	4	0	0	0	0	0	0	0	0	0	1	0	0	0	0	2	0	0	0	0	0	0	0	0	0	3	0	0	0	14	0
LFQ	51	0	0	0	0	0	0	0	0	0	0	0	0	1	0	0	0	0	0	0	0	0	0	0	0	0	0	0	3	0	0	0	0	1	0	0	0	0	4	0	0	0	15	0
LFQ	52	0	0	0	0	0	0	0	0	0	0	0	0	1	0	0	0	0	0	0	0	0	0	1	0	0	0	0	1	0	0	0	0	1	0	0	0	0	6	0	0	0	14	0
LFQ	53	0	0	0	0	0	0	0	0	0	0	0	0	1	0	0	0	0	0	0	0	0	0	1	0	0	0	0	0	0	0	0	0	0	0	0	0	0	7	0	0	0	15	0
LFQ	54	0	0	0	0	0	0	0	0	0	0	0	0	2	0	0	0	0	0	0	0	0	0	0	0	0	0	0	3	0	0	0	0	2	0	0	0	0	5	0	0	0	12	0
LFQ	55	0	0	0	0	0	0	0	0	0	0	0	0	2	0	0	0	0	0	0	0	0	0	1	0	0	0	0	0	0	0	0	0	2	0	0	0	0	3	0	0	0	16	0
LFQ	56	0	0	0	0	0	0	0	0	0	0	0	0	1	0	0	0	0	0	0	0	0	0	0	0	0	0	0	1	0	0	0	0	1	0	0	0	0	4	0	0	0	17	0
LFQ	57	0	0	0	0	0	0	0	0	0	0	0	0	1	0	0	0	0	0	0	0	0	0	1	0	0	0	0	2	0	0	0	0	2	0	0	0	0	1	0	0	0	17	0
LFQ	58	0	0	0	0	0	0	0	0	0	0	0	0	1	0	0	0	0	0	0	0	0	0	2	0	0	0	0	1	0	0	0	0	2	0	0	0	0	4	0	0	0	14	0
LFQ	59	0	0	0	0	0	0	0	0	0	0	0	0	0	0	0	0	0	0	0	0	0	0	1	0	0	0	0	1	0	0	0	0	3	0	0	0	0	6	0	0	0	13	0
LFQ	60	0	0	0	0	0	0	0	0	0	0	0	0	1	0	0	0	0	0	0	0	0	0	1	0	0	0	0	0	0	0	0	0	1	0	0	0	0	3	0	0	0	18	0
LFQ	61	0	0	0	0	0	0	0	0	0	0	0	0	3	0	0	0	0	0	0	0	0	0	0	0	0	0	0	1	0	0	0	0	0	0	0	0	0	3	0	0	0	17	0
LFQ	62	0	0	0	0	0	0	0	0	0	0	0	0	1	0	0	0	0	0	0	0	0	0	0	0	0	0	0	1	0	0	0	0	2	0	0	0	0	6	0	0	0	14	0
LFQ	63	0	0	0	0	0	0	0	0	0	0	0	0	0	0	0	0	0	0	0	0	0	0	1	0	0	0	0	1	0	0	0	0	2	0	0	0	0	5	0	0	0	15	0
LFQ	64	0	0	0	0	0	0	0	0	0	0	0	0	0	0	0	0	0	0	0	0	0	0	2	0	0	0	0	2	0	0	0	0	1	0	0	0	0	3	0	0	0	16	0
LFQ	65	0	0	0	0	0	0	0	0	0	0	0	0	3	0	0	0	0	0	0	0	0	0	1	0	0	0	0	0	0	0	0	0	2	0	0	0	0	3	0	0	0	15	0
LFQ	66	0	0	0	0	0	0	0	0	0	0	0	0	4	0	0	0	0	0	0	0	0	0	1	0	0	0	0	1	0	0	0	0	0	0	0	0	0	3	0	0	0	15	0
LFQ	67	0	0	0	0	0	0	0	0	0	0	0	0	1	0	0	0	0	0	0	0	0	0	1	0	0	0	0	3	0	0	0	0	4	0	0	0	0	1	0	0	0	14	0
LFQ	68	0	0	0	0	0	0	0	0	0	0	0	0	0	0	0	0	0	0	0	0	0	0	0	0	0	0	0	0	0	0	0	0	3	0	0	0	0	6	0	0	0	15	0
LFQ	69	0	0	0	0	0	0	0	0	0	0	0	0	2	0	0	0	0	0	0	0	0	0	0	0	0	0	0	2	0	0	0	0	0	0	0	0	0	3	0	0	0	17	0
LFQ	70	0	0	0	0	0	0	0	0	0	0	0	0	1	0	0	0	0	0	0	0	0	0	2	0	0	0	0	0	0	0	0	0	1	0	0	0	0	1	0	0	0	19	0
LFQ	71	0	0	0	0	0	0	0	0	0	0	0	0	2	0	0	0	0	0	0	0	0	0	1	0	0	0	0	0	0	0	0	0	1	0	0	0	0	5	0	0	0	15	0
LFQ	72	0	0	0	0	0	0	0	0	0	0	0	0	2	0	0	0	0	0	0	0	0	0	0	0	0	0	0	1	0	0	0	0	1	0	0	0	0	4	0	0	0	16	0
LFQ	73	0	0	0	0	0	0	0	0	0	0	0	0	2	0	0	0	0	0	0	0	0	0	0	0	0	0	0	0	0	0	0	0	2	0	0	0	0	2	0	0	0	18	0
LFQ	74	0	0	0	0	0	0	0	0	0	0	0	0	2	0	0	0	0	0	0	0	0	0	2	0	0	0	0	3	0	0	0	0	2	0	0	0	0	3	0	0	0	12	0
LFQ	75	0	0	0	0	0	0	0	0	0	0	0	0	2	0	0	0	0	0	0	0	0	0	1	0	0	0	0	0	0	0	0	0	1	0	0	0	0	8	0	0	0	12	0
LFQ	76	0	0	0	0	0	0	0	0	0	0	0	0	1	0	0	0	0	0	0	0	0	0	0	0	0	0	0	2	0	0	0	0	1	0	0	0	0	7	0	0	0	13	0
LFQ	77	0	0	0	0	0	0	0	0	0	0	0	0	2	0	0	0	0	0	0	0	0	0	2	0	0	0	0	0	0	0	0	0	1	0	0	0	0	6	0	0	0	13	0
LFQ	78	0	0	0	0	0	0	0	0	0	0	0	0	1	0	0	0	0	0	0	0	0	0	1	0	0	0	0	1	0	0	0	0	3	0	0	0	0	5	0	0	0	13	0
LFQ	79	0	0	0	0	0	0	0	0	0	0	0	0	1	0	0	0	0	0	0	0	0	0	2	0	0	0	0	3	0	0	0	0	1	0	0	0	0	1	0	0	0	16	0
LFQ	80	0	0	0	0	0	0	0	0	0	0	0	0	2	0	0	0	0	0	0	0	0	0	1	0	0	0	0	1	0	0	0	0	1	0	0	0	0	4	0	0	0	15	0
LFQ	81	0	0	0	0	0	0	0	0	0	0	0	0	2	0	0	0	0	0	0	0	0	0	2	0	0	0	0	1	0	0	0	0	0	0	0	0	0	2	0	0	0	17	0
LFQ	82	0	0	0	0	0	0	0	0	0	0	0	0	1	0	0	0	0	0	0	0	0	0	1	0	0	0	0	1	0	0	0	0	1	0	0	0	0	2	0	0	0	18	0
LFQ	83	0	0	0	0	0	0	0	0	0	0	0	0	1	0	0	0	0	0	0	0	0	0	2	0	0	0	0	0	0	0	0	0	1	0	0	0	0	5	0	0	0	15	0
LFQ	84	0	0	0	0	0	0	0	0	0	0	0	0	1	0	0	0	0	0	0	0	0	0	1	0	0	0	0	0	0	0	0	0	3	0	0	0	0	1	0	0	0	18	0
LFQ	85	0	0	0	0	0	0	0	0	0	0	0	0	2	0	0	0	0	0	0	0	0	0	0	0	0	0	0	1	0	0	0	0	2	0	0	0	0	4	0	0	0	15	0
LFQ	86	0	0	0	0	0	0	0	0	0	0	0	0	1	0	0	0	0	0	0	0	0	0	1	0	0	0	0	1	0	0	0	0	2	0	0	0	0	2	0	0	0	17	0
LFQ	87	0	0	0	0	0	0	0	0	0	0	0	0	4	0	0	0	0	0	0	0	0	0	2	0	0	0	0	1	0	0	0	0	1	0	0	0	0	1	0	0	0	15	0
LFQ	88	0	0	0	0	0	0	0	0	0	0	0	0	2	0	0	0	0	0	0	0	0	0	2	0	0	0	0	1	0	0	0	0	0	0	0	0	0	2	0	0	0	17	0
LFQ	89	0	0	0	0	0	0	0	0	0	0	0	0	2	0	0	0	0	0	0	0	0	0	1	0	0	0	0	0	0	0	0	0	1	0	0	0	0	3	0	0	0	17	0
LFQ	90	0	0	0	0	0	0	0	0	0	0	0	0	1	0	0	0	0	0	0	0	0	0	1	0	0	0	0	0	0	0	0	0	1	0	0	0	0	2	0	0	0	19	0
LFQ	91	0	0	0	0	0	0	0	0	0	0	0	0	3	0	0	0	0	0	0	0	0	0	0	0	0	0	0	0	0	0	0	0	3	0	0	0	0	4	0	0	0	14	0
LFQ	92	0	0	0	0	0	0	0	0	0	0	0	0	3	0	0	0	0	0	0	0	0	0	0	0	0	0	0	1	0	0	0	0	3	0	0	0	0	5	0	0	0	12	0
LFQ	93	0	0	0	0	0	0	0	0	0	0	0	0	3	0	0	0	0	0	0	0	0	0	1	0	0	0	0	0	0	0	0	0	1	0	0	0	0	5	0	0	0	14	0
LFQ	94	0	0	0	0	0	0	0	0	0	0	0	0	4	0	0	0	0	0	0	0	0	0	0	0	0	0	0	0	0	0	0	0	2	0	0	0	0	2	0	0	0	16	0
LFQ	95	0	0	0	0	0	0	0	0	0	0	0	0	3	0	0	0	0	0	0	0	0	0	0	0	0	0	0	1	0	0	0	0	2	0	0	0	0	2	0	0	0	16	0
LFQ	96	0	0	0	0	0	0	0	0	0	0	0	0	2	0	0	0	0	0	0	0	0	0	2	0	0	0	0	0	0	0	0	0	1	0	0	0	0	7	0	0	0	12	0
LFQ	97	0	0	0	0	0	0	0	0	0	0	0	0	3	0	0	0	0	0	0	0	0	0	1	0	0	0	0	1	0	0	0	0	1	0	0	0	0	2	0	0	0	16	0
LFQ	98	0	0	0	0	0	0	0	0	0	0	0	0	2	0	0	0	0	0	0	0	0	0	3	0	0	0	0	0	0	0	0	0	2	0	0	0	0	3	0	0	0	14	0
LFQ	99	0	0	0	0	0	0	0	0	0	0	0	0	2	0	0	0	0	0	0	0	0	0	1	0	0	0	0	1	0	0	0	0	2	0	0	0	0	4	0	0	0	14	0
LFQ	100	0	0	0	0	0	0	0	0	0	0	0	0	2	0	0	0	0	0	0	0	0	0	3	0	0	0	0	0	0	0	0	0	2	0	0	0	0	1	0	0	0	16	0
LFQ	101	0	0	0	0	0	0	0	0	0	0	0	0	1	0	0	0	0	0	0	0	0	0	1	0	0	0	0	2	0	0	0	0	3	0	0	0	0	1	0	0	0	16	0
LFQ	102	0	0	0	0	0	0	0	0	0	0	0	0	3	0	0	0	0	0	0	0	0	0	1	0	0	0	0	0	0	0	0	0	1	0	0	0	0	3	0	0	0	16	0
LFQ	103	0	0	0	0	0	0	0	0	0	0	0	0	1	0	0	0	0	0	0	0	0	0	3	0	0	0	0	3	0	0	0	0	0	0	0	0	0	2	0	0	0	15	0
LFQ	104	0	0	0	0	0	0	0	0	0	0	0	0	3	0	0	0	0	0	0	0	0	0	2	0	0	0	0	0	0	0	0	0	1	0	0	0	0	3	0	0	0	15	0
LFQ	105	0	0	0	0	0	0	0	0	0	0	0	0	1	0	0	0	0	0	0	0	0	0	4	0	0	0	0	0	0	0	0	0	1	0	0	0	0	6	0	0	0	12	0
LFQ	106	0	0	0	0	0	0	0	0	0	0	0	0	3	0	0	0	0	0	0	0	0	0	0	0	0	0	0	0	0	0	0	0	2	0	0	0	0	4	0	0	0	15	0
LFQ	107	0	0	0	0	0	0	0	0	0	0	0	0	1	0	0	0	0	0	0	0	0	0	4	0	0	0	0	0	0	0	0	0	0	0	0	0	0	6	0	0	0	13	0
LFQ	108	0	0	0	0	0	0	0	0	0	0	0	0	2	0	0	0	0	0	0	0	0	0	2	0	0	0	0	0	0	0	0	0	1	0	0	0	0	4	0	0	0	15	0
LFQ	109	0	0	0	0	0	0	0	0	0	0	0	0	1	0	0	0	0	0	0	0	0	0	1	0	0	0	0	0	0	0	0	0	2	0	0	0	0	4	0	0	0	16	0
LFQ	110	0	0	0	0	0	0	0	0	0	0	0	0	3	0	0	0	0	0	0	0	0	0	3	0	0	0	0	1	0	0	0	0	1	0	0	0	0	2	0	0	0	14	0
LFQ	111	0	0	0	0	0	0	0	0	0	0	0	0	3	0	0	0	0	0	0	0	0	0	1	0	0	0	0	1	0	0	0	0	1	0	0	0	0	4	0	0	0	14	0
LFQ	112	0	0	0	0	0	0	0	0	0	0	0	0	3	0	0	0	0	0	0	0	0	0	2	0	0	0	0	1	0	0	0	0	0	0	0	0	0	7	0	0	0	11	0
LFQ	113	0	0	0	0	0	0	0	0	0	0	0	0	1	0	0	0	0	0	0	0	0	0	1	0	0	0	0	4	0	0	0	0	1	0	0	0	0	2	0	0	0	15	0
LFQ	114	0	0	0	0	0	0	0	0	0	0	0	0	2	0	0	0	0	0	0	0	0	0	1	0	0	0	0	1	0	0	0	0	3	0	0	0	0	1	0	0	0	16	0
LFQ	115	0	0	0	0	0	0	0	0	0	0	0	0	3	0	0	0	0	0	0	0	0	0	1	0	0	0	0	0	0	0	0	0	3	0	0	0	0	4	0	0	0	13	0
LFQ	116	0	0	0	0	0	0	0	0	0	0	0	0	2	0	0	0	0	0	0	0	0	0	0	0	0	0	0	1	0	0	0	0	1	0	0	0	0	7	0	0	0	13	0
LFQ	117	0	0	0	0	0	0	0	0	0	0	0	0	2	0	0	0	0	0	0	0	0	0	2	0	0	0	0	1	0	0	0	0	1	0	0	0	0	7	0	0	0	11	0
LFQ	118	0	0	0	0	0	0	0	0	0	0	0	0	0	0	0	0	0	0	0	0	0	0	2	0	0	0	0	2	0	0	0	0	2	0	0	0	0	5	0	0	0	13	0
LFQ	119	0	0	0	0	0	0	0	0	0	0	0	0	1	0	0	0	0	0	0	0	0	0	2	0	0	0	0	0	0	0	0	0	2	0	0	0	0	3	0	0	0	16	0
LFQ	120	0	0	0	0	0	0	0	0	0	0	0	0	2	0	0	0	0	0	0	0	0	0	1	0	0	0	0	1	0	0	0	0	1	0	0	0	0	4	0	0	0	15	0
LFQ	121	0	0	0	0	0	0	0	0	0	0	0	0	4	0	0	0	0	0	0	0	0	0	1	0	0	0	0	1	0	0	0	0	3	0	0	0	0	3	0	0	0	12	0
LFQ	122	0	0	0	0	0	0	0	0	0	0	0	0	3	0	0	0	0	0	0	0	0	0	2	0	0	0	0	0	0	0	0	0	1	0	0	0	0	6	0	0	0	12	0
LFQ	123	0	0	0	0	0	0	0	0	0	0	0	0	4	0	0	0	0	0	0	0	0	0	0	0	0	0	0	0	0	0	0	0	2	0	0	0	0	5	0	0	0	13	0
LFQ	124	0	0	0	0	0	0	0	0	0	0	0	0	5	0	0	0	0	0	0	0	0	0	0	0	0	0	0	0	0	0	0	0	0	0	0	0	0	3	0	0	0	16	0
LFQ	125	0	0	0	0	0	0	0	0	0	0	0	0	4	0	0	0	0	0	0	0	0	0	2	0	0	0	0	0	0	0	0	0	1	0	0	0	0	2	0	0	0	15	0
LFQ	126	0	0	0	0	0	0	0	0	0	0	0	0	5	0	0	0	0	0	0	0	0	0	0	0	0	0	0	1	0	0	0	0	0	0	0	0	0	6	0	0	0	12	0
LFQ	127	0	0	0	0	0	0	0	0	0	0	0	0	4	0	0	0	0	0	0	0	0	0	1	0	0	0	0	1	0	0	0	0	0	0	0	0	0	5	0	0	0	13	0
LFQ	128	0	0	0	0	0	0	0	0	0	0	0	0	4	0	0	0	0	0	0	0	0	0	3	0	0	0	0	1	0	0	0	0	0	0	0	0	0	6	0	0	0	10	0
LFQ	129	0	0	0	0	0	0	0	0	0	0	0	0	2	0	0	0	0	0	0	0	0	0	2	0	0	0	0	2	0	0	0	0	0	0	0	0	0	4	0	0	0	14	0
LFQ	130	0	0	0	0	0	0	0	0	0	0	0	0	3	0	0	0	0	0	0	0	0	0	1	0	0	0	0	1	0	0	0	0	3	0	0	0	0	1	0	0	0	15	0
LFQ	131	0	0	0	0	0	0	0	0	1	0	0	0	2	0	0	0	0	0	0	0	0	0	1	0	0	0	0	3	0	0	0	0	1	0	0	0	0	1	0	0	0	15	0
LFQ	132	0	0	0	0	0	0	0	0	1	0	0	0	2	0	0	0	0	0	0	0	0	0	2	0	0	0	0	1	0	0	0	0	3	0	0	0	0	5	0	0	0	10	0
LFQ	133	0	0	0	0	0	0	0	0	0	0	0	0	4	0	0	0	0	0	0	0	0	0	2	0	0	0	0	0	0	0	0	0	3	0	0	0	0	5	0	0	0	10	0
LFQ	134	0	0	0	0	0	0	0	0	0	0	0	0	5	0	0	0	0	0	0	0	0	0	1	0	0	0	0	1	0	0	0	0	3	0	0	0	0	3	0	0	0	11	0
LFQ	135	0	0	0	0	0	0	0	0	0	0	0	0	3	0	0	0	0	0	0	0	0	0	3	0	0	0	0	0	0	0	0	0	4	0	0	0	0	2	0	0	0	12	0
LFQ	136	0	0	0	0	0	0	0	0	0	0	0	0	5	0	0	0	0	0	0	0	0	0	1	0	0	0	0	1	0	0	0	0	2	0	0	0	0	2	0	0	0	13	0
LFQ	137	0	0	0	0	0	0	0	0	0	0	0	0	3	0	0	0	0	0	0	0	0	0	1	0	0	0	0	2	0	0	0	0	0	0	0	0	0	6	0	0	0	12	0
LFQ	138	0	0	0	0	0	0	0	0	0	0	0	0	1	0	0	0	0	0	0	0	0	0	4	0	0	0	0	1	0	0	0	0	1	0	0	0	0	7	0	0	0	10	0
LFQ	139	0	0	0	0	0	0	0	0	1	0	0	0	3	0	0	0	0	0	0	0	0	0	1	0	0	0	0	1	0	0	0	0	3	0	0	0	0	2	0	0	0	13	0
LFQ	140	0	0	0	0	0	0	0	0	0	0	0	0	2	0	0	0	0	0	0	0	0	0	2	0	0	0	0	1	0	0	0	0	3	0	0	0	0	5	0	0	0	11	0
LFQ	141	0	0	0	0	0	0	0	0	1	0	0	0	3	0	0	0	0	0	0	0	0	0	2	0	0	0	0	1	0	0	0	0	1	0	0	0	0	7	0	0	0	9	0
LFQ	142	0	0	0	0	0	0	0	0	1	0	0	0	2	0	0	0	0	0	0	0	0	0	1	0	0	0	0	3	0	0	0	0	3	0	0	0	0	4	0	0	0	10	0
LFQ	143	0	0	0	0	0	0	0	0	1	0	0	0	2	0	0	0	0	0	0	0	0	0	1	0	0	0	0	2	0	0	0	0	1	0	0	0	0	5	0	0	0	12	0
LFQ	144	0	0	0	0	0	0	0	0	0	0	0	0	2	0	0	0	0	0	0	0	0	0	1	0	0	0	0	2	0	0	0	0	4	0	0	0	0	8	0	0	0	7	0
LFQ	145	0	0	0	0	0	0	0	0	0	0	0	0	2	0	0	0	0	0	0	0	0	0	0	0	0	0	0	1	0	0	0	0	2	0	0	0	0	8	0	0	0	11	0
LFQ	146	0	0	0	0	0	0	0	0	1	0	0	0	2	0	0	0	0	0	0	0	0	0	2	0	0	0	0	1	0	0	0	0	2	0	0	0	0	4	0	0	0	12	0
LFQ	147	0	0	0	0	0	0	0	0	0	0	0	0	2	0	0	0	0	0	0	0	0	0	1	0	0	0	0	1	0	0	0	0	4	0	0	0	0	7	0	0	0	9	0
LFQ	148	0	0	0	0	0	0	0	0	1	0	0	0	2	0	0	0	0	0	0	0	0	0	1	0	0	0	0	1	0	0	0	0	3	0	0	0	0	6	0	0	0	9	0
LFQ	149	0	0	0	0	0	0	0	0	0	0	0	0	4	0	0	0	0	0	0	0	0	0	1	0	0	0	0	2	0	0	0	0	0	0	0	0	0	4	0	0	0	10	0
LFQ	150	0	0	0	0	0	0	0	0	1	0	0	0	1	0	0	0	0	0	0	0	0	0	3	0	0	0	0	1	0	0	0	0	5	0	0	0	0	4	0	0	0	6	0
LFQ	151	0	0	0	0	0	0	0	0	0	0	0	0	0	0	0	0	0	0	0	0	0	0	4	0	0	0	0	3	0	0	0	0	3	0	0	0	0	3	0	0	0	5	0
# GC Content of first fragments. Use `grep ^GCF | cut -f 2-` to extract this part.
GCF	10.55	0
GCF	21.36	1
GCF	21.86	2
GCF	22.61	1
GCF	23.62	0
GCF	24.87	1
GCF	26.38	0
GCF	27.39	2
GCF	27.89	4
GCF	28.39	2
GCF	29.15	5
GCF	30.15	3
GCF	31.16	9
GCF	31.91	7
GCF	32.41	4
GCF	33.17	8
GCF	34.17	4
GCF	34.92	5
GCF	35.43	6
GCF	35.93	2
GCF	36.43	10
GCF	37.19	5
GCF	37.94	4
GCF	38.44	1
GCF	38.94	6
GCF	39.45	7
GCF	39.95	1
GCF	40.45	2
GCF	41.21	6
GCF	41.96	2
GCF	42.71	0
GCF	43.47	2
GCF	43.97	3
GCF	44.47	1
GCF	44.97	0
GCF	45.48	1
GCF	47.49	0
GCF	50.25	1
GCF	51.76	0
GCF	52.51	1
GCF	56.03	0
GCF	59.55	1
# GC Content of last fragments. Use `grep ^GCL | cut -f 2-` to extract this part.
GCL	11.81	0
GCL	23.87	1
GCL	25.63	0
GCL	27.39	1
GCL	27.89	2
GCL	28.39	1
GCL	29.15	0
GCL	29.90	2
GCL	30.40	0
GCL	31.16	1
GCL	31.91	2
GCL	32.41	4
GCL	32.91	0
GCL	33.42	1
GCL	34.17	0
GCL	35.18	1
GCL	36.18	0
GCL	37.69	1
GCL	39.45	0
GCL	40.45	1
GCL	41.21	0
GCL	42.21	1
GCL	43.22	0
GCL	43.97	1
GCL	45.73	0
GCL	47.74	1
GCL	51.51	0
GCL	55.03	1
# ACGT content per cycle. Use `grep ^GCC | cut -f 2-` to extract this part. The columns are: cycle; A,C,G,T base counts as a percentage of all A/C/G/T bases [%]; and N and O counts as a percentage of all A/C/G/T bases [%]
GCC	1	33.09	18.71	23.02	25.18	0.00	0.00
GCC	2	32.37	17.27	14.39	35.97	0.00	0.00
GCC	3	37.41	20.14	17.99	24.46	0.00	0.00
GCC	4	37.41	16.55	15.11	30.94	0.00	0.00
GCC	5	36.69	17.99	15.11	30.22	0.00	0.00
GCC	6	35.25	18.71	14.39	31.65	0.00	0.00
GCC	7	28.06	15.83	15.83	40.29	0.00	0.00
GCC	8	35.25	16.55	20.14	28.06	0.00	0.00
GCC	9	39.57	14.39	17.27	28.78	0.00	0.00
GCC	10	34.53	18.71	16.55	30.22	0.00	0.00
GCC	11	29.50	17.99	23.02	29.50	0.00	0.00
GCC	12	35.25	17.99	23.02	23.74	0.00	0.00
GCC	13	31.65	19.42	17.27	31.65	0.00	0.00
GCC	14	35.97	17.99	15.11	30.94	0.00	0.00
GCC	15	30.94	18.71	18.71	31.65	0.00	0.00
GCC	16	30.94	12.95	23.74	32.37	0.00	0.00
GCC	17	37.41	17.99	18.71	25.90	0.00	0.00
GCC	18	28.06	17.27	18.71	35.97	0.00	0.00
GCC	19	33.81	15.83	14.39	35.97	0.00	0.00
GCC	20	30.94	20.14	14.39	34.53	0.00	0.00
GCC	21	32.37	17.99	17.99	31.65	0.00	0.00
GCC	22	30.94	20.14	17.99	30.94	0.00	0.00
GCC	23	30.94	15.11	17.99	35.97	0.00	0.00
GCC	24	23.74	12.23	22.30	41.73	0.00	0.00
GCC	25	33.09	17.99	20.14	28.78	0.00	0.00
GCC	26	30.94	20.14	19.42	29.50	0.00	0.00
GCC	27	29.71	21.01	13.77	35.51	0.72	0.00
GCC	28	30.94	20.86	17.27	30.94	0.00	0.00
GCC	29	40.29	12.95	16.55	30.22	0.00	0.00
GCC	30	27.34	20.86	17.27	34.53	0.00	0.00
GCC	31	35.25	10.07	17.27	37.41	0.00	0.00
GCC	32	40.29	12.95	13.67	33.09	0.00	0.00
GCC	33	37.41	12.95	17.99	31.65	0.00	0.00
GCC	34	30.22	20.14	18.71	30.94	0.00	0.00
GCC	35	28.78	21.58	19.42	30.22	0.00	0.00
GCC	36	27.34	15.11	19.42	38.13	0.00	0.00
GCC	37	31.65	14.39	17.27	36.69	0.00	0.00
GCC	38	27.34	14.39	23.74	34.53	0.00	0.00
GCC	39	27.34	16.55	16.55	39.57	0.00	0.00
GCC	40	33.81	14.39	13.67	38.13	0.00	0.00
GCC	41	28.78	21.58	17.99	31.65	0.00	0.00
GCC	42	33.09	17.99	11.51	37.41	0.00	0.00
GCC	43	34.53	17.99	20.14	27.34	0.00	0.00
GCC	44	28.99	21.74	18.84	30.43	0.72	0.00
GCC	45	33.09	12.23	19.42	35.25	0.00	0.00
GCC	46	30.22	17.27	15.11	37.41	0.00	0.00
GCC	47	30.22	12.95	19.42	37.41	0.00	0.00
GCC	48	31.65	12.95	19.42	35.97	0.00	0.00
GCC	49	30.94	17.27	16.55	35.25	0.00	0.00
GCC	50	28.78	20.14	20.14	30.94	0.00	0.00
GCC	51	34.53	16.55	16.55	32.37	0.00	0.00
GCC	52	37.41	14.39	14.39	33.81	0.00	0.00
GCC	53	29.50	20.86	17.27	32.37	0.00	0.00
GCC	54	28.06	22.30	14.39	35.25	0.00	0.00
GCC	55	35.97	13.67	19.42	30.94	0.00	0.00
GCC	56	35.97	18.71	14.39	30.94	0.00	0.00
GCC	57	31.65	16.55	15.83	35.97	0.00	0.00
GCC	58	30.22	21.58	14.39	33.81	0.00	0.00
GCC	59	37.41	17.99	13.67	30.94	0.00	0.00
GCC	60	33.81	15.11	16.55	34.53	0.00	0.00
GCC	61	30.94	14.39	19.42	35.25	0.00	0.00
GCC	62	33.09	20.86	19.42	26.62	0.00	0.00
GCC	63	32.37	19.42	20.86	27.34	0.00	0.00
GCC	64	30.22	23.74	17.99	28.06	0.00	0.00
GCC	65	34.53	17.99	14.39	33.09	0.00	0.00
GCC	66	29.50	18.71	20.14	31.65	0.00	0.00
GCC	67	27.34	15.11	22.30	35.25	0.00	0.00
GCC	68	34.53	14.39	12.95	38.13	0.00	0.00
GCC	69	33.09	12.95	13.67	40.29	0.00	0.00
GCC	70	30.94	20.86	13.67	34.53	0.00	0.00
GCC	71	36.69	21.58	18.71	23.02	0.00	0.00
GCC	72	30.22	20.14	15.83	33.81	0.00	0.00
GCC	73	39.57	11.51	15.83	33.09	0.00	0.00
GCC	74	30.22	17.99	17.27	34.53	0.00	0.00
GCC	75	25.18	23.74	16.55	34.53	0.00	0.00
GCC	76	31.65	12.23	23.74	32.37	0.00	0.00
GCC	77	38.13	11.51	18.71	31.65	0.00	0.00
GCC	78	36.69	17.27	19.42	26.62	0.00	0.00
GCC	79	38.13	11.51	15.11	35.25	0.00	0.00
GCC	80	33.09	19.42	9.35	38.13	0.00	0.00
GCC	81	28.78	20.86	17.27	33.09	0.00	0.00
GCC	82	38.13	21.58	15.11	25.18	0.00	0.00
GCC	83	30.94	23.02	16.55	29.50	0.00	0.00
GCC	84	34.53	15.83	17.99	31.65	0.00	0.00
GCC	85	36.69	15.11	15.11	33.09	0.00	0.00
GCC	86	35.97	15.11	20.86	28.06	0.00	0.00
GCC	87	31.65	19.42	15.11	33.81	0.00	0.00
GCC	88	36.69	17.27	13.67	32.37	0.00	0.00
GCC	89	23.02	16.55	17.27	43.17	0.00	0.00
GCC	90	33.09	15.83	19.42	31.65	0.00	0.00
GCC	91	35.25	15.83	17.27	31.65	0.00	0.00
GCC	92	36.69	18.71	15.83	28.78	0.00	0.00
GCC	93	30.22	14.39	23.02	32.37	0.00	0.00
GCC	94	28.78	20.14	17.27	33.81	0.00	0.00
GCC	95	27.34	16.55	21.58	34.53	0.00	0.00
GCC	96	34.53	21.58	17.27	26.62	0.00	0.00
GCC	97	34.53	10.07	19.42	35.97	0.00	0.00
GCC	98	37.41	18.71	8.63	35.25	0.00	0.00
GCC	99	29.50	20.14	20.14	30.22	0.00	0.00
GCC	100	33.09	17.99	15.11	33.81	0.00	0.00
GCC	101	32.61	21.01	18.12	28.26	0.00	0.00
GCC	102	27.54	20.29	20.29	31.88	0.00	0.00
GCC	103	35.51	14.49	18.84	31.16	0.00	0.00
GCC	104	35.51	17.39	18.12	28.99	0.00	0.00
GCC	105	30.43	16.67	14.49	38.41	0.00	0.00
GCC	106	33.33	15.94	14.49	36.23	0.00	0.00
GCC	107	34.78	19.57	15.94	29.71	0.00	0.00
GCC	108	31.88	23.19	11.59	33.33	0.00	0.00
GCC	109	31.88	17.39	14.49	36.23	0.00	0.00
GCC	110	29.71	17.39	16.67	36.23	0.00	0.00
GCC	111	28.26	15.22	16.67	39.86	0.00	0.00
GCC	112	36.23	14.49	15.94	33.33	0.00	0.00
GCC	113	34.78	16.67	13.77	34.78	0.00	0.00
GCC	114	28.26	13.77	14.49	43.48	0.00	0.00
GCC	115	34.78	15.22	15.94	34.06	0.00	0.00
GCC	116	34.06	17.39	13.77	34.78	0.00	0.00
GCC	117	28.99	18.84	21.01	31.16	0.00	0.00
GCC	118	24.64	13.77	21.01	40.58	0.00	0.00
GCC	119	28.99	20.29	23.19	27.54	0.00	0.00
GCC	120	29.71	18.12	21.74	30.43	0.00	0.00
GCC	121	39.13	14.49	18.12	28.26	0.00	0.00
GCC	122	36.23	13.77	21.74	28.26	0.00	0.00
GCC	123	31.16	18.84	15.22	34.78	0.00	0.00
GCC	124	26.81	24.64	18.12	30.43	0.00	0.00
GCC	125	28.26	13.04	20.29	38.41	0.00	0.00
GCC	126	30.43	19.57	18.84	31.16	0.00	0.00
GCC	127	39.13	17.39	18.84	24.64	0.00	0.00
GCC	128	31.88	17.39	15.22	35.51	0.00	0.00
GCC	129	28.99	23.19	17.39	30.43	0.00	0.00
GCC	130	32.61	21.74	12.32	33.33	0.00	0.00
GCC	131	32.61	19.57	19.57	28.26	0.00	0.00
GCC	132	27.54	20.29	15.22	36.96	0.00	0.00
GCC	133	36.23	15.22	20.29	28.26	0.00	0.00
GCC	134	30.43	20.29	14.49	34.78	0.00	0.00
GCC	135	23.91	21.01	21.01	34.06	0.00	0.00
GCC	136	36.96	11.59	19.57	31.88	0.00	0.00
GCC	137	31.16	18.84	24.64	25.36	0.00	0.00
GCC	138	26.09	16.67	13.04	44.20	0.00	0.00
GCC	139	35.51	18.12	18.84	27.54	0.00	0.00
GCC	140	33.33	17.39	17.39	31.88	0.00	0.00
GCC	141	30.43	19.57	18.84	31.16	0.00	0.00
GCC	142	37.68	17.39	13.04	31.88	0.00	0.00
GCC	143	31.88	12.32	22.46	33.33	0.00	0.00
GCC	144	28.26	18.12	17.39	36.23	0.00	0.00
GCC	145	28.26	15.94	20.29	35.51	0.00	0.00
GCC	146	34.78	15.22	18.84	31.16	0.00	0.00
GCC	147	35.51	16.67	15.94	31.88	0.00	0.00
GCC	148	32.12	15.33	18.25	34.31	0.00	0.00
GCC	149	35.11	16.03	19.08	29.77	0.00	0.00
GCC	150	27.78	21.43	14.29	36.51	0.00	0.00
GCC	151	39.22	17.65	14.71	28.43	0.00	0.00
# ACGT content per cycle, read oriented. Use `grep ^GCT | cut -f 2-` to extract this part. The columns are: cycle; A,C,G,T base counts as a percentage of all A/C/G/T bases [%]
GCT	1	33.81	25.18	16.55	24.46
GCT	2	33.81	14.39	17.27	34.53
GCT	3	31.65	23.02	15.11	30.22
GCT	4	35.97	13.67	17.99	32.37
GCT	5	38.13	13.67	19.42	28.78
GCT	6	30.94	17.27	15.83	35.97
GCT	7	27.34	15.11	16.55	41.01
GCT	8	30.22	21.58	15.11	33.09
GCT	9	40.29	12.23	19.42	28.06
GCT	10	31.65	12.95	22.30	33.09
GCT	11	31.65	20.14	20.86	27.34
GCT	12	29.50	20.86	20.14	29.50
GCT	13	30.22	19.42	17.27	33.09
GCT	14	34.53	15.11	17.99	32.37
GCT	15	33.81	21.58	15.83	28.78
GCT	16	35.25	20.14	16.55	28.06
GCT	17	30.22	13.67	23.02	33.09
GCT	18	29.50	17.27	18.71	34.53
GCT	19	30.22	13.67	16.55	39.57
GCT	20	38.85	20.86	13.67	26.62
GCT	21	34.53	17.27	18.71	29.50
GCT	22	35.97	19.42	18.71	25.90
GCT	23	36.69	16.55	16.55	30.22
GCT	24	30.94	16.55	17.99	34.53
GCT	25	33.81	10.07	28.06	28.06
GCT	26	25.90	19.42	20.14	34.53
GCT	27	34.06	19.57	15.22	31.16
GCT	28	33.81	22.30	15.83	28.06
GCT	29	35.25	15.11	14.39	35.25
GCT	30	30.22	20.86	17.27	31.65
GCT	31	37.41	9.35	17.99	35.25
GCT	32	35.97	11.51	15.11	37.41
GCT	33	30.94	12.23	18.71	38.13
GCT	34	25.18	20.86	17.99	35.97
GCT	35	30.22	23.02	17.99	28.78
GCT	36	36.69	17.27	17.27	28.78
GCT	37	31.65	15.83	15.83	36.69
GCT	38	22.30	20.86	17.27	39.57
GCT	39	29.50	12.95	20.14	37.41
GCT	40	35.25	11.51	16.55	36.69
GCT	41	35.97	20.14	19.42	24.46
GCT	42	39.57	15.83	13.67	30.94
GCT	43	32.37	12.95	25.18	29.50
GCT	44	31.16	18.12	22.46	28.26
GCT	45	29.50	14.39	17.27	38.85
GCT	46	32.37	13.67	18.71	35.25
GCT	47	36.69	15.11	17.27	30.94
GCT	48	33.81	15.11	17.27	33.81
GCT	49	34.53	15.11	18.71	31.65
GCT	50	31.65	23.02	17.27	28.06
GCT	51	31.65	16.55	16.55	35.25
GCT	52	41.73	15.83	12.95	29.50
GCT	53	29.50	19.42	18.71	32.37
GCT	54	28.78	20.14	16.55	34.53
GCT	55	30.22	15.11	17.99	36.69
GCT	56	24.46	17.27	15.83	42.45
GCT	57	29.50	15.83	16.55	38.13
GCT	58	31.65	18.71	17.27	32.37
GCT	59	43.17	12.23	19.42	25.18
GCT	60	30.22	17.27	14.39	38.13
GCT	61	29.50	17.27	16.55	36.69
GCT	62	28.78	22.30	17.99	30.94
GCT	63	30.94	19.42	20.86	28.78
GCT	64	28.06	20.14	21.58	30.22
GCT	65	32.37	17.27	15.11	35.25
GCT	66	28.06	18.71	20.14	33.09
GCT	67	34.53	22.30	15.11	28.06
GCT	68	34.53	14.39	12.95	38.13
GCT	69	31.65	15.83	10.79	41.73
GCT	70	34.53	17.27	17.27	30.94
GCT	71	34.53	20.86	19.42	25.18
GCT	72	29.50	19.42	16.55	34.53
GCT	73	33.81	14.39	12.95	38.85
GCT	74	38.13	17.27	17.99	26.62
GCT	75	31.65	24.46	15.83	28.06
GCT	76	32.37	20.14	15.83	31.65
GCT	77	32.37	17.27	12.95	37.41
GCT	78	27.34	15.11	21.58	35.97
GCT	79	39.57	8.63	17.99	33.81
GCT	80	35.25	14.39	14.39	35.97
GCT	81	28.06	17.27	20.86	33.81
GCT	82	30.22	17.99	18.71	33.09
GCT	83	34.53	20.86	18.71	25.90
GCT	84	35.25	23.74	10.07	30.94
GCT	85	33.09	15.83	14.39	36.69
GCT	86	33.81	18.71	17.27	30.22
GCT	87	34.53	19.42	15.11	30.94
GCT	88	35.97	16.55	14.39	33.09
GCT	89	30.22	16.55	17.27	35.97
GCT	90	33.09	20.14	15.11	31.65
GCT	91	38.13	15.83	17.27	28.78
GCT	92	35.97	16.55	17.99	29.50
GCT	93	36.69	17.99	19.42	25.90
GCT	94	32.37	16.55	20.86	30.22
GCT	95	32.37	15.83	22.30	29.50
GCT	96	25.90	18.71	20.14	35.25
GCT	97	36.69	15.11	14.39	33.81
GCT	98	36.69	12.23	15.11	35.97
GCT	99	28.06	17.27	23.02	31.65
GCT	100	30.22	17.99	15.11	36.69
GCT	101	26.09	18.12	21.01	34.78
GCT	102	20.29	16.67	23.91	39.13
GCT	103	26.09	15.94	17.39	40.58
GCT	104	29.71	21.01	14.49	34.78
GCT	105	38.41	13.77	17.39	30.43
GCT	106	28.99	18.12	12.32	40.58
GCT	107	35.51	13.77	21.74	28.99
GCT	108	35.51	17.39	17.39	29.71
GCT	109	37.68	16.67	15.22	30.43
GCT	110	41.30	16.67	17.39	24.64
GCT	111	31.16	17.39	14.49	36.96
GCT	112	34.78	18.12	12.32	34.78
GCT	113	37.68	11.59	18.84	31.88
GCT	114	33.33	16.67	11.59	38.41
GCT	115	33.33	20.29	10.87	35.51
GCT	116	35.51	15.22	15.94	33.33
GCT	117	28.26	20.29	19.57	31.88
GCT	118	31.88	15.94	18.84	33.33
GCT	119	27.54	21.01	22.46	28.99
GCT	120	28.26	20.29	19.57	31.88
GCT	121	31.16	17.39	15.22	36.23
GCT	122	38.41	16.67	18.84	26.09
GCT	123	33.33	18.84	15.22	32.61
GCT	124	28.99	20.29	22.46	28.26
GCT	125	32.61	19.57	13.77	34.06
GCT	126	28.26	18.12	20.29	33.33
GCT	127	36.96	17.39	18.84	26.81
GCT	128	36.23	13.77	18.84	31.16
GCT	129	26.81	24.64	15.94	32.61
GCT	130	36.23	18.84	15.22	29.71
GCT	131	36.96	17.39	21.74	23.91
GCT	132	28.26	17.39	18.12	36.23
GCT	133	34.78	14.49	21.01	29.71
GCT	134	25.36	13.04	21.74	39.86
GCT	135	31.88	18.12	23.91	26.09
GCT	136	31.88	18.84	12.32	36.96
GCT	137	29.71	22.46	21.01	26.81
GCT	138	35.51	15.22	14.49	34.78
GCT	139	34.06	15.94	21.01	28.99
GCT	140	24.64	16.67	18.12	40.58
GCT	141	34.06	18.12	20.29	27.54
GCT	142	33.33	13.77	16.67	36.23
GCT	143	33.33	11.59	23.19	31.88
GCT	144	24.64	22.46	13.04	39.86
GCT	145	34.78	18.84	17.39	28.99
GCT	146	31.88	18.84	15.22	34.06
GCT	147	28.26	18.84	13.77	39.13
GCT	148	29.20	12.41	21.17	37.23
GCT	149	30.53	16.03	19.08	34.35
GCT	150	30.95	15.87	19.84	33.33
GCT	151	42.16	12.75	19.61	25.49
# ACGT content per cycle for first fragments. Use `grep ^FBC | cut -f 2-` to extract this part. The columns are: cycle; A,C,G,T base counts as a percentage of all A/C/G/T bases [%]; and N and O counts as a percentage of all A/C/G/T bases [%]
FBC	1	34.78	20.00	21.74	23.48	0.00	0.00
FBC	2	32.17	14.78	13.91	39.13	0.00	0.00
FBC	3	37.39	20.00	19.13	23.48	0.00	0.00
FBC	4	36.52	17.39	14.78	31.30	0.00	0.00
FBC	5	37.39	19.13	11.30	32.17	0.00	0.00
FBC	6	32.17	19.13	14.78	33.91	0.00	0.00
FBC	7	28.70	16.52	13.04	41.74	0.00	0.00
FBC	8	30.43	15.65	20.87	33.04	0.00	0.00
FBC	9	38.26	17.39	18.26	26.09	0.00	0.00
FBC	10	38.26	17.39	15.65	28.70	0.00	0.00
FBC	11	29.57	18.26	22.61	29.57	0.00	0.00
FBC	12	37.39	17.39	24.35	20.87	0.00	0.00
FBC	13	33.04	20.87	17.39	28.70	0.00	0.00
FBC	14	35.65	16.52	14.78	33.04	0.00	0.00
FBC	15	30.43	20.87	18.26	30.43	0.00	0.00
FBC	16	30.43	12.17	25.22	32.17	0.00	0.00
FBC	17	38.26	18.26	16.52	26.96	0.00	0.00
FBC	18	30.43	18.26	21.74	29.57	0.00	0.00
FBC	19	30.43	18.26	15.65	35.65	0.00	0.00
FBC	20	32.17	20.00	14.78	33.04	0.00	0.00
FBC	21	30.43	19.13	19.13	31.30	0.00	0.00
FBC	22	32.17	20.00	15.65	32.17	0.00	0.00
FBC	23	31.30	14.78	19.13	34.78	0.00	0.00
FBC	24	24.35	11.30	22.61	41.74	0.00	0.00
FBC	25	33.04	19.13	20.87	26.96	0.00	0.00
FBC	26	32.17	19.13	19.13	29.57	0.00	0.00
FBC	27	32.46	18.42	13.16	35.96	0.88	0.00
FBC	28	35.65	20.00	18.26	26.09	0.00	0.00
FBC	29	36.52	13.91	18.26	31.30	0.00	0.00
FBC	30	25.22	21.74	16.52	36.52	0.00	0.00
FBC	31	38.26	9.57	17.39	34.78	0.00	0.00
FBC	32	37.39	13.04	14.78	34.78	0.00	0.00
FBC	33	34.78	13.04	19.13	33.04	0.00	0.00
FBC	34	29.57	19.13	20.87	30.43	0.00	0.00
FBC	35	26.96	22.61	19.13	31.30	0.00	0.00
FBC	36	29.57	16.52	20.00	33.91	0.00	0.00
FBC	37	32.17	16.52	18.26	33.04	0.00	0.00
FBC	38	29.57	13.04	21.74	35.65	0.00	0.00
FBC	39	26.96	15.65	16.52	40.87	0.00	0.00
FBC	40	33.04	14.78	13.04	39.13	0.00	0.00
FBC	41	29.57	19.13	19.13	32.17	0.00	0.00
FBC	42	29.57	16.52	12.17	41.74	0.00	0.00
FBC	43	36.52	18.26	20.87	24.35	0.00	0.00
FBC	44	28.07	21.05	20.18	30.70	0.88	0.00
FBC	45	32.17	10.43	19.13	38.26	0.00	0.00
FBC	46	31.30	15.65	15.65	37.39	0.00	0.00
FBC	47	30.43	13.04	19.13	37.39	0.00	0.00
FBC	48	29.57	13.91	18.26	38.26	0.00	0.00
FBC	49	32.17	16.52	18.26	33.04	0.00	0.00
FBC	50	27.83	21.74	20.87	29.57	0.00	0.00
FBC	51	32.17	16.52	19.13	32.17	0.00	0.00
FBC	52	37.39	13.04	14.78	34.78	0.00	0.00
FBC	53	28.70	19.13	17.39	34.78	0.00	0.00
FBC	54	26.96	21.74	16.52	34.78	0.00	0.00
FBC	55	33.91	14.78	19.13	32.17	0.00	0.00
FBC	56	38.26	20.00	11.30	30.43	0.00	0.00
FBC	57	30.43	16.52	17.39	35.65	0.00	0.00
FBC	58	31.30	21.74	14.78	32.17	0.00	0.00
FBC	59	40.87	15.65	12.17	31.30	0.00	0.00
FBC	60	34.78	14.78	18.26	32.17	0.00	0.00
FBC	61	32.17	13.91	19.13	34.78	0.00	0.00
FBC	62	33.91	19.13	20.00	26.96	0.00	0.00
FBC	63	31.30	20.00	23.48	25.22	0.00	0.00
FBC	64	30.43	22.61	16.52	30.43	0.00	0.00
FBC	65	33.04	19.13	13.91	33.91	0.00	0.00
FBC	66	26.96	20.00	20.00	33.04	0.00	0.00
FBC	67	28.70	16.52	23.48	31.30	0.00	0.00
FBC	68	33.04	14.78	11.30	40.87	0.00	0.00
FBC	69	33.04	13.04	13.04	40.87	0.00	0.00
FBC	70	28.70	17.39	16.52	37.39	0.00	0.00
FBC	71	35.65	21.74	19.13	23.48	0.00	0.00
FBC	72	28.70	20.87	15.65	34.78	0.00	0.00
FBC	73	44.35	9.57	14.78	31.30	0.00	0.00
FBC	74	30.43	18.26	17.39	33.91	0.00	0.00
FBC	75	26.09	25.22	13.91	34.78	0.00	0.00
FBC	76	34.78	9.57	23.48	32.17	0.00	0.00
FBC	77	38.26	11.30	20.87	29.57	0.00	0.00
FBC	78	39.13	14.78	18.26	27.83	0.00	0.00
FBC	79	35.65	13.04	14.78	36.52	0.00	0.00
FBC	80	34.78	17.39	11.30	36.52	0.00	0.00
FBC	81	27.83	22.61	16.52	33.04	0.00	0.00
FBC	82	39.13	20.00	14.78	26.09	0.00	0.00
FBC	83	28.70	23.48	16.52	31.30	0.00	0.00
FBC	84	35.65	13.91	18.26	32.17	0.00	0.00
FBC	85	37.39	15.65	13.91	33.04	0.00	0.00
FBC	86	36.52	15.65	20.00	27.83	0.00	0.00
FBC	87	30.43	16.52	15.65	37.39	0.00	0.00
FBC	88	35.65	18.26	14.78	31.30	0.00	0.00
FBC	89	23.48	16.52	19.13	40.87	0.00	0.00
FBC	90	31.30	15.65	20.00	33.04	0.00	0.00
FBC	91	34.78	16.52	17.39	31.30	0.00	0.00
FBC	92	39.13	18.26	15.65	26.96	0.00	0.00
FBC	93	31.30	17.39	20.87	30.43	0.00	0.00
FBC	94	28.70	19.13	17.39	34.78	0.00	0.00
FBC	95	26.09	16.52	22.61	34.78	0.00	0.00
FBC	96	33.91	22.61	16.52	26.96	0.00	0.00
FBC	97	33.91	10.43	19.13	36.52	0.00	0.00
FBC	98	39.13	20.00	8.70	32.17	0.00	0.00
FBC	99	27.83	20.00	20.87	31.30	0.00	0.00
FBC	100	33.91	18.26	13.91	33.91	0.00	0.00
FBC	101	31.58	19.30	18.42	30.70	0.00	0.00
FBC	102	25.44	19.30	21.93	33.33	0.00	0.00
FBC	103	38.60	14.04	16.67	30.70	0.00	0.00
FBC	104	35.09	19.30	16.67	28.95	0.00	0.00
FBC	105	30.70	16.67	14.04	38.60	0.00	0.00
FBC	106	34.21	13.16	16.67	35.96	0.00	0.00
FBC	107	35.09	19.30	15.79	29.82	0.00	0.00
FBC	108	30.70	22.81	13.16	33.33	0.00	0.00
FBC	109	33.33	17.54	13.16	35.96	0.00	0.00
FBC	110	29.82	15.79	15.79	38.60	0.00	0.00
FBC	111	28.07	14.91	17.54	39.47	0.00	0.00
FBC	112	37.72	14.91	15.79	31.58	0.00	0.00
FBC	113	35.96	16.67	14.91	32.46	0.00	0.00
FBC	114	25.44	16.67	12.28	45.61	0.00	0.00
FBC	115	33.33	14.91	16.67	35.09	0.00	0.00
FBC	116	32.46	17.54	13.16	36.84	0.00	0.00
FBC	117	28.07	20.18	19.30	32.46	0.00	0.00
FBC	118	24.56	14.04	21.93	39.47	0.00	0.00
FBC	119	29.82	20.18	21.05	28.95	0.00	0.00
FBC	120	31.58	16.67	21.05	30.70	0.00	0.00
FBC	121	39.47	13.16	16.67	30.70	0.00	0.00
FBC	122	36.84	14.91	24.56	23.68	0.00	0.00
FBC	123	28.95	18.42	14.04	38.60	0.00	0.00
FBC	124	27.19	23.68	21.05	28.07	0.00	0.00
FBC	125	29.82	13.16	21.05	35.96	0.00	0.00
FBC	126	31.58	21.05	18.42	28.95	0.00	0.00
FBC	127	40.35	15.79	19.30	24.56	0.00	0.00
FBC	128	31.58	17.54	14.91	35.96	0.00	0.00
FBC	129	29.82	21.93	17.54	30.70	0.00	0.00
FBC	130	30.70	20.18	13.16	35.96	0.00	0.00
FBC	131	33.33	17.54	18.42	30.70	0.00	0.00
FBC	132	25.44	19.30	18.42	36.84	0.00	0.00
FBC	133	35.96	15.79	21.93	26.32	0.00	0.00
FBC	134	31.58	20.18	16.67	31.58	0.00	0.00
FBC	135	21.93	23.68	18.42	35.96	0.00	0.00
FBC	136	36.84	9.65	21.05	32.46	0.00	0.00
FBC	137	32.46	16.67	24.56	26.32	0.00	0.00
FBC	138	21.05	18.42	12.28	48.25	0.00	0.00
FBC	139	34.21	17.54	19.30	28.95	0.00	0.00
FBC	140	33.33	18.42	15.79	32.46	0.00	0.00
FBC	141	30.70	19.30	18.42	31.58	0.00	0.00
FBC	142	39.47	14.04	13.16	33.33	0.00	0.00
FBC	143	32.46	13.16	25.44	28.95	0.00	0.00
FBC	144	29.82	17.54	19.30	33.33	0.00	0.00
FBC	145	29.82	15.79	20.18	34.21	0.00	0.00
FBC	146	35.96	14.04	18.42	31.58	0.00	0.00
FBC	147	34.21	16.67	13.16	35.96	0.00	0.00
FBC	148	34.21	14.91	16.67	34.21	0.00	0.00
FBC	149	37.27	16.36	19.09	27.27	0.00	0.00
FBC	150	24.76	23.81	14.29	37.14	0.00	0.00
FBC	151	41.67	19.05	13.10	26.19	0.00	0.00
# ACGT raw counters for first fragments. Use `grep ^FTC | cut -f 2-` to extract this part. The columns are: A,C,G,T,N base counters
FTC	5597	2985	3029	5658	2
# ACGT content per cycle for last fragments. Use `grep ^LBC | cut -f 2-` to extract this part. The columns are: cycle; A,C,G,T base counts as a percentage of all A/C/G/T bases [%]; and N and O counts as a percentage of all A/C/G/T bases [%]
LBC	1	25.00	12.50	29.17	33.33	0.00	0.00
LBC	2	33.33	29.17	16.67	20.83	0.00	0.00
LBC	3	37.50	20.83	12.50	29.17	0.00	0.00
LBC	4	41.67	12.50	16.67	29.17	0.00	0.00
LBC	5	33.33	12.50	33.33	20.83	0.00	0.00
LBC	6	50.00	16.67	12.50	20.83	0.00	0.00
LBC	7	25.00	12.50	29.17	33.33	0.00	0.00
LBC	8	58.33	20.83	16.67	4.17	0.00	0.00
LBC	9	45.83	0.00	12.50	41.67	0.00	0.00
LBC	10	16.67	25.00	20.83	37.50	0.00	0.00
LBC	11	29.17	16.67	25.00	29.17	0.00	0.00
LBC	12	25.00	20.83	16.67	37.50	0.00	0.00
LBC	13	25.00	12.50	16.67	45.83	0.00	0.00
LBC	14	37.50	25.00	16.67	20.83	0.00	0.00
LBC	15	33.33	8.33	20.83	37.50	0.00	0.00
LBC	16	33.33	16.67	16.67	33.33	0.00	0.00
LBC	17	33.33	16.67	29.17	20.83	0.00	0.00
LBC	18	16.67	12.50	4.17	66.67	0.00	0.00
LBC	19	50.00	4.17	8.33	37.50	0.00	0.00
LBC	20	25.00	20.83	12.50	41.67	0.00	0.00
LBC	21	41.67	12.50	12.50	33.33	0.00	0.00
LBC	22	25.00	20.83	29.17	25.00	0.00	0.00
LBC	23	29.17	16.67	12.50	41.67	0.00	0.00
LBC	24	20.83	16.67	20.83	41.67	0.00	0.00
LBC	25	33.33	12.50	16.67	37.50	0.00	0.00
LBC	26	25.00	25.00	20.83	29.17	0.00	0.00
LBC	27	16.67	33.33	16.67	33.33	0.00	0.00
LBC	28	8.33	25.00	12.50	54.17	0.00	0.00
LBC	29	58.33	8.33	8.33	25.00	0.00	0.00
LBC	30	37.50	16.67	20.83	25.00	0.00	0.00
LBC	31	20.83	12.50	16.67	50.00	0.00	0.00
LBC	32	54.17	12.50	8.33	25.00	0.00	0.00
LBC	33	50.00	12.50	12.50	25.00	0.00	0.00
LBC	34	33.33	25.00	8.33	33.33	0.00	0.00
LBC	35	37.50	16.67	20.83	25.00	0.00	0.00
LBC	36	16.67	8.33	16.67	58.33	0.00	0.00
LBC	37	29.17	4.17	12.50	54.17	0.00	0.00
LBC	38	16.67	20.83	33.33	29.17	0.00	0.00
LBC	39	29.17	20.83	16.67	33.33	0.00	0.00
LBC	40	37.50	12.50	16.67	33.33	0.00	0.00
LBC	41	25.00	33.33	12.50	29.17	0.00	0.00
LBC	42	50.00	25.00	8.33	16.67	0.00	0.00
LBC	43	25.00	16.67	16.67	41.67	0.00	0.00
LBC	44	33.33	25.00	12.50	29.17	0.00	0.00
LBC	45	37.50	20.83	20.83	20.83	0.00	0.00
LBC	46	25.00	25.00	12.50	37.50	0.00	0.00
LBC	47	29.17	12.50	20.83	37.50	0.00	0.00
LBC	48	41.67	8.33	25.00	25.00	0.00	0.00
LBC	49	25.00	20.83	8.33	45.83	0.00	0.00
LBC	50	33.33	12.50	16.67	37.50	0.00	0.00
LBC	51	45.83	16.67	4.17	33.33	0.00	0.00
LBC	52	37.50	20.83	12.50	29.17	0.00	0.00
LBC	53	33.33	29.17	16.67	20.83	0.00	0.00
LBC	54	33.33	25.00	4.17	37.50	0.00	0.00
LBC	55	45.83	8.33	20.83	25.00	0.00	0.00
LBC	56	25.00	12.50	29.17	33.33	0.00	0.00
LBC	57	37.50	16.67	8.33	37.50	0.00	0.00
LBC	58	25.00	20.83	12.50	41.67	0.00	0.00
LBC	59	20.83	29.17	20.83	29.17	0.00	0.00
LBC	60	29.17	16.67	8.33	45.83	0.00	0.00
LBC	61	25.00	16.67	20.83	37.50	0.00	0.00
LBC	62	29.17	29.17	16.67	25.00	0.00	0.00
LBC	63	37.50	16.67	8.33	37.50	0.00	0.00
LBC	64	29.17	29.17	25.00	16.67	0.00	0.00
LBC	65	41.67	12.50	16.67	29.17	0.00	0.00
LBC	66	41.67	12.50	20.83	25.00	0.00	0.00
LBC	67	20.83	8.33	16.67	54.17	0.00	0.00
LBC	68	41.67	12.50	20.83	25.00	0.00	0.00
LBC	69	33.33	12.50	16.67	37.50	0.00	0.00
LBC	70	41.67	37.50	0.00	20.83	0.00	0.00
LBC	71	41.67	20.83	16.67	20.83	0.00	0.00
LBC	72	37.50	16.67	16.67	29.17	0.00	0.00
LBC	73	16.67	20.83	20.83	41.67	0.00	0.00
LBC	74	29.17	16.67	16.67	37.50	0.00	0.00
LBC	75	20.83	16.67	29.17	33.33	0.00	0.00
LBC	76	16.67	25.00	25.00	33.33	0.00	0.00
LBC	77	37.50	12.50	8.33	41.67	0.00	0.00
LBC	78	25.00	29.17	25.00	20.83	0.00	0.00
LBC	79	50.00	4.17	16.67	29.17	0.00	0.00
LBC	80	25.00	29.17	0.00	45.83	0.00	0.00
LBC	81	33.33	12.50	20.83	33.33	0.00	0.00
LBC	82	33.33	29.17	16.67	20.83	0.00	0.00
LBC	83	41.67	20.83	16.67	20.83	0.00	0.00
LBC	84	29.17	25.00	16.67	29.17	0.00	0.00
LBC	85	33.33	12.50	20.83	33.33	0.00	0.00
LBC	86	33.33	12.50	25.00	29.17	0.00	0.00
LBC	87	37.50	33.33	12.50	16.67	0.00	0.00
LBC	88	41.67	12.50	8.33	37.50	0.00	0.00
LBC	89	20.83	16.67	8.33	54.17	0.00	0.00
LBC	90	41.67	16.67	16.67	25.00	0.00	0.00
LBC	91	37.50	12.50	16.67	33.33	0.00	0.00
LBC	92	25.00	20.83	16.67	37.50	0.00	0.00
LBC	93	25.00	0.00	33.33	41.67	0.00	0.00
LBC	94	29.17	25.00	16.67	29.17	0.00	0.00
LBC	95	33.33	16.67	16.67	33.33	0.00	0.00
LBC	96	37.50	16.67	20.83	25.00	0.00	0.00
LBC	97	37.50	8.33	20.83	33.33	0.00	0.00
LBC	98	29.17	12.50	8.33	50.00	0.00	0.00
LBC	99	37.50	20.83	16.67	25.00	0.00	0.00
LBC	100	29.17	16.67	20.83	33.33	0.00	0.00
LBC	101	37.50	29.17	16.67	16.67	0.00	0.00
LBC	102	37.50	25.00	12.50	25.00	0.00	0.00
LBC	103	20.83	16.67	29.17	33.33	0.00	0.00
LBC	104	37.50	8.33	25.00	29.17	0.00	0.00
LBC	105	29.17	16.67	16.67	37.50	0.00	0.00
LBC	106	29.17	29.17	4.17	37.50	0.00	0.00
LBC	107	33.33	20.83	16.67	29.17	0.00	0.00
LBC	108	37.50	25.00	4.17	33.33	0.00	0.00
LBC	109	25.00	16.67	20.83	37.50	0.00	0.00
LBC	110	29.17	25.00	20.83	25.00	0.00	0.00
LBC	111	29.17	16.67	12.50	41.67	0.00	0.00
LBC	112	29.17	12.50	16.67	41.67	0.00	0.00
LBC	113	29.17	16.67	8.33	45.83	0.00	0.00
LBC	114	41.67	0.00	25.00	33.33	0.00	0.00
LBC	115	41.67	16.67	12.50	29.17	0.00	0.00
LBC	116	41.67	16.67	16.67	25.00	0.00	0.00
LBC	117	33.33	12.50	29.17	25.00	0.00	0.00
LBC	118	25.00	12.50	16.67	45.83	0.00	0.00
LBC	119	25.00	20.83	33.33	20.83	0.00	0.00
LBC	120	20.83	25.00	25.00	29.17	0.00	0.00
LBC	121	37.50	20.83	25.00	16.67	0.00	0.00
LBC	122	33.33	8.33	8.33	50.00	0.00	0.00
LBC	123	41.67	20.83	20.83	16.67	0.00	0.00
LBC	124	25.00	29.17	4.17	41.67	0.00	0.00
LBC	125	20.83	12.50	16.67	50.00	0.00	0.00
LBC	126	25.00	12.50	20.83	41.67	0.00	0.00
LBC	127	33.33	25.00	16.67	25.00	0.00	0.00
LBC	128	33.33	16.67	16.67	33.33	0.00	0.00
LBC	129	25.00	29.17	16.67	29.17	0.00	0.00
LBC	130	41.67	29.17	8.33	20.83	0.00	0.00
LBC	131	29.17	29.17	25.00	16.67	0.00	0.00
LBC	132	37.50	25.00	0.00	37.50	0.00	0.00
LBC	133	37.50	12.50	12.50	37.50	0.00	0.00
LBC	134	25.00	20.83	4.17	50.00	0.00	0.00
LBC	135	33.33	8.33	33.33	25.00	0.00	0.00
LBC	136	37.50	20.83	12.50	29.17	0.00	0.00
LBC	137	25.00	29.17	25.00	20.83	0.00	0.00
LBC	138	50.00	8.33	16.67	25.00	0.00	0.00
LBC	139	41.67	20.83	16.67	20.83	0.00	0.00
LBC	140	33.33	12.50	25.00	29.17	0.00	0.00
LBC	141	29.17	20.83	20.83	29.17	0.00	0.00
LBC	142	29.17	33.33	12.50	25.00	0.00	0.00
LBC	143	29.17	8.33	8.33	54.17	0.00	0.00
LBC	144	20.83	20.83	8.33	50.00	0.00	0.00
LBC	145	20.83	16.67	20.83	41.67	0.00	0.00
LBC	146	29.17	20.83	20.83	29.17	0.00	0.00
LBC	147	41.67	16.67	29.17	12.50	0.00	0.00
LBC	148	21.74	17.39	26.09	34.78	0.00	0.00
LBC	149	23.81	14.29	19.05	42.86	0.00	0.00
LBC	150	42.86	9.52	14.29	33.33	0.00	0.00
LBC	151	27.78	11.11	22.22	38.89	0.00	0.00
# ACGT raw counters for last fragments. Use `grep ^LTC | cut -f 2-` to extract this part. The columns are: A,C,G,T,N base counters
LTC	1167	649	614	1181	0
# Insert sizes. Use `grep ^IS | cut -f 2-` to extract this part. The columns are: insert size, pairs total, inward oriented pairs, outward oriented pairs, other pairs
IS	0	0	0	0	0
IS	1	0	0	0	0
IS	2	0	0	0	0
IS	3	0	0	0	0
IS	4	0	0	0	0
IS	5	0	0	0	0
IS	6	0	0	0	0
IS	7	0	0	0	0
IS	8	0	0	0	0
IS	9	0	0	0	0
IS	10	0	0	0	0
IS	11	0	0	0	0
IS	12	0	0	0	0
IS	13	0	0	0	0
IS	14	0	0	0	0
IS	15	0	0	0	0
IS	16	0	0	0	0
IS	17	0	0	0	0
IS	18	0	0	0	0
IS	19	0	0	0	0
IS	20	0	0	0	0
IS	21	0	0	0	0
IS	22	0	0	0	0
IS	23	0	0	0	0
IS	24	0	0	0	0
IS	25	0	0	0	0
IS	26	0	0	0	0
IS	27	0	0	0	0
IS	28	0	0	0	0
IS	29	0	0	0	0
IS	30	0	0	0	0
IS	31	0	0	0	0
IS	32	0	0	0	0
IS	33	0	0	0	0
IS	34	0	0	0	0
IS	35	0	0	0	0
IS	36	0	0	0	0
IS	37	0	0	0	0
IS	38	0	0	0	0
IS	39	0	0	0	0
IS	40	0	0	0	0
IS	41	0	0	0	0
IS	42	0	0	0	0
IS	43	0	0	0	0
IS	44	0	0	0	0
IS	45	0	0	0	0
IS	46	0	0	0	0
IS	47	0	0	0	0
IS	48	0	0	0	0
IS	49	0	0	0	0
IS	50	0	0	0	0
IS	51	0	0	0	0
IS	52	0	0	0	0
IS	53	0	0	0	0
IS	54	0	0	0	0
IS	55	0	0	0	0
IS	56	0	0	0	0
IS	57	0	0	0	0
IS	58	0	0	0	0
IS	59	0	0	0	0
IS	60	0	0	0	0
IS	61	0	0	0	0
IS	62	0	0	0	0
IS	63	0	0	0	0
IS	64	0	0	0	0
IS	65	0	0	0	0
IS	66	0	0	0	0
IS	67	0	0	0	0
IS	68	0	0	0	0
IS	69	0	0	0	0
IS	70	0	0	0	0
IS	71	0	0	0	0
IS	72	0	0	0	0
IS	73	0	0	0	0
IS	74	0	0	0	0
IS	75	0	0	0	0
IS	76	0	0	0	0
IS	77	0	0	0	0
IS	78	0	0	0	0
IS	79	0	0	0	0
IS	80	0	0	0	0
IS	81	0	0	0	0
IS	82	0	0	0	0
IS	83	0	0	0	0
IS	84	0	0	0	0
IS	85	0	0	0	0
IS	86	0	0	0	0
IS	87	0	0	0	0
IS	88	0	0	0	0
IS	89	0	0	0	0
IS	90	0	0	0	0
IS	91	0	0	0	0
IS	92	0	0	0	0
IS	93	0	0	0	0
IS	94	0	0	0	0
IS	95	0	0	0	0
IS	96	0	0	0	0
IS	97	0	0	0	0
IS	98	0	0	0	0
IS	99	0	0	0	0
IS	100	0	0	0	0
IS	101	0	0	0	0
IS	102	0	0	0	0
IS	103	0	0	0	0
IS	104	0	0	0	0
IS	105	0	0	0	0
IS	106	0	0	0	0
IS	107	0	0	0	0
IS	108	0	0	0	0
IS	109	0	0	0	0
IS	110	0	0	0	0
IS	111	0	0	0	0
IS	112	0	0	0	0
IS	113	0	0	0	0
IS	114	0	0	0	0
IS	115	0	0	0	0
IS	116	0	0	0	0
IS	117	0	0	0	0
IS	118	0	0	0	0
IS	119	0	0	0	0
IS	120	0	0	0	0
IS	121	0	0	0	0
IS	122	0	0	0	0
IS	123	0	0	0	0
IS	124	0	0	0	0
IS	125	0	0	0	0
IS	126	0	0	0	0
IS	127	0	0	0	0
IS	128	0	0	0	0
IS	129	0	0	0	0
IS	130	0	0	0	0
IS	131	0	0	0	0
IS	132	0	0	0	0
IS	133	0	0	0	0
IS	134	0	0	0	0
IS	135	0	0	0	0
IS	136	0	0	0	0
IS	137	0	0	0	0
IS	138	0	0	0	0
IS	139	0	0	0	0
IS	140	0	0	0	0
IS	141	0	0	0	0
IS	142	0	0	0	0
IS	143	0	0	0	0
IS	144	0	0	0	0
IS	145	0	0	0	0
IS	146	0	0	0	0
IS	147	0	0	0	0
IS	148	0	0	0	0
IS	149	0	0	0	0
IS	150	0	0	0	0
IS	151	0	0	0	0
IS	152	0	0	0	0
IS	153	0	0	0	0
IS	154	0	0	0	0
IS	155	0	0	0	0
IS	156	0	0	0	0
IS	157	0	0	0	0
IS	158	0	0	0	0
IS	159	0	0	0	0
IS	160	0	0	0	0
IS	161	0	0	0	0
IS	162	0	0	0	0
IS	163	0	0	0	0
IS	164	0	0	0	0
IS	165	0	0	0	0
IS	166	0	0	0	0
IS	167	0	0	0	0
IS	168	0	0	0	0
IS	169	0	0	0	0
IS	170	0	0	0	0
IS	171	0	0	0	0
IS	172	0	0	0	0
IS	173	0	0	0	0
IS	174	0	0	0	0
IS	175	0	0	0	0
IS	176	0	0	0	0
IS	177	0	0	0	0
IS	178	0	0	0	0
IS	179	0	0	0	0
IS	180	0	0	0	0
IS	181	0	0	0	0
IS	182	0	0	0	0
IS	183	0	0	0	0
IS	184	1	1	0	0
IS	185	0	0	0	0
IS	186	0	0	0	0
IS	187	0	0	0	0
IS	188	0	0	0	0
IS	189	0	0	0	0
IS	190	0	0	0	0
IS	191	0	0	0	0
IS	192	0	0	0	0
IS	193	0	0	0	0
IS	194	0	0	0	0
IS	195	0	0	0	0
IS	196	0	0	0	0
IS	197	0	0	0	0
IS	198	0	0	0	0
IS	199	0	0	0	0
IS	200	1	1	0	0
IS	201	0	0	0	0
IS	202	0	0	0	0
IS	203	0	0	0	0
IS	204	0	0	0	0
IS	205	0	0	0	0
IS	206	0	0	0	0
IS	207	0	0	0	0
IS	208	0	0	0	0
IS	209	0	0	0	0
IS	210	0	0	0	0
IS	211	0	0	0	0
IS	212	0	0	0	0
IS	213	0	0	0	0
IS	214	0	0	0	0
IS	215	0	0	0	0
IS	216	0	0	0	0
IS	217	0	0	0	0
IS	218	0	0	0	0
IS	219	0	0	0	0
IS	220	0	0	0	0
IS	221	0	0	0	0
IS	222	0	0	0	0
IS	223	0	0	0	0
IS	224	0	0	0	0
IS	225	0	0	0	0
IS	226	0	0	0	0
IS	227	0	0	0	0
IS	228	0	0	0	0
IS	229	0	0	0	0
IS	230	0	0	0	0
IS	231	0	0	0	0
IS	232	0	0	0	0
IS	233	1	1	0	0
IS	234	0	0	0	0
IS	235	0	0	0	0
IS	236	0	0	0	0
IS	237	0	0	0	0
IS	238	0	0	0	0
IS	239	0	0	0	0
IS	240	0	0	0	0
IS	241	0	0	0	0
IS	242	0	0	0	0
IS	243	0	0	0	0
IS	244	1	1	0	0
IS	245	0	0	0	0
IS	246	0	0	0	0
IS	247	1	1	0	0
IS	248	0	0	0	0
IS	249	0	0	0	0
IS	250	0	0	0	0
IS	251	0	0	0	0
IS	252	0	0	0	0
IS	253	0	0	0	0
IS	254	0	0	0	0
IS	255	0	0	0	0
IS	256	0	0	0	0
IS	257	0	0	0	0
IS	258	0	0	0	0
IS	259	0	0	0	0
IS	260	0	0	0	0
IS	261	0	0	0	0
IS	262	0	0	0	0
IS	263	0	0	0	0
IS	264	0	0	0	0
IS	265	0	0	0	0
IS	266	0	0	0	0
IS	267	1	1	0	0
IS	268	0	0	0	0
IS	269	0	0	0	0
IS	270	0	0	0	0
IS	271	1	1	0	0
IS	272	1	1	0	0
IS	273	0	0	0	0
IS	274	0	0	0	0
IS	275	0	0	0	0
IS	276	0	0	0	0
IS	277	0	0	0	0
IS	278	0	0	0	0
IS	279	0	0	0	0
IS	280	0	0	0	0
IS	281	0	0	0	0
IS	282	0	0	0	0
IS	283	0	0	0	0
IS	284	0	0	0	0
IS	285	0	0	0	0
IS	286	1	1	0	0
IS	287	0	0	0	0
IS	288	0	0	0	0
IS	289	0	0	0	0
IS	290	0	0	0	0
IS	291	0	0	0	0
IS	292	0	0	0	0
IS	293	0	0	0	0
IS	294	1	1	0	0
IS	295	1	1	0	0
IS	296	0	0	0	0
IS	297	0	0	0	0
IS	298	0	0	0	0
IS	299	0	0	0	0
IS	300	0	0	0	0
IS	301	0	0	0	0
IS	302	1	1	0	0
IS	303	1	1	0	0
IS	304	0	0	0	0
IS	305	0	0	0	0
IS	306	0	0	0	0
IS	307	0	0	0	0
IS	308	1	1	0	0
IS	309	0	0	0	0
IS	310	0	0	0	0
IS	311	0	0	0	0
IS	312	0	0	0	0
IS	313	0	0	0	0
IS	314	0	0	0	0
IS	315	0	0	0	0
IS	316	0	0	0	0
IS	317	1	1	0	0
IS	318	0	0	0	0
IS	319	0	0	0	0
IS	320	0	0	0	0
IS	321	0	0	0	0
IS	322	0	0	0	0
IS	323	1	1	0	0
IS	324	0	0	0	0
IS	325	0	0	0	0
IS	326	0	0	0	0
IS	327	0	0	0	0
IS	328	0	0	0	0
IS	329	0	0	0	0
IS	330	0	0	0	0
IS	331	0	0	0	0
IS	332	0	0	0	0
IS	333	0	0	0	0
IS	334	0	0	0	0
IS	335	0	0	0	0
IS	336	0	0	0	0
IS	337	0	0	0	0
IS	338	0	0	0	0
IS	339	0	0	0	0
IS	340	0	0	0	0
IS	341	0	0	0	0
IS	342	0	0	0	0
IS	343	0	0	0	0
IS	344	0	0	0	0
IS	345	0	0	0	0
IS	346	0	0	0	0
IS	347	0	0	0	0
IS	348	0	0	0	0
IS	349	0	0	0	0
IS	350	0	0	0	0
IS	351	0	0	0	0
IS	352	0	0	0	0
IS	353	0	0	0	0
IS	354	0	0	0	0
IS	355	0	0	0	0
IS	356	0	0	0	0
IS	357	0	0	0	0
IS	358	1	1	0	0
IS	359	0	0	0	0
IS	360	0	0	0	0
IS	361	0	0	0	0
IS	362	0	0	0	0
IS	363	0	0	0	0
IS	364	0	0	0	0
IS	365	0	0	0	0
IS	366	0	0	0	0
IS	367	0	0	0	0
IS	368	0	0	0	0
IS	369	0	0	0	0
IS	370	0	0	0	0
IS	371	0	0	0	0
IS	372	0	0	0	0
IS	373	0	0	0	0
IS	374	0	0	0	0
IS	375	0	0	0	0
IS	376	0	0	0	0
IS	377	0	0	0	0
IS	378	0	0	0	0
IS	379	0	0	0	0
IS	380	0	0	0	0
IS	381	0	0	0	0
IS	382	0	0	0	0
IS	383	0	0	0	0
IS	384	0	0	0	0
IS	385	0	0	0	0
IS	386	0	0	0	0
IS	387	0	0	0	0
IS	388	0	0	0	0
IS	389	0	0	0	0
IS	390	0	0	0	0
IS	391	0	0	0	0
IS	392	0	0	0	0
IS	393	0	0	0	0
IS	394	0	0	0	0
IS	395	0	0	0	0
IS	396	0	0	0	0
IS	397	0	0	0	0
IS	398	0	0	0	0
IS	399	0	0	0	0
IS	400	0	0	0	0
IS	401	0	0	0	0
IS	402	0	0	0	0
IS	403	0	0	0	0
IS	404	1	1	0	0
IS	405	0	0	0	0
IS	406	0	0	0	0
IS	407	0	0	0	0
IS	408	0	0	0	0
IS	409	0	0	0	0
IS	410	0	0	0	0
IS	411	0	0	0	0
IS	412	0	0	0	0
IS	413	0	0	0	0
IS	414	0	0	0	0
IS	415	0	0	0	0
IS	416	0	0	0	0
IS	417	1	1	0	0
IS	418	0	0	0	0
IS	419	0	0	0	0
IS	420	0	0	0	0
IS	421	0	0	0	0
IS	422	0	0	0	0
IS	423	0	0	0	0
IS	424	0	0	0	0
IS	425	0	0	0	0
IS	426	0	0	0	0
IS	427	0	0	0	0
IS	428	0	0	0	0
IS	429	0	0	0	0
IS	430	0	0	0	0
IS	431	0	0	0	0
IS	432	1	1	0	0
IS	433	0	0	0	0
IS	434	0	0	0	0
IS	435	0	0	0	0
IS	436	0	0	0	0
IS	437	0	0	0	0
IS	438	0	0	0	0
IS	439	0	0	0	0
IS	440	0	0	0	0
IS	441	0	0	0	0
IS	442	0	0	0	0
IS	443	0	0	0	0
IS	444	0	0	0	0
IS	445	0	0	0	0
IS	446	0	0	0	0
IS	447	0	0	0	0
IS	448	0	0	0	0
IS	449	0	0	0	0
IS	450	1	1	0	0
IS	451	0	0	0	0
IS	452	0	0	0	0
IS	453	0	0	0	0
IS	454	0	0	0	0
IS	455	0	0	0	0
IS	456	0	0	0	0
IS	457	0	0	0	0
IS	458	0	0	0	0
IS	459	0	0	0	0
IS	460	0	0	0	0
IS	461	1	1	0	0
IS	462	0	0	0	0
IS	463	0	0	0	0
IS	464	1	1	0	0
# Read lengths. Use `grep ^RL | cut -f 2-` to extract this part. The columns are: read length, count
RL	100	1
RL	147	1
RL	148	6
RL	149	5
RL	150	24
RL	151	102
# Read lengths - first fragments. Use `grep ^FRL | cut -f 2-` to extract this part. The columns are: read length, count
FRL	100	1
FRL	148	4
FRL	149	5
FRL	150	21
FRL	151	84
# Read lengths - last fragments. Use `grep ^LRL | cut -f 2-` to extract this part. The columns are: read length, count
LRL	147	1
LRL	148	2
LRL	150	3
LRL	151	18
# Mapping qualities for reads !(UNMAP|SECOND|SUPPL|QCFAIL|DUP). Use `grep ^MAPQ | cut -f 2-` to extract this part. The columns are: mapq, count
MAPQ	0	2
MAPQ	1	4
MAPQ	255	133
# Indel distribution. Use `grep ^ID | cut -f 2-` to extract this part. The columns are: length, number of insertions, number of deletions
ID	1	4	3
# Indels per cycle. Use `grep ^IC | cut -f 2-` to extract this part. The columns are: cycle, number of insertions (fwd), .. (rev) , number of deletions (fwd), .. (rev)
IC	10	1	0	0	0
IC	69	1	0	0	0
IC	87	0	1	0	0
IC	91	0	0	0	1
IC	95	0	0	1	0
IC	96	0	0	1	0
IC	97	1	0	0	0
# Coverage distribution. Use `grep ^COV | cut -f 2-` to extract this part.
COV	[1-1]	1	19846
COV	[2-2]	2	516
# GC-depth. Use `grep ^GCD | cut -f 2-` to extract this part. The columns are: GC%, unique sequence percentiles, 10th, 25th, 50th, 75th and 90th depth percentile
GCD	0.0	2.985	0.000	0.000	0.000	0.000	0.000
GCD	0.3	4.478	0.008	0.008	0.008	0.008	0.008
GCD	22.0	5.970	0.008	0.008	0.008	0.008	0.008
GCD	25.0	7.463	0.015	0.015	0.015	0.015	0.015
GCD	27.0	10.448	0.008	0.008	0.011	0.015	0.015
GCD	28.0	13.433	0.008	0.008	0.011	0.015	0.015
GCD	29.0	16.418	0.008	0.008	0.011	0.015	0.015
GCD	30.0	20.896	0.008	0.008	0.008	0.015	0.015
GCD	31.0	26.866	0.008	0.009	0.015	0.026	0.030
GCD	32.0	40.299	0.008	0.015	0.023	0.034	0.038
GCD	33.0	47.761	0.008	0.008	0.008	0.019	0.023
GCD	34.0	58.209	0.008	0.015	0.015	0.038	0.038
GCD	35.0	61.194	0.015	0.015	0.026	0.038	0.038
GCD	36.0	65.672	0.008	0.008	0.008	0.038	0.038
GCD	37.0	73.134	0.008	0.008	0.008	0.015	0.015
GCD	38.0	80.597	0.008	0.008	0.015	0.038	0.045
GCD	39.0	88.060	0.008	0.008	0.008	0.015	0.015
GCD	40.0	89.552	0.015	0.015	0.015	0.015	0.015
GCD	41.0	91.045	0.008	0.008	0.008	0.008	0.008
GCD	42.0	92.537	0.015	0.015	0.015	0.015	0.015
GCD	43.0	94.030	0.015	0.015	0.015	0.015	0.015
GCD	44.0	98.507	0.008	0.008	0.008	0.008	0.008
GCD	51.0	100.000	0.008	0.008	0.008	0.008	0.008
